2 0.5118421 0.3035088 0.0335526 0.0526316
2 0.4212171 0.3248538 0.0332237 0.0520468
2 0.4710526 0.2675439 0.0332237 0.0520468
2 0.4661184 0.275731 0.0332237 0.0520468
2 0.4726974 0.2564327 0.0332237 0.0520468
2 0.4927632 0.2918129 0.0332237 0.0520468
2 0.5004934 0.2766082 0.0332237 0.0520468
2 0.5092105 0.2853801 0.0328947 0.0532164
2 0.4889803 0.2568713 0.0332237 0.0517544
2 0.4819079 0.2883041 0.0332237 0.0520468
2 0.4852796 0.3144737 0.0333882 0.052924
2 0.4741776 0.3011696 0.0332237 0.0520468
2 0.5143092 0.3362573 0.0332237 0.0520468
2 0.5014803 0.3172515 0.0332237 0.0520468
2 0.5203125 0.3138889 0.0333882 0.0540936
2 0.5246711 0.3374269 0.0332237 0.0520468
2 0.5024671 0.3505848 0.0332237 0.0520468
2 0.5371711 0.3517544 0.0332237 0.0520468
2 0.546875 0.3700292 0.0319079 0.0523392
2 0.5435855 0.1733918 0.0319079 0.0508772
2 0.528125 0.2909357 0.0332237 0.0520468
2 0.5378289 0.2789474 0.0332237 0.0520468
2 0.546875 0.2994152 0.0332237 0.0520468
2 0.5605263 0.2637427 0.0332237 0.0520468
2 0.5865132 0.2915205 0.0332237 0.0520468
2 0.5736842 0.3011696 0.0332237 0.0520468
1 0.5590461 0.2856725 0.0332237 0.0520468
2 0.5458882 0.2587719 0.0332237 0.0520468
2 0.5827303 0.3140351 0.0332237 0.0520468
2 0.5789474 0.3304094 0.0332237 0.0520468
2 0.5337171 0.3152047 0.0332237 0.0520468
2 0.6016447 0.3152047 0.0332237 0.0520468
2 0.5916118 0.3087719 0.0332237 0.0520468
2 0.5827303 0.2865497 0.0332237 0.0520468
2 0.609375 0.2602339 0.0332237 0.0520468
2 0.6223684 0.2719298 0.0332237 0.0520468
2 0.6378289 0.2605263 0.0332237 0.0520468
2 0.6185855 0.294152 0.0332237 0.0520468
2 0.6286184 0.3476608 0.0332237 0.0520468
2 0.6314145 0.3233918 0.0332237 0.0520468
2 0.6527961 0.344152 0.0332237 0.0520468
2 0.6473684 0.371345 0.0332237 0.0520468
2 0.6597039 0.4125731 0.0338816 0.0526316
2 0.6409539 0.354386 0.0332237 0.0520468
2 0.5994243 0.2298246 0.0320724 0.0502924
2 0.5960526 0.2637427 0.0319079 0.0508772
0 0.6075658 0.2710526 0.0319079 0.0508772
0 0.6075658 0.2710526 0.0319079 0.0508772
0 0.6075658 0.2710526 0.0319079 0.0508772
0 0.6075658 0.2710526 0.0319079 0.0508772
0 0.6075658 0.2710526 0.0319079 0.0508772
0 0.6075658 0.2710526 0.0319079 0.0508772
0 0.6075658 0.2710526 0.0319079 0.0508772
0 0.6075658 0.2710526 0.0319079 0.0508772
0 0.6075658 0.2710526 0.0319079 0.0508772
0 0.6075658 0.2710526 0.0319079 0.0508772
0 0.6075658 0.2710526 0.0319079 0.0508772
0 0.6075658 0.2710526 0.0319079 0.0508772
0 0.6075658 0.2710526 0.0319079 0.0508772
0 0.6075658 0.2710526 0.0319079 0.0508772
0 0.6075658 0.2710526 0.0319079 0.0508772
0 0.6075658 0.2710526 0.0319079 0.0508772
0 0.6075658 0.2710526 0.0319079 0.0508772
0 0.6075658 0.2710526 0.0319079 0.0508772
0 0.6075658 0.2710526 0.0319079 0.0508772
0 0.6075658 0.2710526 0.0319079 0.0508772
0 0.6075658 0.2710526 0.0319079 0.0508772
0 0.6075658 0.2710526 0.0319079 0.0508772
2 0.596875 0.2561404 0.0319079 0.0508772
2 0.6088816 0.2885965 0.0319079 0.051462
2 0.6152961 0.2230994 0.0319079 0.0502924
2 0.6077303 0.2406433 0.0319079 0.0508772
2 0.5717105 0.2482456 0.0319079 0.0508772
2 0.5702303 0.224269 0.0319079 0.0508772
2 0.5819079 0.222807 0.0319079 0.0508772
2 0.5769737 0.1900585 0.0319079 0.0508772
2 0.5731908 0.2703216 0.0319079 0.05
2 0.5537829 0.2368421 0.0319079 0.0508772
1 0.5694079 0.2321637 0.03125 0.051462
2 0.5537829 0.2081871 0.0319079 0.0508772
1 0.5440789 0.2024854 0.0322368 0.0505848
2 0.5351974 0.2374269 0.0319079 0.0508772
2 0.5463816 0.2312865 0.0319079 0.0508772
2 0.5296053 0.2491228 0.0319079 0.0508772
2 0.5149671 0.2479532 0.0319079 0.0520468
2 0.5042763 0.2263158 0.0319079 0.0508772
2 0.5125 0.2415205 0.0319079 0.0508772
2 0.5258224 0.2138889 0.0319079 0.05
2 0.510773 0.2140351 0.0314145 0.0508772
2 0.4930921 0.1856725 0.0319079 0.0508772
2 0.4828947 0.228655 0.0319079 0.0508772
2 0.4651316 0.2412281 0.0319079 0.0508772
2 0.4753289 0.2125731 0.0319079 0.0508772
1 0.457977 0.1744152 0.0317434 0.05
2 0.4595395 0.1900585 0.0319079 0.0508772
2 0.4644737 0.2137427 0.0319079 0.0508772
2 0.4825658 0.1747076 0.03125 0.05
2 0.5110197 0.1883041 0.0319079 0.0508772
2 0.5167763 0.1605263 0.0319079 0.0508772
1 0.5335526 0.1628655 0.0319079 0.0508772
2 0.5262336 0.1821637 0.0330592 0.051462
2 0.4725329 0.15 0.0319079 0.0508772
2 0.56875 0.1508772 0.0319079 0.0508772
2 0.5832237 0.1666667 0.0319079 0.0508772
2 0.6490132 0.0836257 0.0319079 0.0508772
2 0.5644737 0.1769006 0.0319079 0.0508772
2 0.5542763 0.1807018 0.0319079 0.0508772
2 0.5899671 0.121345 0.0319079 0.0508772
1 0.7236842 0.1638889 0.0319079 0.052924
2 0.6041118 0.1447368 0.0319079 0.0508772
2 0.5452303 0.1128655 0.0319079 0.0508772
2 0.5666118 0.1295322 0.0319079 0.0508772
2 0.4256579 0.1678363 0.0315789 0.0526316
2 0.4602796 0.1450292 0.0314145 0.0502924
3 0.4748355 0.1342105 0.0319079 0.0508772
1 0.498273 0.4532164 0.0330592 0.0502924
2 0.4899671 0.1593567 0.0319079 0.0508772
2 0.4496711 0.1596491 0.0319079 0.0508772
2 0.4384868 0.1593567 0.0319079 0.0508772
2 0.4490132 0.1394737 0.0319079 0.0508772
2 0.4399671 0.1070175 0.0319079 0.0508772
2 0.4009868 0.1187135 0.0319079 0.0508772
2 0.4083882 0.1678363 0.0319079 0.0508772
2 0.4208882 0.1175439 0.0319079 0.0508772
2 0.4350329 0.1894737 0.0319079 0.0508772
2 0.4445724 0.1853801 0.0319079 0.0508772
2 0.4299342 0.2277778 0.0319079 0.0508772
2 0.4434211 0.2102339 0.0319079 0.0508772
2 0.4442434 0.2350877 0.0319079 0.0508772
2 0.4394737 0.2681287 0.0319079 0.0508772
2 0.4034539 0.224269 0.0319079 0.0508772
2 0.3922697 0.2666667 0.0319079 0.0508772
2 0.3761513 0.2064327 0.0319079 0.0508772
1 0.2957237 0.2885965 0.0319079 0.0508772
2 0.3699013 0.2181287 0.0319079 0.0508772
2 0.3766447 0.1833333 0.0319079 0.0508772
1 0.3901316 0.1947368 0.0319079 0.0508772
2 0.4194079 0.2666667 0.03125 0.0508772
2 0.4184211 0.2426901 0.0319079 0.0508772
2 0.4008224 0.2473684 0.0319079 0.0508772
2 0.4072368 0.3080409 0.0319079 0.0511696
2 0.3851974 0.3377193 0.0319079 0.0508772
2 0.3828947 0.2897661 0.0319079 0.0508772
2 0.3758224 0.3023392 0.0319079 0.0508772
2 0.3996711 0.3435673 0.0319079 0.0508772
2 0.3784539 0.3602339 0.0319079 0.0508772
2 0.3929276 0.3754386 0.0319079 0.0508772
2 0.4116776 0.3657895 0.0319079 0.0508772
2 0.4799342 0.4078947 0.0319079 0.0508772
2 0.4082237 0.3251462 0.0319079 0.0508772
2 0.4284539 0.3614035 0.0319079 0.0508772
2 0.4949013 0.4207602 0.0319079 0.0508772
2 0.5251645 0.4064327 0.0319079 0.0508772
2 0.5064145 0.404386 0.0319079 0.0508772
2 0.5087171 0.3830409 0.0319079 0.0508772
2 0.5534539 0.4081871 0.0319079 0.0508772
2 0.5231908 0.3804094 0.0319079 0.0508772
2 0.2985197 0.4473684 0.0319079 0.0508772
2 0.5311678 0.4274854 0.0314145 0.0508772
2 0.5430921 0.4364035 0.0319079 0.0517544
2 0.5172697 0.4672515 0.0319079 0.0508772
2 0.5325658 0.4614035 0.0319079 0.0508772
2 0.5391447 0.3935673 0.0319079 0.0508772
0 0.495477 0.4681287 0.0314145 0.0502924
2 0.5282895 0.4979532 0.0319079 0.0508772
2 0.5409539 0.5073099 0.0319079 0.0508772
2 0.5314145 0.5254386 0.0319079 0.0508772
2 0.4748355 0.5263158 0.0319079 0.0508772
2 0.5200658 0.4766082 0.0319079 0.0508772
1 0.5128289 0.4763158 0.0319079 0.0508772
1 0.4960526 0.494152 0.0319079 0.0508772
1 0.4741776 0.4874269 0.0319079 0.0508772
2 0.4598684 0.4774854 0.0319079 0.0508772
3 0.4116776 0.4538012 0.0319079 0.0508772
2 0.4243421 0.4380117 0.0315789 0.0508772
2 0.4427632 0.4254386 0.0319079 0.0508772
2 0.4445724 0.4004386 0.03125 0.0505848
2 0.4115132 0.4049708 0.0319079 0.0508772
2 0.3953947 0.4076023 0.0315789 0.0508772
2 0.4052632 0.3865497 0.0319079 0.0508772
2 0.3598684 0.394152 0.0319079 0.0508772
2 0.3702303 0.4017544 0.0319079 0.0508772
0 0.3563322 0.4643275 0.0314145 0.0508772
2 0.3983553 0.4334795 0.0319079 0.0511696
2 0.4208882 0.4804094 0.0319079 0.0508772
2 0.4067434 0.4830409 0.0319079 0.0508772
2 0.3484375 0.4255848 0.0317434 0.0488304
2 0.3557566 0.4266082 0.0319079 0.0508772
2 0.3389803 0.4207602 0.0319079 0.0508772
2 0.3680921 0.4467836 0.0319079 0.0508772
2 0.3549342 0.455848 0.0319079 0.0508772
2 0.3808388 0.4409357 0.0324013 0.0502924
2 0.4210526 0.5105263 0.0319079 0.0508772
2 0.4404605 0.4894737 0.0319079 0.0508772
2 0.4297697 0.5090643 0.0319079 0.0508772
2 0.2777961 0.4877193 0.0315789 0.0502924
2 0.3583882 0.5 0.0319079 0.0508772
2 0.3180921 0.4792398 0.0319079 0.0508772
2 0.3311678 0.5064327 0.0317434 0.0508772
2 0.3439967 0.5247076 0.0320724 0.0552632
2 0.3467105 0.4809942 0.0319079 0.0508772
2 0.3171875 0.5162281 0.0317434 0.0505848
2 0.309375 0.5333333 0.0315789 0.0520468
1 0.2975329 0.5166667 0.0319079 0.0508772
2 0.3212171 0.3885965 0.0319079 0.0508772
2 0.3527961 0.3418129 0.0319079 0.0508772
2 0.3116776 0.4154971 0.0319079 0.0508772
2 0.3707237 0.5178363 0.0319079 0.0508772
2 0.3831414 0.5204678 0.0317434 0.0491228
1 0.3565789 0.5298246 0.0315789 0.0508772
2 0.3815789 0.5444444 0.0319079 0.0508772
2 0.7098684 0.5739766 0.0319079 0.0508772
3 0.3472039 0.580117 0.0319079 0.0508772
3 0.2893092 0.5967836 0.0319079 0.0508772
2 0.3421053 0.5725146 0.0319079 0.0508772
2 0.3074013 0.6119883 0.0319079 0.0508772
1 0.3078947 0.5912281 0.0319079 0.0508772
2 0.3212171 0.5926901 0.0319079 0.0508772
2 0.3470395 0.4950292 0.0319079 0.0508772
2 0.5100329 0.5599415 0.0319079 0.0508772
2 0.5251645 0.5573099 0.0319079 0.0508772
2 0.5180921 0.5663743 0.0319079 0.0508772
2 0.5368421 0.5599415 0.0319079 0.0508772
2 0.5292763 0.5824561 0.0319079 0.0508772
2 0.5491776 0.580117 0.0319079 0.0508772
2 0.559375 0.5883041 0.0319079 0.0508772
2 0.5703947 0.6055556 0.0319079 0.0508772
2 0.5756579 0.5783626 0.0319079 0.0508772
2 0.5646382 0.495614 0.0319079 0.0508772
1 0.5620066 0.4616959 0.0319079 0.0508772
2 0.5415296 0.5923977 0.0324013 0.0508772
2 0.59375 0.519883 0.0319079 0.0508772
2 0.6205592 0.5160819 0.0319079 0.0508772
1 0.5898026 0.4587719 0.0319079 0.0508772
2 0.6021382 0.5412281 0.0319079 0.0508772
2 0.6682566 0.519883 0.0319079 0.0508772
2 0.6029605 0.4807018 0.0319079 0.0508772
2 0.6383224 0.5295322 0.0319079 0.0508772
2 0.6277138 0.5428363 0.0320724 0.05
2 0.6324013 0.5997076 0.0319079 0.0508772
2 0.6317434 0.5722222 0.0319079 0.0508772
2 0.6486842 0.5707602 0.0319079 0.0508772
2 0.6929276 0.5652047 0.0319079 0.0508772
2 0.6416118 0.5035088 0.0319079 0.0508772
2 0.7069079 0.375731 0.0319079 0.0508772
2 0.5256579 0.4428363 0.0319079 0.0523392
2 0.6424342 0.4230994 0.0319079 0.0508772
2 0.6570724 0.4649123 0.0319079 0.0508772
2 0.6412829 0.4498538 0.0319079 0.0511696
2 0.6367599 0.4782164 0.0324013 0.05
2 0.6626645 0.4809942 0.0319079 0.0508772
2 0.4261513 0.101462 0.0319079 0.0508772
2 0.6909539 0.3812865 0.0319079 0.0508772
2 0.6957237 0.3608187 0.0319079 0.0508772
2 0.6957237 0.4236842 0.0319079 0.0508772
2 0.7105263 0.3988304 0.0319079 0.0508772
2 0.6891447 0.4084795 0.0319079 0.0508772
2 0.7264803 0.3599415 0.0319079 0.0508772
2 0.7126645 0.3695906 0.0319079 0.0508772
2 0.7404605 0.3754386 0.0319079 0.0508772
2 0.7309211 0.3570175 0.0319079 0.0508772
2 0.7496711 0.3953216 0.0325658 0.0508772
1 0.7957237 0.3356725 0.0319079 0.0508772
2 0.7549342 0.3657895 0.0319079 0.0508772
2 0.7672697 0.397076 0.0319079 0.0508772
2 0.7588816 0.3345029 0.0319079 0.0508772
2 0.7484375 0.3461988 0.0320724 0.0502924
2 0.75625 0.3508772 0.0319079 0.0508772
1 0.7233553 0.3140351 0.0319079 0.0508772
1 0.7935033 0.3614035 0.0327303 0.0502924
2 0.6581414 0.3194444 0.0314145 0.05
2 0.7105263 0.3280702 0.0319079 0.0508772
2 0.7021382 0.3008772 0.0319079 0.0508772
2 0.6883224 0.2915205 0.0319079 0.0497076
1 0.6853618 0.3669591 0.0319079 0.0508772
1 0.6958882 0.3423977 0.0319079 0.0508772
2 0.7065789 0.2760234 0.0319079 0.0508772
2 0.7179276 0.2777778 0.0319079 0.0508772
2 0.6921053 0.2356725 0.0319079 0.0508772
1 0.7019737 0.2192982 0.0319079 0.0508772
2 0.6863487 0.1938596 0.0319079 0.0508772
2 0.6659539 0.2245614 0.0319079 0.0508772
2 0.6712171 0.2105263 0.0319079 0.0508772
2 0.6503289 0.2175439 0.0319079 0.0508772
2 0.6839638 0.1233918 0.0320724 0.0497076
2 0.6348684 0.2068713 0.0315789 0.0517544
2 0.6383224 0.2277778 0.0319079 0.0508772
2 0.6393092 0.1748538 0.0319079 0.0508772
2 0.6228618 0.1988304 0.0319079 0.0508772
2 0.6203947 0.1915205 0.0319079 0.0508772
2 0.6092105 0.1766082 0.0319079 0.0508772
2 0.6794408 0.1577485 0.0335526 0.0570175
2 0.6583882 0.1725146 0.0319079 0.051462
2 0.6588816 0.1251462 0.0319079 0.0508772
2 0.6671053 0.1717836 0.0319079 0.0517544
2 0.6369243 0.1891813 0.0320724 0.0520468
2 0.6506579 0.2 0.0319079 0.0508772
2 0.625 0.1586257 0.0302632 0.05
2 0.5875822 0.1501462 0.0320724 0.0523392
2 0.5228618 0.0814327 0.0319079 0.0517544
2 0.5472039 0.097807 0.0371711 0.0505848
1 0.56875 0.0459064 0.0319079 0.0508772
2 0.5950658 0.0421053 0.0319079 0.0508772
2 0.5226151 0.1165205 0.0327303 0.0494152
2 0.5856086 0.0476608 0.0320724 0.0508772
2 0.5575658 0.0877193 0.0319079 0.0508772
2 0.5333882 0.0763158 0.0319079 0.0508772
2 0.4416118 0.0538012 0.0319079 0.0508772
2 0.4634046 0.0520468 0.0324013 0.0497076
1 0.3976974 0.0614035 0.0319079 0.0508772
2 0.4246711 0.0657895 0.0319079 0.0508772
1 0.3690789 0.2383041 0.0319079 0.0508772
2 0.4335526 0.2488304 0.0319079 0.0508772
2 0.3625 0.2584795 0.0319079 0.0508772
1 0.3453947 0.2312865 0.0319079 0.0508772
1 0.3567434 0.2716374 0.0319079 0.0508772
2 0.3570724 0.3002924 0.0319079 0.0508772
2 0.3827303 0.3125731 0.0319079 0.0508772
1 0.31875 0.3052632 0.0319079 0.0508772
2 0.3394737 0.2894737 0.0319079 0.0508772
1 0.3319079 0.3239766 0.0319079 0.0508772
1 0.3189145 0.2479532 0.0319079 0.0508772
2 0.2902961 0.2160819 0.0319079 0.0508772
2 0.2684211 0.2654971 0.0319079 0.0508772
1 0.3757401 0.1178363 0.0324013 0.0508772
3 0.2692434 0.2304094 0.0319079 0.0508772
1 0.2991776 0.1371345 0.0319079 0.0508772
2 0.3034539 0.1915205 0.0319079 0.0508772
2 0.3899671 0.1789474 0.0319079 0.0508772
2 0.2434211 0.2270468 0.0319079 0.052924
0 0.2860197 0.3005848 0.0319079 0.0508772
2 0.3615132 0.1450292 0.0319079 0.0508772
2 0.3993421 0.1020468 0.0319079 0.0491228
2 0.4023026 0.1429825 0.0319079 0.0508772
2 0.4095395 0.1754386 0.0322368 0.0508772
2 0.3625822 0.1836257 0.0314145 0.0491228
2 0.3881579 0.2336257 0.0319079 0.0508772
1 0.3963816 0.2134503 0.0315789 0.0479532
2 0.3504934 0.6105263 0.0319079 0.0508772
2 0.3498355 0.6576023 0.0319079 0.0508772
2 0.3328947 0.6084795 0.0315789 0.0532164
2 0.3375 0.6251462 0.0319079 0.0508772
2 0.3276316 0.6204678 0.0319079 0.0508772
1 0.2898849 0.6403509 0.0317434 0.0508772
2 0.3271382 0.6505848 0.0319079 0.0508772
1 0.29375 0.6138889 0.0319079 0.0505848
0 0.3578947 0.6646199 0.0319079 0.0508772
2 0.2715461 0.5377193 0.0319079 0.0508772
2 0.3074013 0.5404971 0.0319079 0.0505848
2 0.260773 0.5409357 0.0320724 0.0520468
2 0.2995066 0.5548246 0.0319079 0.0511696
1 0.3152961 0.5652047 0.0322368 0.0508772
2 0.3241776 0.5605263 0.0319079 0.0508772
2 0.2547697 0.5695906 0.0322368 0.051462
2 0.2603618 0.5467836 0.0319079 0.0508772
2 0.2493421 0.5476608 0.0319079 0.0508772
1 0.2197368 0.5839181 0.0319079 0.0508772
1 0.2807566 0.5289474 0.0319079 0.0508772
2 0.2761513 0.6403509 0.0319079 0.0508772
1 0.2027961 0.4903509 0.0319079 0.0508772
1 0.1927632 0.5254386 0.0319079 0.0508772
1 0.2991776 0.6309942 0.0319079 0.0508772
1 0.2444079 0.6725146 0.0319079 0.0508772
0 0.3623355 0.6845029 0.0319079 0.0508772
1 0.4421875 0.6710526 0.0324013 0.0520468
1 0.4610197 0.6584795 0.0319079 0.0508772
1 0.3976974 0.6377193 0.0319079 0.0508772
1 0.4236842 0.604386 0.0319079 0.0508772
1 0.3991776 0.6883041 0.0319079 0.0502924
1 0.4208882 0.0182749 0.0325658 0.0359649
2 0.4490954 0.0102339 0.0324013 0.019883
2 0.4407895 0.0298246 0.0319079 0.0508772
1 0.465625 0.0185673 0.0319079 0.0365497
2 0.4585526 0.0321637 0.0319079 0.0508772
2 0.3769737 0.074269 0.0319079 0.0508772
2 0.4763158 0.0450292 0.0319079 0.0508772
2 0.3947368 0.0994152 0.0319079 0.0508772
2 0.3499178 0.0327485 0.0317434 0.0508772
2 0.3164474 0.1953216 0.0319079 0.0508772
2 0.3498355 0.0979532 0.0319079 0.0508772
1 0.2695724 0.2081871 0.0319079 0.0508772
2 0.3434211 0.0878655 0.0319079 0.0523392
2 0.3450658 0.130117 0.0319079 0.0508772
2 0.3575658 0.0586257 0.0315789 0.0494152
1 0.2809211 0.298538 0.0319079 0.0508772
1 0.2019737 0.25 0.0319079 0.0508772
2 0.1970395 0.2684211 0.0289474 0.0508772
1 0.2169408 0.3377193 0.0319079 0.0508772
2 0.2072368 0.3169591 0.0319079 0.0508772
2 0.2077303 0.3391813 0.0319079 0.0502924
1 0.1294408 0.7118421 0.0319079 0.0511696
2 0.1835526 0.3535088 0.0319079 0.0508772
2 0.1944079 0.3210526 0.0319079 0.0508772
2 0.1833882 0.2833333 0.0319079 0.0508772
2 0.1582237 0.3166667 0.0319079 0.0508772
2 0.1542763 0.2789474 0.0319079 0.0508772
2 0.1672697 0.3913743 0.0315789 0.0505848
1 0.1452303 0.2567251 0.0315789 0.0508772
1 0.1578947 0.2634503 0.0319079 0.0508772
1 0.3231908 0.4628655 0.0319079 0.0508772
2 0.2462171 0.298538 0.0319079 0.0508772
1 0.2300987 0.2681287 0.0319079 0.0508772
2 0.2462993 0.2690058 0.0317434 0.0508772
2 0.2643092 0.2891813 0.0319079 0.0508772
2 0.2549342 0.2577485 0.0319079 0.0511696
2 0.2585526 0.3122807 0.0319079 0.0508772
2 0.2567434 0.3292398 0.0319079 0.0508772
1 0.2709704 0.3127193 0.0317434 0.0517544
2 0.2730263 0.3318713 0.0319079 0.0508772
0 0.2610197 0.3394737 0.0319079 0.0508772
2 0.2702303 0.3324561 0.0319079 0.0508772
0 0.2452303 0.3230994 0.0319079 0.0508772
1 0.2108553 0.2593567 0.0319079 0.0508772
1 0.3039474 0.3169591 0.0319079 0.0508772
2 0.2985197 0.3459064 0.0319079 0.0508772
1 0.2930921 0.3324561 0.0319079 0.0508772
2 0.2883224 0.3657895 0.0319079 0.0508772
2 0.278125 0.3526316 0.0319079 0.0508772
2 0.2622533 0.3672515 0.0320724 0.0508772
2 0.2610197 0.3795322 0.0319079 0.0508772
2 0.2493421 0.3880117 0.0319079 0.0508772
1 0.2361842 0.3769006 0.0319079 0.0508772
2 0.2873355 0.3967836 0.0319079 0.0508772
2 0.3154605 0.3692982 0.0319079 0.0508772
2 0.2967105 0.4055556 0.0319079 0.0508772
2 0.2740132 0.3654971 0.0319079 0.0508772
1 0.2789474 0.4116959 0.0319079 0.0508772
2 0.25625 0.4067251 0.0319079 0.0508772
0 0.2322368 0.4421053 0.0319079 0.0508772
1 0.2467105 0.4342105 0.0319079 0.0508772
1 0.2592105 0.45 0.0325658 0.0526316
1 0.2680921 0.4175439 0.0319079 0.0508772
2 0.3067434 0.4546784 0.0319079 0.0508772
2 0.3199013 0.4236842 0.0319079 0.0508772
2 0.3213816 0.0947368 0.0319079 0.0508772
2 0.3203947 0.0763158 0.0319079 0.0508772
1 0.1680099 0.5103801 0.0297697 0.0505848
2 0.3261513 0.1222222 0.0319079 0.0508772
2 0.2935855 0.1099415 0.0319079 0.0508772
2 0.3108553 0.1350877 0.0319079 0.0508772
2 0.2799342 0.1140351 0.0319079 0.0508772
2 0.2679276 0.1078947 0.0319079 0.0508772
2 0.2785362 0.1426901 0.0307566 0.0467836
2 0.3086349 0.1532164 0.0320724 0.0508772
2 0.2950658 0.1599415 0.0319079 0.0508772
2 0.279523 0.1593567 0.0317434 0.0508772
2 0.2605263 0.1833333 0.0319079 0.0508772
2 0.2518092 0.1377193 0.0319079 0.0508772
2 0.3791118 0.0266082 0.0319079 0.0508772
2 0.3726974 0.0634503 0.0319079 0.0508772
2 0.4057566 0.055848 0.0319079 0.0508772
2 0.5758224 0.0192982 0.0319079 0.0380117
2 0.5735197 0.0368421 0.0322368 0.0502924
1 0.5105263 0.0415205 0.0319079 0.0508772
2 0.5016447 0.0269006 0.0319079 0.0508772
2 0.5090461 0.0652047 0.0319079 0.0508772
2 0.5305921 0.0391813 0.0305921 0.0508772
2 0.5491776 0.0377193 0.0319079 0.0508772
1 0.5526316 0.0730994 0.0319079 0.0508772
2 0.5087171 0.0982456 0.0319079 0.0508772
2 0.4929276 0.0900585 0.0319079 0.0508772
1 0.4827303 0.0828947 0.0309211 0.0517544
2 0.4580592 0.0915205 0.0315789 0.0508772
2 0.5291118 0.1187135 0.0319079 0.0508772
2 0.5360197 0.1119883 0.0319079 0.0508772
2 0.5518914 0.1318713 0.0320724 0.0508772
2 0.5217105 0.1365497 0.0319079 0.0508772
2 0.5023849 0.0821637 0.0324013 0.0520468
2 0.5511513 0.1570175 0.0319079 0.0508772
2 0.6116776 0.0833333 0.0319079 0.0508772
2 0.5723684 0.0961988 0.0319079 0.0508772
2 0.5958882 0.0606725 0.0319079 0.05
2 0.617023 0.0690058 0.0314145 0.0508772
2 0.6442434 0.1032164 0.0319079 0.0508772
2 0.7128289 0.204386 0.0319079 0.051462
1 0.6215461 0.4245614 0.0299342 0.0508772
2 0.6069079 0.3826023 0.0322368 0.05
3 0.5797697 0.3751462 0.0319079 0.0508772
2 0.5621711 0.3932749 0.0319079 0.0508772
2 0.5539474 0.4877193 0.0319079 0.0508772
2 0.5629934 0.4195906 0.0319079 0.0508772
2 0.4786184 0.6897661 0.0319079 0.0508772
0 0.5769737 0.6302632 0.0319079 0.0517544
2 0.5036184 0.702924 0.0319079 0.0508772
2 0.5106908 0.6634503 0.0319079 0.0508772
1 0.4279605 0.7131579 0.0319079 0.0508772
1 0.4248355 0.7494152 0.0319079 0.0508772
1 0.39375 0.7622807 0.0319079 0.0508772
2 0.4342105 0.7809942 0.0325658 0.0502924
1 0.4430921 0.7552632 0.0319079 0.0508772
1 0.4651316 0.7774854 0.0319079 0.0508772
1 0.4697368 0.7321637 0.0319079 0.0508772
1 0.4838816 0.7368421 0.0319079 0.0508772
2 0.4648026 0.9201754 0.0319079 0.0508772
1 0.4462171 0.8274854 0.0319079 0.0508772
0 0.4842105 0.6614035 0.0319079 0.0508772
0 0.4861842 0.7647661 0.0319079 0.0511696
0 0.6042763 0.822807 0.0319079 0.0508772
1 0.5748355 0.8859649 0.0319079 0.0508772
1 0.5368421 0.9725146 0.0319079 0.0508772
1 0.5751645 0.947076 0.0319079 0.0508772
1 0.5139803 0.9476608 0.0319079 0.051462
2 0.4449836 0.9517544 0.0310855 0.0502924
2 0.4266447 0.9273392 0.0319079 0.0494152
2 0.4327303 0.9581871 0.0319079 0.0508772
1 0.4585526 0.9532164 0.0319079 0.0508772
0 0.5108553 0.9447368 0.0319079 0.0508772
1 0.4791118 0.969883 0.0319079 0.0508772
1 0.4731086 0.8641813 0.0317434 0.0523392
1 0.4328947 0.8926901 0.0319079 0.0508772
1 0.4907895 0.3324561 0.0319079 0.0508772
1 0.4875 0.3532164 0.0319079 0.0508772
1 0.453125 0.394152 0.0319079 0.0508772
2 0.4669408 0.4442982 0.0319079 0.05
2 0.4253289 0.4026316 0.0319079 0.0508772
2 0.4865132 0.4554094 0.0319079 0.0511696
2 0.5065789 0.4333333 0.0319079 0.0508772
2 0.446875 0.4634503 0.0319079 0.0508772
2 0.4450658 0.4482456 0.0319079 0.0508772
2 0.4315789 0.3388889 0.0319079 0.0508772
2 0.4223684 0.2926901 0.0319079 0.0508772
2 0.4463816 0.3356725 0.0319079 0.0508772
1 0.4953947 0.6345029 0.0319079 0.0508772
2 0.5115132 0.6172515 0.0319079 0.0508772
2 0.528125 0.6055556 0.0319079 0.0508772
2 0.5568257 0.6739766 0.0320724 0.0508772
1 0.5072368 0.5964912 0.0319079 0.0508772
1 0.4981908 0.6137427 0.0319079 0.0508772
1 0.5032895 0.5906433 0.0319079 0.0508772
1 0.4605263 0.6868421 0.0319079 0.0508772
1 0.4391447 0.6991228 0.0319079 0.0508772
1 0.4508224 0.7345029 0.0319079 0.0508772
1 0.4766447 0.7122807 0.0319079 0.0508772
0 0.5087171 0.7839181 0.0319079 0.0508772
1 0.5129934 0.7692982 0.0319079 0.0508772
1 0.3999178 0.722076 0.0317434 0.0511696
1 0.3771382 0.7201754 0.0319079 0.0508772
0 0.3766447 0.7061404 0.0319079 0.0502924
1 0.3495066 0.7078947 0.0319079 0.0508772
1 0.3200658 0.6894737 0.0319079 0.0508772
1 0.4488487 0.7967836 0.0319079 0.0508772
1 0.4539474 0.8239766 0.0319079 0.0508772
1 0.4342105 0.8388889 0.0319079 0.0508772
1 0.4763158 0.870614 0.0319079 0.0517544
1 0.4837171 0.895614 0.0319079 0.0508772
1 0.4483553 0.9128655 0.0319079 0.0508772
1 0.4532895 0.8733918 0.0319079 0.0508772
1 0.4240132 0.9020468 0.0319079 0.0508772
2 0.4412829 0.9377193 0.0319079 0.0508772
1 0.4157895 0.8733918 0.0319079 0.0508772
1 0.4317434 0.8625731 0.0319079 0.0508772
1 0.4125 0.8380117 0.0319079 0.0508772
1 0.3922697 0.8578947 0.0319079 0.0508772
1 0.403125 0.8418129 0.0319079 0.0508772
2 0.4006579 0.8926901 0.0319079 0.0508772
2 0.3998355 0.930117 0.0319079 0.0508772
2 0.4179276 0.9461988 0.0319079 0.0508772
2 0.4029605 0.924269 0.0319079 0.0508772
1 0.6273026 0.9634503 0.0319079 0.0508772
2 0.3828947 0.8564327 0.0319079 0.0508772
2 0.3654605 0.8517544 0.0319079 0.0508772
2 0.3625 0.8312865 0.0319079 0.0508772
2 0.3777961 0.8263158 0.0319079 0.0508772
1 0.3921053 0.8233918 0.0319079 0.0508772
1 0.3672697 0.8868421 0.0319079 0.0508772
2 0.3774671 0.901462 0.0319079 0.0508772
2 0.3565789 0.8722222 0.0319079 0.0508772
2 0.3450658 0.8535088 0.0319079 0.0508772
2 0.3300164 0.8385965 0.0324013 0.0502924
1 0.3554276 0.8149123 0.0319079 0.0508772
1 0.3360197 0.8040936 0.0319079 0.0508772
1 0.3310033 0.8150585 0.0314145 0.0494152
1 0.3174342 0.8336257 0.0319079 0.0508772
1 0.30625 0.8315789 0.0319079 0.0508772
1 0.3092105 0.8038012 0.0319079 0.0508772
2 0.3327303 0.8561404 0.0319079 0.0508772
2 0.3338816 0.8991228 0.0319079 0.0508772
1 0.3483553 0.8769006 0.0319079 0.0508772
1 0.5375822 0.8931287 0.0320724 0.0517544
0 0.5290296 0.8855263 0.0320724 0.0505848
1 0.5235197 0.8833333 0.0319079 0.0508772
0 0.5054276 0.8891813 0.0319079 0.0508772
1 0.5381579 0.9055556 0.0319079 0.0508772
1 0.5536184 0.8365497 0.0319079 0.0508772
1 0.5940789 0.7903509 0.0319079 0.0508772
0 0.6067434 0.9076023 0.0319079 0.0508772
0 0.5941612 0.9052632 0.0333882 0.0508772
1 0.5702303 0.9707602 0.0319079 0.0508772
1 0.6639803 0.9245614 0.0319079 0.051462
1 0.5539474 0.9008772 0.0319079 0.0508772
1 0.5488487 0.9878655 0.0319079 0.0195906
1 0.5386513 0.9204678 0.0319079 0.0508772
1 0.5463816 0.8643275 0.0319079 0.0508772
1 0.4870066 0.8792398 0.0319079 0.0508772
1 0.4713816 0.8464912 0.0319079 0.0508772
1 0.4222039 0.8146199 0.0319079 0.0508772
1 0.4876645 0.7821637 0.0319079 0.0508772
1 0.2860197 0.6944444 0.0319079 0.0508772
1 0.2945724 0.7105263 0.0319079 0.0508772
2 0.2504934 0.7055556 0.0319079 0.0508772
1 0.2853618 0.8128655 0.0319079 0.0508772
1 0.2361842 0.6964912 0.0319079 0.0508772
1 0.2213816 0.7362573 0.0319079 0.0508772
1 0.3036184 0.775731 0.0319079 0.0508772
1 0.3138158 0.7511696 0.0319079 0.0508772
1 0.3019737 0.7339181 0.0319079 0.0508772
1 0.3061678 0.7248538 0.0314145 0.0508772
1 0.3123355 0.7081871 0.0319079 0.0508772
1 0.3375 0.6926901 0.0319079 0.0508772
1 0.3351974 0.7388889 0.0319079 0.0508772
0 0.3539474 0.7222222 0.0319079 0.0508772
1 0.3539474 0.7222222 0.0319079 0.0508772
1 0.2646382 0.6701754 0.0319079 0.0508772
1 0.3440789 0.7605263 0.0319079 0.0508772
1 0.3661184 0.7337719 0.0319079 0.0517544
1 0.4041118 0.7836257 0.0319079 0.0508772
1 0.4375 0.8143275 0.0319079 0.0508772
1 0.44375 0.848538 0.0319079 0.0508772
1 0.3976974 0.8035088 0.0319079 0.0508772
1 0.1705592 0.354386 0.0319079 0.0508772
1 0.2943257 0.8061404 0.0310855 0.0508772
1 0.2942434 0.7812865 0.0319079 0.0508772
1 0.2934211 0.7564327 0.0319079 0.0508772
2 0.2786184 0.7219298 0.0319079 0.0508772
1 0.1011513 0.5429825 0.0319079 0.0508772
1 0.2738487 0.7406433 0.0319079 0.051462
1 0.2550987 0.6935673 0.0319079 0.0508772
1 0.2623355 0.7236842 0.0319079 0.0508772
1 0.2480263 0.7292398 0.0319079 0.0508772
1 0.1970395 0.7336257 0.0319079 0.0508772
1 0.196875 0.7023392 0.0319079 0.0508772
1 0.190625 0.7175439 0.0319079 0.0508772
1 0.2402138 0.7830409 0.0324013 0.0491228
0 0.2766447 0.7654971 0.0319079 0.0508772
1 0.2126645 0.7447368 0.0319079 0.0508772
0 0.2685855 0.822807 0.0319079 0.0508772
1 0.1935855 0.6754386 0.0319079 0.0508772
1 0.1157895 0.644152 0.0319079 0.0508772
1 0.2222039 0.624269 0.0319079 0.0508772
1 0.2453947 0.6418129 0.0319079 0.0508772
1 0.2756579 0.6134503 0.0319079 0.0508772
1 0.2930921 0.6625731 0.0319079 0.0508772
1 0.3055921 0.6809942 0.0319079 0.0508772
1 0.3667763 0.6403509 0.0319079 0.0508772
1 0.3661184 0.6169591 0.0319079 0.0508772
2 0.3363487 0.5954678 0.0319079 0.0517544
2 0.3664474 0.5815789 0.0319079 0.0508772
2 0.3672697 0.5842105 0.0319079 0.0508772
2 0.3858553 0.580117 0.0319079 0.0508772
1 0.3939145 0.5625731 0.0319079 0.0508772
2 0.3791118 0.4932749 0.0319079 0.0508772
2 0.4069079 0.497076 0.0319079 0.0508772
1 0.4074013 0.5883041 0.0319079 0.0508772
1 0.4527961 0.5798246 0.0319079 0.0508772
1 0.4078947 0.6067251 0.0319079 0.0508772
1 0.3815789 0.6011696 0.0319079 0.0508772
1 0.1950658 0.5052632 0.0319079 0.0508772
1 0.2440789 0.5032164 0.0319079 0.0508772
1 0.2501645 0.4809942 0.0319079 0.0508772
2 0.2557566 0.5125731 0.0319079 0.0508772
2 0.2717105 0.471345 0.0319079 0.0508772
2 0.2768092 0.4672515 0.0319079 0.0508772
2 0.2953947 0.4663743 0.0319079 0.0508772
2 0.3123355 0.4868421 0.0319079 0.0508772
2 0.3002467 0.4897661 0.0310855 0.0508772
2 0.2888158 0.5023392 0.0319079 0.0508772
2 0.2213816 0.4578947 0.0319079 0.0508772
2 0.2323191 0.4690058 0.0324013 0.051462
2 0.1794408 0.4190058 0.0319079 0.0508772
1 0.1819079 0.4643275 0.0319079 0.0508772
1 0.2106908 0.4473684 0.0319079 0.0508772
1 0.1935855 0.4745614 0.0319079 0.0508772
1 0.2317434 0.5251462 0.0319079 0.0508772
1 0.2294408 0.4953216 0.0319079 0.0508772
1 0.2014803 0.4605263 0.0319079 0.0508772
1 0.1657072 0.4280702 0.0320724 0.0508772
2 0.1980263 0.3944444 0.0319079 0.0508772
1 0.2223684 0.3605263 0.0319079 0.0508772
1 0.1620066 0.4122807 0.0319079 0.0508772
0 0.1557566 0.3847953 0.0319079 0.0508772
2 0.2993421 0.0782164 0.0322368 0.0517544
2 0.2828947 0.0903509 0.0319079 0.0508772
2 0.3342105 0.071345 0.0319079 0.0502924
2 0.3449013 0.0564327 0.0319079 0.0508772
1 0.3345395 0.0324561 0.0319079 0.0508772
1 0.2936678 0.0869883 0.0317434 0.0505848
2 0.2241776 0.2005848 0.0319079 0.0508772
2 0.2542763 0.1675439 0.0315789 0.0520468
2 0.25 0.1982456 0.0319079 0.0508772
2 0.2411184 0.2248538 0.0319079 0.0508772
1 0.2113487 0.1692982 0.0319079 0.0508772
1 0.2228618 0.2412281 0.0319079 0.0508772
2 0.2300987 0.2274854 0.0319079 0.0508772
2 0.2478618 0.2345029 0.0319079 0.0508772
2 0.1863487 0.2119883 0.0319079 0.0508772
1 0.2179276 0.2809942 0.0319079 0.0508772
1 0.2351974 0.2947368 0.0319079 0.0508772
2 0.3307566 0.2187135 0.0319079 0.0508772
1 0.3361842 0.2646199 0.0319079 0.0508772
2 0.3474507 0.394152 0.0320724 0.051462
2 0.1963816 0.427924 0.0319079 0.0517544
2 0.2360197 0.3523392 0.0319079 0.0508772
1 0.2875 0.8315789 0.0319079 0.0508772
2 0.14375 0.3883041 0.0319079 0.0508772
1 0.1355263 0.3076023 0.0309211 0.0520468
2 0.1680921 0.3347953 0.0319079 0.0508772
1 0.1384868 0.4523392 0.0319079 0.0508772
1 0.1398026 0.4076023 0.0319079 0.0502924
1 0.1292763 0.480117 0.0319079 0.0508772
1 0.1817434 0.5169591 0.0319079 0.0508772
1 0.1672697 0.5900585 0.0319079 0.0508772
1 0.2129934 0.5766082 0.0319079 0.0508772
1 0.2307566 0.5564327 0.0319079 0.0508772
1 0.2075658 0.5385965 0.0319079 0.0508772
2 0.2634868 0.5953216 0.0319079 0.0508772
1 0.2588816 0.6415205 0.0319079 0.0508772
1 0.2373355 0.624269 0.0319079 0.0508772
2 0.3434211 0.6637427 0.0319079 0.0508772
1 0.3226974 0.798538 0.0319079 0.0508772
1 0.3177632 0.7754386 0.0319079 0.0508772
1 0.2248355 0.7605263 0.0319079 0.0508772
1 0.4148026 0.772807 0.0319079 0.0508772
1 0.3141447 0.8571637 0.0319079 0.0511696
1 0.3166118 0.9040936 0.0319079 0.0508772
1 0.3192434 0.8751462 0.0319079 0.0508772
2 0.2592928 0.130117 0.0314145 0.0520468
1 0.2827303 0.0660819 0.0319079 0.0508772
2 0.2524671 0.1090643 0.0319079 0.0508772
2 0.2624178 0.0897661 0.0320724 0.0532164
2 0.2370066 0.1707602 0.0319079 0.0508772
1 0.128125 0.4312865 0.0319079 0.0508772
1 0.1300987 0.3944444 0.0319079 0.0508772
1 0.1055921 0.4555556 0.0319079 0.0479532
1 0.1217105 0.5169591 0.0319079 0.0508772
1 0.1516447 0.4625731 0.0319079 0.0508772
1 0.1213816 0.3163743 0.0319079 0.0508772
2 0.1685855 0.4739766 0.0319079 0.0508772
1 0.1594572 0.2149123 0.0314145 0.0508772
1 0.1460526 0.5359649 0.0319079 0.0508772
1 0.2016447 0.5868421 0.0319079 0.0508772
1 0.2305921 0.8599415 0.0319079 0.0508772
1 0.1730263 0.6004386 0.0319079 0.0494152
1 0.1759868 0.5769006 0.0319079 0.0508772
1 0.0904605 0.5166667 0.0319079 0.0508772
1 0.1667763 0.6380117 0.0319079 0.0508772
1 0.1605263 0.6538012 0.0319079 0.0508772
1 0.1417763 0.6777778 0.0319079 0.0508772
1 0.1549342 0.6973684 0.0319079 0.0508772
1 0.1722039 0.7070175 0.0319079 0.0508772
1 0.1777961 0.6877193 0.0319079 0.0508772
1 0.1493421 0.6690058 0.0319079 0.0508772
1 0.2261513 0.8146199 0.0319079 0.0508772
1 0.59375 0.9602339 0.0319079 0.0508772
1 0.6113487 0.9374269 0.0319079 0.0508772
1 0.6700658 0.9114035 0.0319079 0.0508772
1 0.6981908 0.8839181 0.0319079 0.0508772
2 0.7019737 0.7081871 0.0319079 0.0508772
1 0.6967105 0.8511696 0.0319079 0.0508772
1 0.7082237 0.8269006 0.0319079 0.0508772
2 0.7014803 0.7701754 0.0319079 0.0508772
1 0.7759868 0.8289474 0.0319079 0.0508772
2 0.7633224 0.5260234 0.0319079 0.0508772
1 0.7050987 0.6961988 0.0319079 0.0508772
2 0.7143092 0.6426901 0.0319079 0.0508772
2 0.6975329 0.6131579 0.0319079 0.0508772
2 0.6715461 0.6769006 0.0319079 0.0508772
1 0.7973684 0.647076 0.0319079 0.0508772
2 0.7154605 0.602924 0.0319079 0.0508772
2 0.7310855 0.6239766 0.0319079 0.0508772
2 0.7537829 0.6409357 0.0319079 0.0508772
1 0.7449013 0.6716374 0.0319079 0.0508772
1 0.7246711 0.6827485 0.0319079 0.0508772
1 0.8123355 0.6497076 0.0319079 0.0508772
1 0.7878289 0.5964912 0.0319079 0.0508772
1 0.7628289 0.6625731 0.0319079 0.0508772
1 0.8161184 0.6426901 0.0319079 0.0508772
1 0.7835526 0.6619883 0.0319079 0.0508772
1 0.7524671 0.6912281 0.0319079 0.0508772
1 0.7394737 0.6906433 0.0319079 0.0508772
2 0.7611842 0.5754386 0.0319079 0.0508772
1 0.7577303 0.605848 0.0319079 0.0508772
1 0.7657072 0.5973684 0.0324013 0.0508772
2 0.6633224 0.5897661 0.0319079 0.0508772
2 0.7157895 0.4400585 0.0319079 0.0508772
2 0.7210526 0.5678363 0.0319079 0.0508772
2 0.7253289 0.5295322 0.0319079 0.0508772
0 0.6950658 0.5049708 0.0319079 0.0508772
1 0.7978618 0.4532164 0.0319079 0.0508772
2 0.7833882 0.4239766 0.0319079 0.0508772
2 0.6972862 0.4635965 0.0324013 0.0517544
2 0.6588816 0.527193 0.0319079 0.0508772
2 0.6350329 0.5169591 0.0319079 0.0508772
2 0.6471217 0.5488304 0.0320724 0.0508772
0 0.7097039 0.4675439 0.0319079 0.0508772
2 0.6736842 0.4697368 0.0319079 0.0511696
2 0.6690789 0.4385965 0.0319079 0.0508772
2 0.7258224 0.451462 0.0319079 0.0508772
0 0.7175987 0.455848 0.0319079 0.0508772
2 0.7495066 0.4538012 0.0319079 0.0508772
2 0.7694079 0.4520468 0.0319079 0.0508772
2 0.7565789 0.4285088 0.0319079 0.0517544
1 0.7863487 0.3847953 0.0319079 0.0508772
2 0.7777961 0.455848 0.0319079 0.0508772
2 0.7715461 0.4064327 0.0319079 0.0508772
2 0.7337171 0.4149123 0.0319079 0.0508772
2 0.7973684 0.4175439 0.0319079 0.0508772
2 0.7376645 0.3248538 0.0319079 0.0508772
2 0.7284539 0.4289474 0.0319079 0.0508772
2 0.7263158 0.4128655 0.0319079 0.0508772
2 0.7787007 0.3666667 0.0314145 0.0508772
2 0.7674342 0.3017544 0.0319079 0.0508772
2 0.7680921 0.3245614 0.0319079 0.0508772
2 0.7583882 0.3078947 0.0319079 0.0508772
2 0.7647204 0.3406433 0.0327303 0.0532164
2 0.7490132 0.3081871 0.0319079 0.0508772
2 0.4996711 0.1473684 0.0319079 0.0508772
2 0.7588816 0.2652047 0.0319079 0.0508772
2 0.7360197 0.2906433 0.0319079 0.0508772
2 0.734375 0.2622807 0.0319079 0.0508772
2 0.7513158 0.252924 0.0319079 0.0508772
2 0.7243421 0.2327485 0.0319079 0.0508772
2 0.7152961 0.254386 0.0319079 0.0508772
2 0.7240132 0.2576023 0.0319079 0.0508772
2 0.71875 0.2210526 0.0319079 0.0508772
2 0.7402961 0.2187135 0.0319079 0.0508772
2 0.7210526 0.1885965 0.0319079 0.0508772
2 0.6422697 0.1274854 0.0319079 0.0508772
2 0.6778783 0.1359649 0.0327303 0.0508772
2 0.6712993 0.1986842 0.0310855 0.0505848
2 0.65625 0.1400585 0.03125 0.0508772
2 0.6689145 0.1135965 0.0322368 0.0511696
2 0.6458882 0.1584795 0.0305921 0.0508772
2 0.6271382 0.1353801 0.0319079 0.0508772
1 0.5430921 0.0187135 0.0322368 0.0368421
1 0.5180921 0.0312865 0.0319079 0.0508772
2 0.5416118 0.0625731 0.0319079 0.0508772
1 0.5097039 0.0168129 0.0319079 0.0318713
2 0.4957237 0.0156433 0.0319079 0.0307018
2 0.4947368 0.0223684 0.0319079 0.0435673
1 0.4759868 0.0263158 0.0319079 0.0508772
2 0.3934211 0.9491228 0.0319079 0.0508772
1 0.4245066 0.9815789 0.0319079 0.0315789
1 0.4029605 0.9811404 0.0319079 0.0318713
1 0.4434211 0.9790936 0.0319079 0.0359649
2 0.4625 0.9840643 0.0319079 0.0283626
2 0.4751645 0.9453216 0.0319079 0.0508772
1 0.4921053 0.9707602 0.0319079 0.0508772
1 0.4827303 0.975731 0.0365132 0.0444444
1 0.5138158 0.9795322 0.0319079 0.0356725
1 0.5134868 0.9616959 0.0319079 0.0508772
1 0.4886513 0.8350877 0.0319079 0.0508772
2 0.5409539 0.6248538 0.0319079 0.0508772
2 0.5600329 0.6494152 0.0319079 0.0508772
0 0.5475329 0.6461988 0.0319079 0.0508772
0 0.5524671 0.4381579 0.0319079 0.0517544
2 0.6553454 0.4934211 0.0324013 0.0523392
2 0.6578947 0.4369883 0.0319079 0.0523392
2 0.6646382 0.544883 0.0319079 0.0523392
2 0.6166941 0.3298246 0.0317434 0.0520468
2 0.5639803 0.3596491 0.0319079 0.0508772
2 0.5159539 0.3602339 0.0319079 0.0508772
1 0.4902961 0.0821637 0.0332237 0.0520468
2 0.6440789 0.319883 0.0332237 0.0520468
2 0.1671053 0.2953216 0.0319079 0.0508772
2 0.1582237 0.2862573 0.0319079 0.0508772
2 0.1766447 0.2845029 0.0319079 0.0508772
2 0.1439145 0.3169591 0.0315789 0.0520468
1 0.1355263 0.3385965 0.0319079 0.0508772
1 0.0990954 0.3511696 0.0324013 0.0502924
1 0.0838816 0.3821637 0.0319079 0.0508772
1 0.1001645 0.4078947 0.0319079 0.0508772
2 0.3424342 0.9181287 0.0319079 0.0508772
2 0.3606908 0.0885965 0.0319079 0.0508772
1 0.3912829 0.1508772 0.0319079 0.0508772
2 0.3748355 0.1654971 0.0319079 0.0508772
2 0.4634868 0.348538 0.0319079 0.0508772
1 0.4671053 0.3812865 0.0319079 0.0508772
1 0.4600329 0.4116959 0.0319079 0.0508772
1 0.4779605 0.3654971 0.0319079 0.0508772
2 0.5700658 0.505848 0.0319079 0.0508772
2 0.5445724 0.5282164 0.0319079 0.0511696
1 0.5518092 0.5418129 0.0319079 0.0508772
2 0.6763158 0.4883041 0.0319079 0.0508772
2 0.7065789 0.478655 0.0319079 0.0508772
2 0.6669408 0.3714912 0.0338816 0.052924
2 0.6467105 0.395614 0.0338816 0.0526316
2 0.6324013 0.3997076 0.0338816 0.0526316
2 0.5915296 0.3935673 0.0324013 0.0508772
2 0.6164474 0.3482456 0.0319079 0.0508772
2 0.5962171 0.3554094 0.0319079 0.0517544
2 0.6050987 0.3432749 0.0319079 0.051462
2 0.6842105 0.2236842 0.0319079 0.0508772
3 0.6907895 0.2599415 0.0319079 0.0508772
1 0.4876645 0.9143275 0.0319079 0.0508772
1 0.5148026 0.9175439 0.0319079 0.0508772
1 0.5039474 0.9061404 0.0319079 0.0508772
0 0.5536184 0.8824561 0.0319079 0.0508772
1 0.5684211 0.8640351 0.0319079 0.0508772
0 0.5598684 0.8423977 0.0319079 0.0508772
1 0.5184211 0.8125731 0.0319079 0.0508772
1 0.5651316 0.7777778 0.0319079 0.0508772
1 0.5264803 0.7926901 0.0319079 0.0508772
1 0.5100329 0.7964912 0.0319079 0.0508772
1 0.5276316 0.7584795 0.0319079 0.0508772
0 0.5363487 0.7230994 0.0319079 0.0508772
0 0.5210526 0.6988304 0.0319079 0.0508772
2 0.4985197 0.6950292 0.0319079 0.0508772
1 0.4251645 0.6932749 0.0319079 0.0508772
1 0.4542763 0.7862573 0.0319079 0.0508772
2 0.5793586 0.4862573 0.0324013 0.0508772
2 0.5944901 0.4862573 0.0324013 0.0508772
2 0.6005757 0.501462 0.0324013 0.0508772
2 0.6125822 0.5269006 0.0324013 0.0508772
2 0.6158717 0.577193 0.0324013 0.0508772
2 0.5854441 0.6005848 0.0324013 0.0508772
1 0.5931743 0.5564327 0.0324013 0.0508772
2 0.4552632 0.1178363 0.0319079 0.0508772
2 0.4335526 0.0849415 0.0319079 0.0494152
2 0.334375 0.054386 0.0319079 0.0508772
2 0.5754934 0.454386 0.0322368 0.0520468
2 0.5814145 0.4127193 0.0319079 0.0523392
2 0.6199013 0.400731 0.0319079 0.0523392
1 0.6223684 0.4431287 0.0319079 0.0523392
2 0.6177632 0.446345 0.0319079 0.0523392
1 0.6259868 0.4630117 0.0319079 0.0523392
1 0.6136513 0.4738304 0.0319079 0.0523392
2 0.6023026 0.4995614 0.0319079 0.0523392
1 0.2720395 0.8915205 0.0319079 0.0508772
1 0.2690789 0.8616959 0.0319079 0.0508772
1 0.2713816 0.8450292 0.0319079 0.0508772
1 0.2111842 0.8190058 0.0319079 0.0508772
1 0.2773026 0.8055556 0.0319079 0.0508772
1 0.2578947 0.8070175 0.0319079 0.0508772
1 0.236102 0.8862573 0.0317434 0.0508772
1 0.2509868 0.8608187 0.0319079 0.0508772
1 0.2488487 0.8675439 0.0319079 0.0508772
1 0.2871711 0.8695906 0.0319079 0.0508772
0 0.2955592 0.9634503 0.0315789 0.0508772
1 0.2819079 0.8782164 0.0315789 0.0511696
1 0.2955592 0.8824561 0.0319079 0.0508772
1 0.3101974 0.9476608 0.0319079 0.0508772
2 0.5815789 0.9526316 0.0319079 0.0508772
1 0.590625 0.6473684 0.0319079 0.0508772
1 0.60625 0.8912281 0.0319079 0.0508772
1 0.6300987 0.9362573 0.0319079 0.0508772
1 0.6399671 0.9599415 0.0319079 0.0508772
1 0.6916118 0.9856725 0.0319079 0.0263158
1 0.6074013 0.9476608 0.0319079 0.0508772
1 0.6425987 0.9116959 0.0319079 0.0508772
0 0.621875 0.9070175 0.0319079 0.0508772
1 0.6172697 0.8345029 0.0319079 0.0508772
0 0.5863487 0.7675439 0.0319079 0.0508772
1 0.5784539 0.6988304 0.0319079 0.0508772
1 0.1661184 0.2311404 0.0319079 0.05
1 0.5605263 0.7052632 0.0319079 0.0508772
1 0.6077303 0.6532164 0.0319079 0.0508772
1 0.5691612 0.7247076 0.0320724 0.0505848
1 0.7708882 0.7692982 0.0319079 0.0508772
1 0.7578947 0.7280702 0.0319079 0.0508772
1 0.7643092 0.6938596 0.0319079 0.0508772
1 0.7490132 0.7812865 0.0319079 0.0508772
2 0.7126645 0.7622807 0.0319079 0.0508772
1 0.7138158 0.8807018 0.0319079 0.0508772
1 0.7425987 0.8432749 0.0319079 0.0508772
1 0.709375 0.7192982 0.0319079 0.0508772
1 0.6753289 0.6140351 0.0319079 0.0508772
1 0.8152961 0.5976608 0.0319079 0.0508772
1 0.38125 0.578655 0.0319079 0.0508772
2 0.3705592 0.5385965 0.0299342 0.0502924
2 0.3537829 0.5564327 0.0319079 0.0508772
2 0.3302632 0.5277778 0.0319079 0.0508772
2 0.4722039 0.4381579 0.0319079 0.05
1 0.4580592 0.4385965 0.0319079 0.0508772
3 0.4161184 0.1944444 0.0319079 0.051462
2 0.4172697 0.2096491 0.0319079 0.0508772
1 0.1763158 0.7116959 0.0319079 0.0508772
1 0.2223684 0.7846491 0.0319079 0.0517544
1 0.1430921 0.7321637 0.0319079 0.0508772
1 0.1723684 0.7356725 0.0319079 0.0508772
1 0.1547697 0.7350877 0.0319079 0.0508772
1 0.1549342 0.7578947 0.0299342 0.0479532
1 0.1728618 0.6675439 0.0319079 0.051462
1 0.1894737 0.6 0.0319079 0.0508772
1 0.1391447 0.6508772 0.0319079 0.0508772
1 0.1419408 0.6207602 0.0319079 0.0508772
1 0.1054276 0.5733918 0.0319079 0.0508772
1 0.1664474 0.621345 0.0319079 0.0508772
0 0.2190789 0.6087719 0.0319079 0.0508772
1 0.2241776 0.6710526 0.0319079 0.0508772
1 0.2300987 0.6944444 0.0319079 0.0508772
1 0.2333882 0.6573099 0.0319079 0.0508772
1 0.2036184 0.6909357 0.0319079 0.0508772
1 0.2197368 0.7017544 0.0319079 0.0508772
2 0.1769737 0.3973684 0.0319079 0.0508772
1 0.1786184 0.6204678 0.0319079 0.0508772
1 0.1544408 0.5818713 0.0319079 0.0508772
1 0.1361842 0.5760234 0.0319079 0.0508772
1 0.1375 0.697076 0.0319079 0.0508772
1 0.1123355 0.6707602 0.0319079 0.0508772
1 0.0850329 0.4163743 0.0319079 0.0508772
1 0.1177632 0.5464912 0.0319079 0.0508772
1 0.1231908 0.5280702 0.0319079 0.0508772
1 0.1111842 0.5020468 0.0319079 0.0508772
1 0.1514803 0.497076 0.0319079 0.0508772
1 0.0973684 0.4991228 0.0319079 0.0508772
1 0.1883224 0.5754386 0.0319079 0.0508772
1 0.1379934 0.4780702 0.0319079 0.0508772
1 0.1009868 0.4798246 0.0319079 0.0508772
1 0.0914474 0.4760234 0.0319079 0.0508772
1 0.1215461 0.454386 0.0319079 0.0508772
1 0.1111842 0.4719298 0.0319079 0.0508772
1 0.1047697 0.422807 0.0319079 0.0508772
1 0.1194901 0.4394737 0.0317434 0.0508772
1 0.0952303 0.4423977 0.0319079 0.0508772
1 0.1113487 0.3859649 0.0319079 0.0508772
1 0.1004112 0.3789474 0.0317434 0.0502924
1 0.4942434 0.3833333 0.0319079 0.0508772
2 0.3167763 0.0766082 0.0319079 0.0508772
2 0.3111842 0.0681287 0.0319079 0.0508772
2 0.4733553 0.1824561 0.0319079 0.0508772
2 0.4899671 0.4748538 0.0319079 0.0508772
1 0.5070724 0.504386 0.0319079 0.0508772
1 0.5258224 0.025731 0.0319079 0.0508772
1 0.5256579 0.0178363 0.0319079 0.0350877
2 0.1817434 0.3049708 0.0319079 0.0508772
2 0.1962171 0.294152 0.0319079 0.0508772
1 0.2228618 0.8461988 0.0319079 0.0508772
1 0.2197368 0.8619883 0.0319079 0.0508772
1 0.2424342 0.9304094 0.0319079 0.0508772
2 0.3282895 0.3418129 0.0319079 0.0508772
2 0.6008224 0.4390351 0.0319079 0.0523392
1 0.4828947 0.5 0.0319079 0.0508772
2 0.5692434 0.4372807 0.0319079 0.0523392
1 0.6782072 0.5893275 0.0317434 0.0523392
2 0.6360197 0.2915205 0.0332237 0.0520468
2 0.6939967 0.3013158 0.0314145 0.0488304
1 0.689227 0.3077485 0.0314145 0.05
1 0.7005757 0.1656433 0.0314145 0.05
0 0.5792763 0.8488304 0.0319079 0.0508772
0 0.5898026 0.8497076 0.0319079 0.0508772
1 0.6462171 0.871345 0.0319079 0.0508772
1 0.6601974 0.9131579 0.0319079 0.0508772
1 0.6378289 0.8608187 0.0319079 0.0508772
1 0.6386513 0.8236842 0.0319079 0.0508772
1 0.6310855 0.7669591 0.0319079 0.0508772
2 0.6366776 0.6619883 0.0319079 0.0508772
2 0.3563322 0.0836257 0.0314145 0.0508772
1 0.3490132 0.2652047 0.0319079 0.0508772
1 0.5083882 0.6383041 0.0319079 0.0508772
2 0.7391447 0.1850877 0.0319079 0.0508772
2 0.6643092 0.1040936 0.0319079 0.0508772
2 0.6152961 0.0374269 0.0319079 0.0508772
2 0.7338816 0.5959064 0.0319079 0.0508772
2 0.7585526 0.5637427 0.0319079 0.0508772
1 0.6838816 0.598538 0.0319079 0.0508772
1 0.6702303 0.9622807 0.0319079 0.0508772
1 0.1934211 0.3590643 0.0319079 0.0508772
2 0.2251645 0.4125731 0.0319079 0.0508772
1 0.2325658 0.4350877 0.0319079 0.0508772
1 0.3095395 0.0511696 0.0319079 0.0508772
1 0.4274671 0.6333333 0.0319079 0.0508772
0 0.4180921 0.5733918 0.0319079 0.0508772
2 0.4184211 0.554386 0.0319079 0.0508772
0 0.4083882 0.5459064 0.0319079 0.0508772
1 0.4449013 0.5385965 0.0319079 0.0508772
1 0.478125 0.5435673 0.0319079 0.0508772
1 0.434375 0.5950292 0.0315789 0.0497076
1 0.4200658 0.6260234 0.0319079 0.0508772
1 0.3672697 0.7096491 0.0319079 0.0508772
0 0.4110197 0.6508772 0.0319079 0.0508772
1 0.3986842 0.6611111 0.0319079 0.0508772
0 0.3726974 0.7649123 0.0319079 0.0508772
1 0.4072368 0.7160819 0.0319079 0.0508772
1 0.4182566 0.6722222 0.0319079 0.0508772
1 0.3814145 0.6798246 0.0319079 0.0508772
2 0.4496711 0.4055556 0.0328947 0.0502924
2 0.4822368 0.1157895 0.0319079 0.0508772
2 0.4643092 0.1166667 0.0319079 0.0508772
2 0.5805921 0.1394737 0.0319079 0.0508772
2 0.5787829 0.0616959 0.0319079 0.0508772
2 0.6294408 0.0979532 0.0319079 0.0508772
1 0.7430921 0.197076 0.0319079 0.0508772
1 0.6547697 0.2947368 0.0332237 0.0520468
2 0.675 0.3020468 0.0332237 0.0520468
1 0.7891447 0.5263158 0.0319079 0.0508772
1 0.7972039 0.5081871 0.0319079 0.0508772
2 0.7800987 0.3388889 0.0319079 0.0508772
2 0.7819079 0.3002924 0.0319079 0.0508772
2 0.7532895 0.2339181 0.0319079 0.0508772
1 0.6916118 0.1526316 0.0319079 0.0508772
1 0.7078947 0.1915205 0.0319079 0.0508772
1 0.7121711 0.5368421 0.0319079 0.0508772
2 0.6847039 0.525731 0.0319079 0.0508772
2 0.3837171 0.4511696 0.0319079 0.0508772
1 0.1975329 0.2447368 0.0319079 0.0508772
1 0.2036184 0.2219298 0.0319079 0.0508772
1 0.2332237 0.148538 0.0319079 0.0502924
1 0.1366776 0.3614035 0.0319079 0.0508772
1 0.1434211 0.3359649 0.0319079 0.0508772
1 0.2652961 0.4377193 0.0319079 0.0508772
1 0.2819079 0.4353801 0.0319079 0.0508772
2 0.3180921 0.4421053 0.0319079 0.0502924
2 0.2136513 0.1973684 0.0319079 0.0502924
1 0.2327303 0.101462 0.0319079 0.0508772
2 0.7856908 0.2827485 0.0319079 0.0508772
1 0.7824013 0.7087719 0.0319079 0.0508772
1 0.7625 0.7005848 0.0319079 0.0508772
2 0.6949013 0.1812865 0.0319079 0.0508772
1 0.6029605 0.1584795 0.0319079 0.0508772
1 0.6132401 0.1406433 0.0317434 0.0508772
2 0.5942434 0.0289474 0.0319079 0.0508772
0 0.534375 0.7871345 0.0319079 0.0508772
1 0.5570724 0.9802632 0.0319079 0.0342105
2 0.5296053 0.9476608 0.0319079 0.0508772
1 0.4690789 0.5780702 0.0319079 0.0508772
1 0.4845395 0.5687135 0.0319079 0.0508772
0 0.4876645 0.3397661 0.0319079 0.0508772
2 0.2786184 0.5640351 0.0319079 0.0508772
2 0.2756579 0.5807018 0.0319079 0.0508772
1 0.2417763 0.1377193 0.0319079 0.0508772
2 0.3333882 0.025731 0.0319079 0.0508772
1 0.1251645 0.3561404 0.0319079 0.0508772
1 0.390625 0.0766082 0.0319079 0.0508772
2 0.4116776 0.1263158 0.0319079 0.0508772
1 0.4824013 0.0622807 0.0319079 0.0508772
0 0.365625 0.7634503 0.0319079 0.0508772
1 0.3480263 0.7722222 0.0319079 0.0508772
0 0.3797697 0.648538 0.0319079 0.0508772
1 0.3787829 0.6248538 0.0319079 0.0508772
1 0.2521382 0.6614035 0.0319079 0.0508772
1 0.2864309 0.6707602 0.0324013 0.0508772
1 0.4238487 0.6578947 0.0319079 0.0508772
1 0.5559211 0.928655 0.0319079 0.0508772
1 0.5588816 0.9523392 0.0319079 0.0508772
1 0.5636513 0.9181287 0.0319079 0.0508772
1 0.5233553 0.5119883 0.0319079 0.0508772
1 0.4978618 0.5223684 0.0292763 0.0517544
1 0.5957237 0.0818713 0.0319079 0.0508772
1 0.6592105 0.0888889 0.0319079 0.0508772
2 0.7965461 0.3859649 0.0332237 0.0520468
1 0.7052632 0.1573099 0.0332237 0.0520468
1 0.5669408 0.2087719 0.0332237 0.0520468
0 0.6804276 0.0929825 0.0332237 0.0520468
2 0.7327303 0.7687135 0.0319079 0.0508772
1 0.7547697 0.7678363 0.0319079 0.0508772
0 0.6914474 0.7923977 0.0319079 0.0508772
1 0.7330592 0.8707602 0.0319079 0.0508772
1 0.7355263 0.9312865 0.0319079 0.0508772
1 0.7550987 0.9111111 0.0319079 0.0508772
1 0.7236842 0.8953216 0.0319079 0.0508772
0 0.5914474 0.9251462 0.0319079 0.0508772
1 0.709375 0.9280702 0.0319079 0.0508772
1 0.5111842 0.5307018 0.0319079 0.0508772
1 0.1128289 0.3447368 0.0319079 0.0508772
2 0.1427632 0.2997076 0.0319079 0.0508772
1 0.184375 0.2435673 0.0319079 0.0508772
1 0.2018092 0.2035088 0.0319079 0.0508772
1 0.3745066 0.2856725 0.0319079 0.0508772
1 0.31875 0.0315789 0.0319079 0.0508772
1 0.1472039 0.2292398 0.0319079 0.0508772
1 0.3582237 0.7897661 0.0319079 0.051462
1 0.4152961 0.5774854 0.0319079 0.0508772
1 0.4572368 0.6365497 0.0319079 0.0508772
1 0.478125 0.6333333 0.0319079 0.0508772
1 0.4328947 0.6233918 0.0319079 0.0508772
1 0.78125 0.6885965 0.0319079 0.0508772
1 0.7758224 0.605848 0.0319079 0.0508772
0 0.6929276 0.6625731 0.0319079 0.0508772
0 0.6898026 0.6976608 0.0319079 0.0508772
0 0.65625 0.2494152 0.0332237 0.0520468
0 0.6608553 0.2669591 0.0332237 0.0520468
1 0.7996711 0.6160819 0.0332237 0.0520468
0 0.7690789 0.2345029 0.0332237 0.0520468
0 0.7536184 0.1736842 0.0332237 0.0520468
1 0.6241776 0.1233918 0.0332237 0.0520468
1 0.6128289 0.9776316 0.0319079 0.0406433
1 0.3853618 0.6599415 0.0319079 0.0508772
1 0.1161184 0.3701754 0.0319079 0.0508772
1 0.2440789 0.0824561 0.0319079 0.0508772
1 0.2523026 0.0760234 0.0319079 0.0508772
1 0.3016447 0.0356725 0.0319079 0.0508772
2 0.2702303 0.0517544 0.0319079 0.0508772
1 0.2832237 0.0479532 0.0319079 0.0508772
1 0.2914474 0.1754386 0.0319079 0.0508772
1 0.1868421 0.2210526 0.0319079 0.0508772
1 0.1241776 0.2862573 0.0319079 0.0508772
0 0.7782895 0.2453216 0.0332237 0.0520468
1 0.7927632 0.321345 0.0332237 0.0520468
1 0.8077303 0.3298246 0.0332237 0.0520468
0 0.7916118 0.4912281 0.0332237 0.0520468
0 0.7546053 0.4932749 0.0332237 0.0520468
0 0.7263158 0.5032164 0.0332237 0.0520468
1 0.7833882 0.5678363 0.0332237 0.0520468
1 0.1618421 0.5295322 0.0319079 0.0508772
1 0.1532895 0.6008772 0.0319079 0.0508772
1 0.1064145 0.6166667 0.0319079 0.0508772
1 0.1240132 0.6296784 0.0305921 0.0511696
1 0.1230263 0.6611111 0.0319079 0.0508772
1 0.125 0.678655 0.0319079 0.0508772
0 0.2495066 0.9181287 0.0319079 0.0508772
1 0.2279605 0.9254386 0.0319079 0.0508772
1 0.2398026 0.9593567 0.0319079 0.0508772
1 0.2886513 0.9350877 0.0319079 0.0508772
0 0.2800987 0.9418129 0.0319079 0.0508772
1 0.2574013 0.897076 0.0319079 0.0508772
0 0.2657895 0.8339181 0.0319079 0.0508772
1 0.2427632 0.8353801 0.0319079 0.0508772
1 0.2452303 0.8078947 0.0319079 0.0508772
1 0.2648026 0.7964912 0.0319079 0.0508772
1 0.2072368 0.7871345 0.0319079 0.0508772
1 0.2839638 0.0361111 0.0297697 0.0482456
1 0.1109375 0.3214912 0.0297697 0.0482456
1 0.1500822 0.2399123 0.0297697 0.0482456
0 0.192352 0.1814327 0.0297697 0.0482456
0 0.2522204 0.0633041 0.0297697 0.0482456
0 0.2222862 0.1027778 0.0297697 0.0482456
0 0.3828125 0.4192982 0.0314145 0.0508772
0 0.3678454 0.4649123 0.0314145 0.0508772
1 0.2929276 0.8988304 0.0315789 0.0508772
0 0.3689145 0.9289474 0.0315789 0.0508772
0 0.3458882 0.947076 0.0315789 0.0508772
0 0.3287829 0.9649123 0.0315789 0.0508772
0 0.5070724 0.8245614 0.0319079 0.0508772
1 0.5003289 0.8622807 0.0319079 0.0508772
1 0.5179276 0.8315789 0.0319079 0.0508772
1 0.5893092 0.8739766 0.0319079 0.0508772
0 0.7345395 0.9008772 0.0319079 0.0508772
0 0.7516447 0.8818713 0.0319079 0.0508772
0 0.8085526 0.5538012 0.0332237 0.0520468
0 0.6921053 0.0979532 0.0332237 0.0520468
0 0.6983553 0.1165205 0.0328947 0.0523392
1 0.5315789 0.8631579 0.0319079 0.0508772
0 0.3668586 0.9602339 0.0317434 0.0520468
0 0.2231086 0.126462 0.0297697 0.0482456
1 0.1640625 0.2019006 0.0297697 0.0482456
0 0.1731086 0.2361111 0.0297697 0.0482456
0 0.1272204 0.2562865 0.0297697 0.0482456
1 0.1158717 0.2673977 0.0297697 0.0482456
0 0.1563322 0.4445906 0.0297697 0.0482456
0 0.1481086 0.422076 0.0297697 0.0482456
1 0.1606908 0.5578947 0.0319079 0.0508772
1 0.1524671 0.5616959 0.0319079 0.0508772
1 0.0837993 0.4480994 0.0317434 0.0511696
1 0.1044408 0.5961988 0.0319079 0.0508772
1 0.0759868 0.4763158 0.0319079 0.0508772
0 0.2794408 0.9546784 0.0319079 0.0508772
1 0.2552632 0.9467836 0.0319079 0.0508772
1 0.2748355 0.9248538 0.0319079 0.0508772
1 0.1976974 0.7625731 0.0319079 0.0508772
0 0.273602 0.0390351 0.0297697 0.0482456
0 0.3537829 0.9660819 0.0315789 0.0508772
0 0.4307566 0.5783626 0.0315789 0.0497076
1 0.5838816 0.8225146 0.0319079 0.0508772
0 0.6148026 0.8011696 0.0319079 0.0508772
0 0.6095395 0.8119883 0.0319079 0.0508772
1 0.6827303 0.9646199 0.0319079 0.0508772
1 0.6649671 0.9862573 0.0319079 0.0251462
0 0.1402961 0.5149123 0.0319079 0.0508772
1 0.1764803 0.5549708 0.0319079 0.0508772
1 0.1902961 0.5578947 0.0319079 0.0508772
1 0.1677632 0.7535088 0.0299342 0.0479532
1 0.1730263 0.7967836 0.0299342 0.0479532
0 0.7333882 0.828655 0.0319079 0.0508772
1 0.7330592 0.9616959 0.0319079 0.0508772
0 0.7092105 0.9710526 0.0319079 0.0508772
0 0.63125 0.8888889 0.0319079 0.0508772
1 0.5963816 0.8628655 0.0319079 0.0508772
0 0.7425987 0.8894737 0.0319079 0.0508772
1 0.1847039 0.7780702 0.0319079 0.0508772
0 0.2498355 0.7593567 0.0319079 0.0508772
0 0.1865132 0.455848 0.0319079 0.0508772
0 0.1962171 0.6309942 0.0319079 0.0508772
1 0.2024671 0.6137427 0.0319079 0.0508772
0 0.2009868 0.6473684 0.0319079 0.0508772
0 0.2416118 0.5900585 0.0319079 0.0508772
0 0.6585526 0.9526316 0.0319079 0.0508772
