0 0.03046875 0.4796875 0.0421875 0.04375
2 0.19921875 0.62578125 0.0421875 0.0359375
2 0.25703125 0.903125 0.0390625 0.034375
2 0.33828125 0.91640625 0.0359375 0.0359375
2 0.590625 0.90390625 0.040625 0.0328125
2 0.59765625 0.828125 0.0421875 0.03125
2 0.59765625 0.84921875 0.0421875 0.0265625
2 0.59609375 0.8609375 0.0421875 0.028125
2 0.41171875 0.89375 0.0390625 0.0375
3 0.65703125 0.79765625 0.0328125 0.0390625
2 0.6671875 0.74765625 0.0375 0.0390625
2 0.5203125 0.64375 0.03125 0.0375
2 0.3890625 0.80859375 0.04375 0.0421875
2 0.40859375 0.746875 0.0453125 0.040625
3 0.67578125 0.65078125 0.0390625 0.0265625
2 0.715625 0.58125 0.0375 0.0375
2 0.49375 0.5921875 0.05 0.03125
2 0.4984375 0.56640625 0.040625 0.0359375
2 0.46015625 0.55234375 0.0390625 0.0390625
2 0.44375 0.5453125 0.03125 0.0375
2 0.4109375 0.58984375 0.040625 0.0484375
2 0.38828125 0.578125 0.0359375 0.0375
2 0.6328125 0.44765625 0.046875 0.0359375
2 0.61875 0.465625 0.034375 0.034375
2 0.13046875 0.553125 0.0359375 0.034375
3 0.309375 0.553125 0.0375 0.040625
3 0.35 0.59296875 0.04375 0.0359375
2 0.36015625 0.8125 0.0390625 0.04375
2 0.2421875 0.98203125 0.053125 0.0359375
2 0.2921875 0.92578125 0.028125 0.0234375
2 0.3859375 0.940625 0.0375 0.034375
2 0.340625 0.9671875 0.0375 0.034375
2 0.44140625 0.8875 0.0421875 0.04375
2 0.4671875 0.7703125 0.0375 0.034375
2 0.4359375 0.78671875 0.040625 0.0296875
2 0.29609375 0.64765625 0.0390625 0.0359375
3 0.528125 0.69375 0.04375 0.034375
2 0.61953125 0.690625 0.0421875 0.028125
2 0.56484375 0.66875 0.0296875 0.034375
3 0.7890625 0.596875 0.04375 0.046875
2 0.70234375 0.559375 0.0453125 0.04375
2 0.63515625 0.60859375 0.0390625 0.0421875
2 0.7171875 0.5140625 0.0375 0.03125
2 0.33046875 0.6171875 0.0390625 0.04375
3 0.2859375 0.59140625 0.0375 0.0328125
3 0.30078125 0.6140625 0.0390625 0.028125
3 0.29765625 0.6265625 0.0390625 0.028125
3 0.28984375 0.678125 0.0421875 0.040625
2 0.10546875 0.92734375 0.0359375 0.0390625
2 0.2578125 0.99296875 0.046875 0.0140625
2 0.646875 0.9015625 0.028125 0.03125
2 0.49375 0.9390625 0.028125 0.03125
2 0.4484375 0.94296875 0.0375 0.0359375
2 0.44375 0.9265625 0.04375 0.046875
3 0.48046875 0.8828125 0.0328125 0.040625
2 0.51171875 0.77734375 0.0359375 0.0328125
2 0.48671875 0.74375 0.0390625 0.03125
2 0.57578125 0.62578125 0.0390625 0.0390625
3 0.67421875 0.6140625 0.0328125 0.040625
2 0.5859375 0.66328125 0.03125 0.0296875
2 0.6734375 0.578125 0.040625 0.034375
2 0.53359375 0.60703125 0.0328125 0.0390625
2 0.53203125 0.52578125 0.0390625 0.0390625
2 0.60546875 0.3875 0.0359375 0.0375
2 0.63046875 0.37421875 0.0484375 0.0359375
2 0.4921875 0.37890625 0.0375 0.0390625
2 0.45625 0.46171875 0.05625 0.0421875
2 0.428125 0.49296875 0.0375 0.0390625
2 0.1734375 0.38828125 0.0375 0.0453125
0 0.31328125 0.48125 0.0359375 0.025
2 0.33203125 0.528125 0.0390625 0.040625
2 0.1109375 0.57890625 0.0375 0.0359375
2 0.7140625 0.7484375 0.0375 0.04375
2 0.45234375 0.321875 0.0421875 0.040625
2 0.3359375 0.7265625 0.0375 0.05
2 0.3109375 0.73359375 0.04375 0.0453125
2 0.51640625 0.74296875 0.0484375 0.0421875
3 0.165625 0.4828125 0.040625 0.040625
2 0.146875 0.47421875 0.040625 0.0390625
2 0.14765625 0.56640625 0.0515625 0.0453125
2 0.17109375 0.89921875 0.0359375 0.0296875
2 0.1671875 0.8828125 0.046875 0.040625
2 0.21875 0.99453125 0.046875 0.0109375
3 0.21484375 0.9796875 0.0390625 0.040625
2 0.42890625 0.98671875 0.0296875 0.0265625
3 0.53984375 0.8640625 0.0328125 0.025
2 0.4171875 0.771875 0.04375 0.0375
2 0.49375 0.7640625 0.0375 0.03125
2 0.5109375 0.94921875 0.034375 0.0328125
2 0.421875 0.934375 0.0375 0.040625
3 0.7109375 0.6171875 0.0375 0.04375
3 0.646875 0.48359375 0.034375 0.0359375
2 0.70703125 0.496875 0.0296875 0.03125
2 0.64296875 0.33984375 0.0390625 0.0359375
2 0.415625 0.3703125 0.0375 0.053125
2 0.38515625 0.50625 0.0328125 0.034375
2 0.31171875 0.9453125 0.0328125 0.040625
2 0.2859375 0.91640625 0.03125 0.0328125
2 0.6609375 0.9046875 0.028125 0.034375
2 0.6578125 0.56328125 0.040625 0.0328125
2 0.59609375 0.4671875 0.0453125 0.040625
2 0.57109375 0.5484375 0.0421875 0.0375
3 0.396875 0.65625 0.040625 0.0375
2 0.47265625 0.69609375 0.0390625 0.0390625
3 0.40859375 0.68515625 0.0296875 0.0390625
2 0.4421875 0.6390625 0.04375 0.034375
2 0.3078125 0.86796875 0.040625 0.0359375
2 0.21953125 0.859375 0.0390625 0.0375
2 0.0859375 0.60546875 0.04375 0.0359375
3 0.27734375 0.6484375 0.0328125 0.025
2 0.1171875 0.66796875 0.0375 0.0390625
2 0.12265625 0.76171875 0.0546875 0.0484375
2 0.13203125 0.85859375 0.0578125 0.0453125
2 0.0125 0.90625 0.025 0.05
2 0.11484375 0.9171875 0.0453125 0.053125
2 0.16484375 0.959375 0.0546875 0.05
2 0.28125 0.98671875 0.0375 0.0265625
2 0.47109375 0.99140625 0.0390625 0.0171875
2 0.3890625 0.9953125 0.046875 0.009375
2 0.44453125 0.85078125 0.0390625 0.0421875
2 0.4078125 0.715625 0.0375 0.0375
2 0.5484375 0.728125 0.03125 0.040625
2 0.63828125 0.68125 0.0453125 0.040625
2 0.67578125 0.62890625 0.0390625 0.0359375
2 0.74921875 0.71328125 0.0390625 0.0390625
2 0.7890625 0.77734375 0.04375 0.0390625
3 0.74921875 0.48671875 0.0359375 0.0328125
3 0.66640625 0.31015625 0.0359375 0.0359375
2 0.528125 0.3921875 0.05 0.040625
3 0.42421875 0.44609375 0.0390625 0.0421875
2 0.58203125 0.7171875 0.0390625 0.034375
2 0.390625 0.35 0.03125 0.034375
3 0.3640625 0.32109375 0.040625 0.0484375
2 0.3390625 0.2890625 0.034375 0.04375
2 0.3484375 0.509375 0.046875 0.028125
3 0.37578125 0.53359375 0.0390625 0.0390625
2 0.13671875 0.6 0.0546875 0.04375
2 0.153125 0.68125 0.046875 0.0375
2 0.29296875 0.77890625 0.0328125 0.0296875
2 0.590625 0.88203125 0.0375 0.0328125
2 0.70390625 0.96171875 0.0515625 0.0578125
2 0.71171875 0.68984375 0.0359375 0.0359375
2 0.40625 0.4515625 0.040625 0.0375
2 0.13125 0.83125 0.053125 0.04375
2 0.61875 0.63984375 0.0375 0.0296875
3 0.24921875 0.3140625 0.0359375 0.040625
2 0.3109375 0.98984375 0.040625 0.0203125
2 0.53515625 0.93828125 0.0390625 0.0390625
3 0.46171875 0.79453125 0.0359375 0.0296875
2 0.6984375 0.90703125 0.046875 0.0453125
2 0.7359375 0.96484375 0.053125 0.0515625
2 0.6171875 0.72421875 0.04375 0.0390625
3 0.5140625 0.71796875 0.040625 0.0296875
2 0.1 0.5671875 0.040625 0.04375
2 0.1828125 0.58515625 0.04375 0.0484375
0 0.1953125 0.55546875 0.03125 0.0296875
3 0.07421875 0.5171875 0.0546875 0.053125
2 0.13125 0.5203125 0.0375 0.04375
2 0.36875 0.64921875 0.0375 0.0390625
2 0.25625 0.3515625 0.04375 0.04375
2 0.3203125 0.3328125 0.034375 0.034375
2 0.34609375 0.36875 0.0328125 0.034375
2 0.4609375 0.346875 0.04375 0.0375
2 0.4765625 0.4 0.0375 0.046875
2 0.48828125 0.43359375 0.0328125 0.0453125
2 0.2109375 0.59296875 0.0375 0.0453125
2 0.13515625 0.64453125 0.0546875 0.0546875
2 0.21640625 0.84140625 0.0421875 0.0421875
2 0.16484375 0.80859375 0.0546875 0.0484375
2 0.29140625 0.81171875 0.0421875 0.0453125
2 0.165625 0.840625 0.05 0.04375
2 0.08125 0.88046875 0.05 0.0515625
2 0.21328125 0.934375 0.0515625 0.0375
2 0.0578125 0.98359375 0.05 0.0328125
2 0.40390625 0.79296875 0.0359375 0.0359375
2 0.5609375 0.93671875 0.03125 0.0359375
2 0.5328125 0.896875 0.034375 0.028125
2 0.5375 0.9859375 0.0375 0.028125
2 0.73046875 0.6625 0.0421875 0.040625
3 0.571875 0.51875 0.0375 0.034375
2 0.734375 0.44296875 0.0375 0.0421875
2 0.696875 0.471875 0.04375 0.03125
2 0.64765625 0.5375 0.0390625 0.040625
2 0.5453125 0.84296875 0.040625 0.0359375
2 0.4640625 0.48203125 0.04375 0.0390625
2 0.4546875 0.6203125 0.04375 0.04375
2 0.321875 0.56015625 0.03125 0.0359375
3 0.78125 0.94609375 0.046875 0.0484375
0 0.65703125 0.83359375 0.0328125 0.0234375
0 0.21484375 0.5515625 0.0328125 0.0375
2 0.0953125 0.70625 0.034375 0.040625
2 0.67578125 0.85625 0.0546875 0.04375
2 0.028125 0.9453125 0.040625 0.04375
2 0.27578125 0.87421875 0.0578125 0.0421875
3 0.30625 0.32421875 0.0375 0.0296875
0 0.121875 0.7875 0.03125 0.034375
2 0.0828125 0.94375 0.046875 0.053125
3 0.7328125 0.9921875 0.040625 0.015625
2 0.70078125 0.65625 0.0453125 0.04375
3 0.64375 0.43515625 0.046875 0.0234375
2 0.196875 0.8953125 0.040625 0.046875
2 0.10078125 0.8921875 0.0484375 0.05
2 0.3234375 0.3609375 0.05 0.05
2 0.73984375 0.85234375 0.0734375 0.0546875
3 0.715625 0.43671875 0.040625 0.0421875
2 0.721875 0.390625 0.040625 0.040625
2 0.734375 0.409375 0.046875 0.040625
2 0.6578125 0.44609375 0.034375 0.0453125
3 0.1890625 0.49921875 0.0375 0.0390625
2 0.01875 0.53515625 0.0375 0.0453125
2 0.0140625 0.98828125 0.028125 0.0234375
2 0.51875 0.63828125 0.0375 0.0359375
2 0.19296875 0.72890625 0.0515625 0.0484375
2 0.14453125 0.88828125 0.0359375 0.0359375
2 0.6390625 0.9171875 0.028125 0.040625
2 0.2921875 0.528125 0.034375 0.03125
2 0.146875 0.978125 0.059375 0.04375
2 0.29765625 0.30859375 0.0546875 0.0484375
1 0.77578125 0.5203125 0.0640625 0.05625
2 0.66875 0.9328125 0.04375 0.04375
2 0.09609375 0.76015625 0.0453125 0.0484375
3 0.9625 0.196875 0.0625 0.05625
2 0.84140625 0.33671875 0.0609375 0.0484375
2 0.85546875 0.48515625 0.0390625 0.0421875
2 0.940625 0.38828125 0.053125 0.0515625
3 0.8625 0.3609375 0.059375 0.05625
2 0.890625 0.41484375 0.059375 0.0546875
2 0.946875 0.4296875 0.059375 0.05625
2 0.9125 0.3171875 0.0625 0.05625
0 0.996875 0.346875 0.00625 0.03125
2 0.93984375 0.2625 0.0640625 0.05625
2 0.90390625 0.24765625 0.0484375 0.0546875
2 0.91875 0.3609375 0.053125 0.046875