2 0.015625 0.21015625 0.03125 0.0609375
2 0.10234375 0.28671875 0.0609375 0.0515625
2 0.1203125 0.325 0.05625 0.053125
2 0.0484375 0.28671875 0.05 0.0609375
2 0.028125 0.28359375 0.053125 0.0546875
2 0.10625 0.371875 0.05625 0.046875
2 0.02421875 0.3328125 0.0484375 0.046875
3 0.0078125 0.36953125 0.015625 0.0484375
2 0.03125 0.240625 0.05625 0.053125
2 0.0984375 0.4734375 0.05625 0.053125
2 0.1484375 0.35390625 0.05 0.0421875
2 0.034375 0.534375 0.059375 0.059375
2 0.12890625 0.45703125 0.0578125 0.0390625
2 0.01953125 0.62890625 0.0390625 0.0484375
3 0.6046875 0.34609375 0.040625 0.0390625
2 0.4296875 0.31171875 0.059375 0.0609375
2 0.3671875 0.39921875 0.05625 0.0421875
2 0.275 0.33046875 0.04375 0.0578125
2 0.50546875 0.5359375 0.0546875 0.034375
2 0.55703125 0.5453125 0.0578125 0.046875
2 0.53671875 0.51171875 0.0609375 0.0578125
2 0.5203125 0.56953125 0.05625 0.0421875
2 0.7875 0.54453125 0.05625 0.0546875
2 0.78828125 0.56640625 0.0515625 0.0359375
2 0.7609375 0.5859375 0.05 0.04375
2 0.81875 0.63984375 0.04375 0.0546875
2 0.78984375 0.6921875 0.0546875 0.053125
3 0.7671875 0.67578125 0.04375 0.0359375
2 0.78046875 0.73203125 0.0515625 0.0515625
2 0.74296875 0.73125 0.0546875 0.05
2 0.7640625 0.7328125 0.05625 0.05
2 0.7234375 0.75390625 0.046875 0.0453125
2 0.7265625 0.71328125 0.053125 0.0484375
2 0.6734375 0.75 0.05 0.04375
3 0.72265625 0.76484375 0.0421875 0.0390625
3 0.56015625 0.93359375 0.0484375 0.0453125
2 0.52265625 0.94921875 0.0390625 0.0421875
0 0.38125 0.93671875 0.034375 0.0234375
3 0.35546875 0.78359375 0.0515625 0.0421875
2 0.22109375 0.79296875 0.0609375 0.0515625
2 0.30390625 0.59375 0.0671875 0.05625
2 0.23671875 0.4125 0.0609375 0.065625
2 0.2828125 0.3515625 0.034375 0.034375
2 0.7515625 0.7921875 0.053125 0.053125
2 0.65859375 0.76171875 0.0609375 0.0546875
2 0.68359375 0.71171875 0.0515625 0.0421875
2 0.7 0.734375 0.059375 0.05625
3 0.78828125 0.62421875 0.0484375 0.0546875
2 0.77890625 0.65625 0.0515625 0.053125
2 0.76640625 0.6921875 0.0359375 0.0375
2 0.72421875 0.6171875 0.0390625 0.0375
2 0.6640625 0.61796875 0.05625 0.0359375
2 0.66640625 0.596875 0.0515625 0.046875
2 0.66640625 0.5796875 0.0484375 0.046875
2 0.70859375 0.60390625 0.0578125 0.0546875
2 0.44453125 0.63046875 0.0515625 0.0484375
2 0.43515625 0.68125 0.0421875 0.040625
2 0.4765625 0.58046875 0.05 0.0390625
3 0.38671875 0.6265625 0.0484375 0.05
2 0.5375 0.44921875 0.06875 0.0515625
2 0.50546875 0.5078125 0.0484375 0.05
2 0.5109375 0.35625 0.05625 0.05625
2 0.4015625 0.4421875 0.0625 0.059375
2 0.3015625 0.621875 0.05625 0.05625
2 0.3546875 0.89140625 0.053125 0.0578125
3 0.559375 0.9109375 0.05 0.04375
2 0.72421875 0.5703125 0.0546875 0.059375
2 0.5484375 0.3578125 0.05 0.046875
2 0.47109375 0.55546875 0.0578125 0.0453125
2 0.4796875 0.59765625 0.0625 0.0578125
2 0.41640625 0.5875 0.0609375 0.05625
3 0.24375 0.5265625 0.059375 0.059375
2 0.36171875 0.83046875 0.0453125 0.0359375
2 0.4234375 0.84453125 0.0375 0.0484375
2 0.32578125 0.92109375 0.0453125 0.0453125
2 0.53828125 0.859375 0.0484375 0.04375
2 0.82890625 0.69140625 0.0453125 0.0578125
2 0.8453125 0.69140625 0.05 0.0515625
2 0.71796875 0.64921875 0.0453125 0.0484375
3 0.74609375 0.625 0.0421875 0.03125
2 0.31953125 0.2796875 0.0515625 0.040625
0 0.57421875 0.3203125 0.0359375 0.03125
2 0.5421875 0.38671875 0.059375 0.0453125
2 0.2171875 0.4765625 0.065625 0.059375
2 0.384375 0.5625 0.059375 0.0625
2 0.44296875 0.5734375 0.0609375 0.05625
2 0.46953125 0.64296875 0.0609375 0.0546875
2 0.5734375 0.62578125 0.059375 0.0609375
2 0.6359375 0.8 0.059375 0.065625
2 0.55078125 0.80234375 0.0515625 0.0421875
2 0.54296875 0.8546875 0.0390625 0.0375
2 0.525 0.71328125 0.040625 0.0390625
2 0.4875 0.70859375 0.046875 0.0484375
2 0.65390625 0.70625 0.0515625 0.040625
2 0.68203125 0.678125 0.0609375 0.05625
2 0.59375 0.90078125 0.0625 0.0484375
2 0.49453125 0.97109375 0.0609375 0.0578125
2 0.2953125 0.45859375 0.05625 0.0609375
2 0.31328125 0.4515625 0.0515625 0.040625
3 0.41953125 0.484375 0.0453125 0.04375
2 0.76796875 0.77734375 0.0546875 0.0546875
2 0.56171875 0.77421875 0.0390625 0.0421875
2 0.4734375 0.775 0.053125 0.053125
2 0.60390625 0.69921875 0.0484375 0.0421875
2 0.8734375 0.63828125 0.053125 0.0515625
3 0.45390625 0.7015625 0.0484375 0.034375
2 0.8796875 0.71953125 0.0625 0.0515625
3 0.48828125 0.9140625 0.0515625 0.04375
2 0.45 0.8515625 0.059375 0.05625
3 0.4546875 0.90078125 0.059375 0.0515625
3 0.3203125 0.79140625 0.053125 0.0546875
2 0.6015625 0.77734375 0.053125 0.0546875
2 0.61015625 0.753125 0.0421875 0.046875
2 0.5984375 0.7328125 0.046875 0.04375
2 0.71484375 0.7828125 0.0578125 0.05625
2 0.68046875 0.83359375 0.0453125 0.0453125
2 0.6390625 0.68125 0.053125 0.040625
2 0.58359375 0.67578125 0.0609375 0.0515625
2 0.53125 0.67265625 0.05 0.0421875
2 0.76328125 0.52734375 0.0578125 0.0609375
2 0.38515625 0.909375 0.0546875 0.05625
2 0.60625 0.84765625 0.065625 0.0359375
2 0.515625 0.778125 0.05625 0.05625
2 0.4265625 0.753125 0.040625 0.04375
2 0.52578125 0.403125 0.0609375 0.04375
2 0.6078125 0.50078125 0.05625 0.0578125
2 0.56328125 0.51015625 0.0578125 0.0578125
2 0.653125 0.5234375 0.05625 0.053125
2 0.3375 0.76328125 0.0625 0.0578125
2 0.334375 0.83828125 0.05 0.0484375
2 0.3203125 0.8640625 0.05 0.05625
2 0.43125 0.96640625 0.04375 0.0421875
2 0.515625 0.9015625 0.040625 0.046875
2 0.50078125 0.846875 0.0515625 0.04375
2 0.69765625 0.8171875 0.0484375 0.040625
3 0.334375 0.62578125 0.040625 0.0421875
2 0.7703125 0.4015625 0.059375 0.059375
2 0.5203125 0.684375 0.05 0.04375
2 0.3234375 0.7140625 0.059375 0.046875
2 0.41796875 0.74453125 0.0609375 0.0484375
2 0.29296875 0.79375 0.0515625 0.053125
2 0.2921875 0.86484375 0.05625 0.0578125
2 0.38125 0.6796875 0.04375 0.0375
2 0.38671875 0.8296875 0.0421875 0.04375
0 0.29609375 0.95234375 0.0296875 0.0203125
2 0.453125 0.97109375 0.05625 0.0546875
2 0.759375 0.61328125 0.05 0.0453125
3 0.3015625 0.41015625 0.05 0.0421875
2 0.6234375 0.371875 0.059375 0.0625
2 0.465625 0.509375 0.046875 0.046875
2 0.634375 0.46953125 0.040625 0.0421875
3 0.346875 0.4375 0.05625 0.05
2 0.36640625 0.45078125 0.0484375 0.0515625
2 0.66875 0.80078125 0.053125 0.0515625
2 0.61328125 0.60078125 0.0453125 0.0421875
2 0.43515625 0.88125 0.0453125 0.046875
2 0.57734375 0.953125 0.0390625 0.046875
2 0.4984375 0.7875 0.05 0.05625
2 0.45859375 0.803125 0.0515625 0.046875
2 0.51953125 0.821875 0.0515625 0.059375
2 0.43515625 0.7796875 0.0609375 0.05
3 0.33046875 0.66796875 0.0578125 0.0546875
2 0.265625 0.85390625 0.059375 0.0546875
2 0.21953125 0.88359375 0.0671875 0.0640625
0 0.26953125 0.9375 0.0203125 0.028125
2 0.3109375 0.9859375 0.053125 0.028125
3 0.2609375 0.7328125 0.05 0.04375
3 0.46328125 0.73125 0.0390625 0.040625
2 0.3203125 0.25 0.053125 0.053125
2 0.2 0.3875 0.05625 0.046875
2 0.1671875 0.5078125 0.06875 0.0625
3 0.51875 0.60078125 0.059375 0.0640625
2 0.77578125 0.57734375 0.0484375 0.0421875
2 0.54765625 0.92578125 0.0515625 0.0515625
3 0.61484375 0.94453125 0.0484375 0.0515625
2 0.8 0.74140625 0.05625 0.0609375
2 0.71640625 0.8 0.0546875 0.05625
2 0.1625 0.853125 0.065625 0.078125
2 0.184375 0.8515625 0.046875 0.05
2 0.6453125 0.9515625 0.075 0.071875
2 0.23984375 0.57109375 0.0640625 0.0609375
2 0.61171875 0.578125 0.0515625 0.05
2 0.6359375 0.85546875 0.0625 0.0546875
2 0.4140625 0.6796875 0.04375 0.0625
2 0.39453125 0.69921875 0.0484375 0.0484375
2 0.48203125 0.8859375 0.0515625 0.046875
2 0.384375 0.81015625 0.034375 0.0359375
2 0.6578125 0.64765625 0.05625 0.0546875
2 0.22109375 0.615625 0.0640625 0.071875
2 0.2859375 0.68515625 0.05 0.0515625