2 0.1203125 0.0078125 0.05625 0.015625
2 0.10625 0.0359375 0.05625 0.046875
2 0.02421875 0.01015625 0.0484375 0.0203125
3 0.0078125 0.03359375 0.015625 0.0484375
2 0.0984375 0.1375 0.05625 0.053125
2 0.1484375 0.01953125 0.05 0.0390625
2 0.034375 0.1984375 0.059375 0.059375
2 0.12890625 0.12109375 0.0578125 0.0390625
2 0.01953125 0.29296875 0.0390625 0.0484375
3 0.6046875 0.01484375 0.040625 0.0296875
2 0.4296875 0.003125 0.059375 0.00625
2 0.3671875 0.06328125 0.05625 0.0421875
2 0.275 0.01171875 0.04375 0.0234375
2 0.50546875 0.2 0.0546875 0.034375
2 0.55703125 0.209375 0.0578125 0.046875
2 0.53671875 0.17578125 0.0609375 0.0578125
2 0.5203125 0.23359375 0.05625 0.0421875
2 0.7875 0.20859375 0.05625 0.0546875
2 0.78828125 0.23046875 0.0515625 0.0359375
2 0.7609375 0.25 0.05 0.04375
2 0.81875 0.30390625 0.04375 0.0546875
2 0.78984375 0.35625 0.0546875 0.053125
3 0.7671875 0.33984375 0.04375 0.0359375
2 0.78046875 0.39609375 0.0515625 0.0515625
2 0.74296875 0.3953125 0.0546875 0.05
2 0.7640625 0.396875 0.05625 0.05
2 0.7234375 0.41796875 0.046875 0.0453125
2 0.7265625 0.37734375 0.053125 0.0484375
2 0.6734375 0.4140625 0.05 0.04375
3 0.72265625 0.42890625 0.0421875 0.0390625
3 0.56015625 0.59765625 0.0484375 0.0453125
2 0.52265625 0.61328125 0.0390625 0.0421875
0 0.38125 0.60078125 0.034375 0.0234375
3 0.35546875 0.44765625 0.0515625 0.0421875
2 0.22109375 0.45703125 0.0609375 0.0515625
2 0.30390625 0.2578125 0.0671875 0.05625
2 0.23671875 0.0765625 0.0609375 0.065625
2 0.2828125 0.01640625 0.034375 0.0328125
2 0.7515625 0.45625 0.053125 0.053125
2 0.65859375 0.42578125 0.0609375 0.0546875
2 0.68359375 0.37578125 0.0515625 0.0421875
2 0.7 0.3984375 0.059375 0.05625
3 0.78828125 0.28828125 0.0484375 0.0546875
2 0.77890625 0.3203125 0.0515625 0.053125
2 0.76640625 0.35625 0.0359375 0.0375
2 0.72421875 0.28125 0.0390625 0.0375
2 0.6640625 0.28203125 0.05625 0.0359375
2 0.66640625 0.2609375 0.0515625 0.046875
2 0.66640625 0.24375 0.0484375 0.046875
2 0.70859375 0.26796875 0.0578125 0.0546875
2 0.44453125 0.29453125 0.0515625 0.0484375
2 0.43515625 0.3453125 0.0421875 0.040625
2 0.4765625 0.24453125 0.05 0.0390625
3 0.38671875 0.290625 0.0484375 0.05
2 0.5375 0.11328125 0.06875 0.0515625
2 0.50546875 0.171875 0.0484375 0.05
2 0.5109375 0.02421875 0.05625 0.0484375
2 0.4015625 0.10625 0.0625 0.059375
2 0.3015625 0.2859375 0.05625 0.05625
2 0.3546875 0.55546875 0.053125 0.0578125
3 0.559375 0.575 0.05 0.04375
2 0.72421875 0.234375 0.0546875 0.059375
2 0.5484375 0.02265625 0.05 0.0453125
2 0.47109375 0.21953125 0.0578125 0.0453125
2 0.4796875 0.26171875 0.0625 0.0578125
2 0.41640625 0.2515625 0.0609375 0.05625
3 0.24375 0.190625 0.059375 0.059375
2 0.36171875 0.49453125 0.0453125 0.0359375
2 0.4234375 0.50859375 0.0375 0.0484375
2 0.32578125 0.58515625 0.0453125 0.0453125
2 0.53828125 0.5234375 0.0484375 0.04375
2 0.82890625 0.35546875 0.0453125 0.0578125
2 0.8453125 0.35546875 0.05 0.0515625
2 0.71796875 0.31328125 0.0453125 0.0484375
3 0.74609375 0.2890625 0.0421875 0.03125
2 0.5421875 0.05078125 0.059375 0.0453125
2 0.2171875 0.140625 0.065625 0.059375
2 0.384375 0.2265625 0.059375 0.0625
2 0.44296875 0.2375 0.0609375 0.05625
2 0.46953125 0.30703125 0.0609375 0.0546875
2 0.5734375 0.28984375 0.059375 0.0609375
2 0.6359375 0.4640625 0.059375 0.065625
2 0.55078125 0.46640625 0.0515625 0.0421875
2 0.54296875 0.51875 0.0390625 0.0375
2 0.525 0.37734375 0.040625 0.0390625
2 0.4875 0.37265625 0.046875 0.0484375
2 0.65390625 0.3703125 0.0515625 0.040625
2 0.68203125 0.3421875 0.0609375 0.05625
2 0.59375 0.56484375 0.0625 0.0484375
2 0.49453125 0.63515625 0.0609375 0.0578125
2 0.2953125 0.12265625 0.05625 0.0609375
2 0.31328125 0.115625 0.0515625 0.040625
3 0.41953125 0.1484375 0.0453125 0.04375
2 0.76796875 0.44140625 0.0546875 0.0546875
2 0.56171875 0.43828125 0.0390625 0.0421875
2 0.4734375 0.4390625 0.053125 0.053125
2 0.60390625 0.36328125 0.0484375 0.0421875
2 0.8734375 0.30234375 0.053125 0.0515625
3 0.45390625 0.365625 0.0484375 0.034375
2 0.8796875 0.38359375 0.0625 0.0515625
3 0.48828125 0.578125 0.0515625 0.04375
2 0.45 0.515625 0.059375 0.05625
3 0.4546875 0.56484375 0.059375 0.0515625
3 0.3203125 0.45546875 0.053125 0.0546875
2 0.6015625 0.44140625 0.053125 0.0546875
2 0.61015625 0.4171875 0.0421875 0.046875
2 0.5984375 0.396875 0.046875 0.04375
2 0.71484375 0.446875 0.0578125 0.05625
2 0.68046875 0.49765625 0.0453125 0.0453125
2 0.6390625 0.3453125 0.053125 0.040625
2 0.58359375 0.33984375 0.0609375 0.0515625
2 0.53125 0.33671875 0.05 0.0421875
2 0.76328125 0.19140625 0.0578125 0.0609375
2 0.38515625 0.5734375 0.0546875 0.05625
2 0.60625 0.51171875 0.065625 0.0359375
2 0.515625 0.4421875 0.05625 0.05625
2 0.4265625 0.4171875 0.040625 0.04375
2 0.52578125 0.0671875 0.0609375 0.04375
2 0.6078125 0.16484375 0.05625 0.0578125
2 0.56328125 0.17421875 0.0578125 0.0578125
2 0.653125 0.1875 0.05625 0.053125
2 0.3375 0.42734375 0.0625 0.0578125
2 0.334375 0.50234375 0.05 0.0484375
2 0.3203125 0.528125 0.05 0.05625
2 0.43125 0.63046875 0.04375 0.0421875
2 0.515625 0.565625 0.040625 0.046875
2 0.50078125 0.5109375 0.0515625 0.04375
2 0.69765625 0.48125 0.0484375 0.040625
3 0.334375 0.28984375 0.040625 0.0421875
2 0.7703125 0.065625 0.059375 0.059375
2 0.5203125 0.3484375 0.05 0.04375
2 0.3234375 0.378125 0.059375 0.046875
2 0.41796875 0.40859375 0.0609375 0.0484375
2 0.29296875 0.4578125 0.0515625 0.053125
2 0.2921875 0.52890625 0.05625 0.0578125
2 0.38125 0.34375 0.04375 0.0375
2 0.38671875 0.49375 0.0421875 0.04375
0 0.29609375 0.61640625 0.0296875 0.0203125
2 0.453125 0.63515625 0.05625 0.0546875
2 0.759375 0.27734375 0.05 0.0453125
3 0.3015625 0.07421875 0.05 0.0421875
2 0.6234375 0.0359375 0.059375 0.0625
2 0.465625 0.1734375 0.046875 0.046875
2 0.634375 0.13359375 0.040625 0.0421875
3 0.346875 0.1015625 0.05625 0.05
2 0.36640625 0.11484375 0.0484375 0.0515625
2 0.66875 0.46484375 0.053125 0.0515625
2 0.61328125 0.26484375 0.0453125 0.0421875
2 0.43515625 0.5453125 0.0453125 0.046875
2 0.57734375 0.6171875 0.0390625 0.046875
2 0.4984375 0.4515625 0.05 0.05625
2 0.45859375 0.4671875 0.0515625 0.046875
2 0.51953125 0.4859375 0.0515625 0.059375
2 0.43515625 0.44375 0.0609375 0.05
3 0.33046875 0.33203125 0.0578125 0.0546875
2 0.265625 0.51796875 0.059375 0.0546875
2 0.21953125 0.54765625 0.0671875 0.0640625
0 0.26953125 0.6015625 0.0203125 0.028125
2 0.3109375 0.66171875 0.053125 0.0515625
3 0.2609375 0.396875 0.05 0.04375
3 0.46328125 0.3953125 0.0390625 0.040625
2 0.2 0.0515625 0.05625 0.046875
2 0.1671875 0.171875 0.06875 0.0625
3 0.51875 0.26484375 0.059375 0.0640625
2 0.77578125 0.24140625 0.0484375 0.0421875
2 0.54765625 0.58984375 0.0515625 0.0515625
3 0.61484375 0.60859375 0.0484375 0.0515625
2 0.8 0.40546875 0.05625 0.0609375
2 0.71640625 0.4640625 0.0546875 0.05625
2 0.1625 0.5171875 0.065625 0.078125
2 0.184375 0.515625 0.046875 0.05
2 0.6453125 0.615625 0.075 0.071875
2 0.23984375 0.23515625 0.0640625 0.0609375
2 0.61171875 0.2421875 0.0515625 0.05
2 0.6359375 0.51953125 0.0625 0.0546875
2 0.4140625 0.34375 0.04375 0.0625
2 0.39453125 0.36328125 0.0484375 0.0484375
2 0.48203125 0.55 0.0515625 0.046875
2 0.384375 0.47421875 0.034375 0.0359375
2 0.6578125 0.31171875 0.05625 0.0546875
2 0.22109375 0.2796875 0.0640625 0.071875
2 0.2859375 0.34921875 0.05 0.0515625