0 0.03046875 0.14375 0.0421875 0.04375
2 0.19921875 0.28984375 0.0421875 0.0359375
2 0.25703125 0.5671875 0.0390625 0.034375
2 0.33828125 0.58046875 0.0359375 0.0359375
2 0.590625 0.56796875 0.040625 0.0328125
2 0.59765625 0.4921875 0.0421875 0.03125
2 0.59765625 0.51328125 0.0421875 0.0265625
2 0.59609375 0.525 0.0421875 0.028125
2 0.41171875 0.5578125 0.0390625 0.0375
3 0.65703125 0.46171875 0.0328125 0.0390625
2 0.6671875 0.41171875 0.0375 0.0390625
2 0.5203125 0.3078125 0.03125 0.0375
2 0.3890625 0.47265625 0.04375 0.0421875
2 0.40859375 0.4109375 0.0453125 0.040625
3 0.67578125 0.31484375 0.0390625 0.0265625
2 0.715625 0.2453125 0.0375 0.0375
2 0.49375 0.25625 0.05 0.03125
2 0.4984375 0.23046875 0.040625 0.0359375
2 0.46015625 0.21640625 0.0390625 0.0390625
2 0.44375 0.209375 0.03125 0.0375
2 0.4109375 0.25390625 0.040625 0.0484375
2 0.38828125 0.2421875 0.0359375 0.0375
2 0.6328125 0.11171875 0.046875 0.0359375
2 0.61875 0.1296875 0.034375 0.034375
2 0.13046875 0.2171875 0.0359375 0.034375
3 0.309375 0.2171875 0.0375 0.040625
3 0.35 0.25703125 0.04375 0.0359375
2 0.36015625 0.4765625 0.0390625 0.04375
2 0.2421875 0.65 0.053125 0.04375
2 0.2921875 0.58984375 0.028125 0.0234375
0 0.39296875 0.73359375 0.0328125 0.0203125
2 0.3859375 0.6046875 0.0375 0.034375
2 0.340625 0.63125 0.0375 0.034375
2 0.44140625 0.5515625 0.0421875 0.04375
2 0.4671875 0.434375 0.0375 0.034375
2 0.4359375 0.45078125 0.040625 0.0296875
2 0.29609375 0.31171875 0.0390625 0.0359375
3 0.528125 0.3578125 0.04375 0.034375
2 0.61953125 0.3546875 0.0421875 0.028125
2 0.56484375 0.3328125 0.0296875 0.034375
3 0.7890625 0.2609375 0.04375 0.046875
2 0.70234375 0.2234375 0.0453125 0.04375
2 0.63515625 0.27265625 0.0390625 0.0421875
2 0.7171875 0.178125 0.0375 0.03125
2 0.41640625 0.909375 0.0359375 0.040625
2 0.309375 0.70546875 0.04375 0.0421875
2 0.33046875 0.28125 0.0390625 0.04375
3 0.2859375 0.25546875 0.0375 0.0328125
3 0.30078125 0.278125 0.0390625 0.028125
3 0.29765625 0.290625 0.0390625 0.028125
3 0.28984375 0.3421875 0.0421875 0.040625
2 0.10546875 0.59140625 0.0359375 0.0390625
2 0.2578125 0.671875 0.046875 0.04375
2 0.42578125 0.70546875 0.0453125 0.0359375
2 0.646875 0.565625 0.028125 0.03125
2 0.49375 0.603125 0.028125 0.03125
2 0.4484375 0.60703125 0.0375 0.0359375
2 0.44375 0.590625 0.04375 0.046875
3 0.48046875 0.546875 0.0328125 0.040625
2 0.51171875 0.44140625 0.0359375 0.0328125
2 0.48671875 0.4078125 0.0390625 0.03125
2 0.57578125 0.28984375 0.0390625 0.0390625
3 0.67421875 0.278125 0.0328125 0.040625
2 0.5859375 0.32734375 0.03125 0.0296875
2 0.6734375 0.2421875 0.040625 0.034375
2 0.53359375 0.27109375 0.0328125 0.0390625
2 0.53203125 0.18984375 0.0390625 0.0390625
2 0.60546875 0.0515625 0.0359375 0.0375
2 0.63046875 0.03828125 0.0484375 0.0359375
2 0.4921875 0.04296875 0.0375 0.0390625
2 0.45625 0.12578125 0.05625 0.0421875
2 0.428125 0.15703125 0.0375 0.0390625
2 0.1734375 0.05234375 0.0375 0.0453125
0 0.31328125 0.1453125 0.0359375 0.025
2 0.33203125 0.1921875 0.0390625 0.040625
2 0.1109375 0.24296875 0.0375 0.0359375
2 0.30546875 0.74765625 0.0421875 0.0359375
2 0.7140625 0.4125 0.0375 0.04375
2 0.45234375 0.003125 0.0421875 0.00625
2 0.3359375 0.390625 0.0375 0.05
2 0.3109375 0.39765625 0.04375 0.0453125
2 0.51640625 0.40703125 0.0484375 0.0421875
3 0.165625 0.146875 0.040625 0.040625
2 0.146875 0.13828125 0.040625 0.0390625
2 0.14765625 0.23046875 0.0515625 0.0453125
2 0.17109375 0.56328125 0.0359375 0.0296875
2 0.1671875 0.546875 0.046875 0.040625
2 0.21875 0.675 0.046875 0.04375
3 0.21484375 0.64453125 0.0390625 0.0421875
2 0.42890625 0.653125 0.0296875 0.03125
2 0.40390625 0.715625 0.0390625 0.0375
2 0.653125 0.75390625 0.04375 0.0421875
3 0.53984375 0.528125 0.0328125 0.025
2 0.4171875 0.4359375 0.04375 0.0375
2 0.49375 0.428125 0.0375 0.03125
2 0.5109375 0.61328125 0.034375 0.0328125
2 0.421875 0.5984375 0.0375 0.040625
2 0.48359375 0.71484375 0.0484375 0.0453125
3 0.7109375 0.28125 0.0375 0.04375
3 0.646875 0.14765625 0.034375 0.0359375
2 0.70703125 0.1609375 0.0296875 0.03125
2 0.64296875 0.0109375 0.0390625 0.021875
2 0.415625 0.034375 0.0375 0.053125
2 0.38515625 0.1703125 0.0328125 0.034375
2 0.31171875 0.609375 0.0328125 0.040625
2 0.2859375 0.58046875 0.03125 0.0328125
2 0.6609375 0.56875 0.028125 0.034375
2 0.6578125 0.22734375 0.040625 0.0328125
2 0.59609375 0.13125 0.0453125 0.040625
2 0.57109375 0.2125 0.0421875 0.0375
3 0.396875 0.3203125 0.040625 0.0375
2 0.47265625 0.36015625 0.0390625 0.0390625
3 0.40859375 0.34921875 0.0296875 0.0390625
2 0.4421875 0.303125 0.04375 0.034375
2 0.3078125 0.53203125 0.040625 0.0359375
2 0.21953125 0.5234375 0.0390625 0.0375
2 0.0859375 0.26953125 0.04375 0.0359375
3 0.27734375 0.3125 0.0328125 0.025
2 0.1171875 0.33203125 0.0375 0.0390625
2 0.12265625 0.42578125 0.0546875 0.0484375
2 0.13203125 0.52265625 0.0578125 0.0453125
2 0.0125 0.5703125 0.025 0.05
2 0.11484375 0.58125 0.0453125 0.053125
2 0.16484375 0.6234375 0.0546875 0.05
2 0.28125 0.65859375 0.0375 0.0421875
2 0.31484375 0.87421875 0.0484375 0.0421875
2 0.32265625 0.90078125 0.0578125 0.0484375
2 0.503125 0.95859375 0.03125 0.0359375
2 0.41015625 0.86015625 0.0484375 0.0421875
2 0.60625 0.74609375 0.059375 0.0515625
2 0.47109375 0.66484375 0.0390625 0.0359375
2 0.3890625 0.6734375 0.046875 0.0375
2 0.44453125 0.51484375 0.0390625 0.0421875
2 0.4078125 0.3796875 0.0375 0.0375
2 0.5484375 0.3921875 0.03125 0.040625
2 0.63828125 0.3453125 0.0453125 0.040625
2 0.67578125 0.29296875 0.0390625 0.0359375
2 0.74921875 0.37734375 0.0390625 0.0390625
2 0.7890625 0.44140625 0.04375 0.0390625
3 0.74921875 0.15078125 0.0359375 0.0328125
2 0.528125 0.05625 0.05 0.040625
3 0.42421875 0.11015625 0.0390625 0.0421875
2 0.58203125 0.38125 0.0390625 0.034375
2 0.390625 0.015625 0.03125 0.03125
3 0.3640625 0.0046875 0.040625 0.009375
2 0.3484375 0.1734375 0.046875 0.028125
3 0.37578125 0.19765625 0.0390625 0.0390625
2 0.13671875 0.2640625 0.0546875 0.04375
2 0.153125 0.3453125 0.046875 0.0375
2 0.29296875 0.44296875 0.0328125 0.0296875
2 0.3296875 0.753125 0.040625 0.040625
2 0.25859375 0.69453125 0.0390625 0.0390625
2 0.590625 0.54609375 0.0375 0.0328125
2 0.70390625 0.62578125 0.0515625 0.0578125
2 0.71171875 0.35390625 0.0359375 0.0359375
2 0.40625 0.115625 0.040625 0.0375
2 0.13125 0.4953125 0.053125 0.04375
2 0.4984375 0.72421875 0.040625 0.0359375
0 0.45625 0.74921875 0.034375 0.0359375
2 0.346875 0.71328125 0.053125 0.0421875
2 0.32890625 0.68046875 0.0359375 0.0296875
2 0.61875 0.30390625 0.0375 0.0296875
2 0.3109375 0.66171875 0.040625 0.0359375
2 0.53515625 0.60234375 0.0390625 0.0390625
3 0.46171875 0.45859375 0.0359375 0.0296875
2 0.6984375 0.57109375 0.046875 0.0453125
2 0.7359375 0.62890625 0.053125 0.0515625
2 0.6171875 0.38828125 0.04375 0.0390625
3 0.5140625 0.38203125 0.040625 0.0296875
2 0.29921875 0.85078125 0.0484375 0.0515625
2 0.3765625 0.8171875 0.046875 0.034375
0 0.3875 0.75703125 0.03125 0.0265625
2 0.1 0.23125 0.040625 0.04375
2 0.1828125 0.24921875 0.04375 0.0484375
0 0.1953125 0.21953125 0.03125 0.0296875
3 0.07421875 0.18125 0.0546875 0.053125
2 0.13125 0.184375 0.0375 0.04375
2 0.36875 0.31328125 0.0375 0.0390625
2 0.25625 0.01875 0.04375 0.0375
2 0.3203125 0.00703125 0.034375 0.0140625
2 0.34609375 0.0328125 0.0328125 0.034375
2 0.4609375 0.01484375 0.04375 0.0296875
2 0.4765625 0.0640625 0.0375 0.046875
2 0.48828125 0.09765625 0.0328125 0.0453125
2 0.2109375 0.25703125 0.0375 0.0453125
2 0.13515625 0.30859375 0.0546875 0.0546875
2 0.21640625 0.50546875 0.0421875 0.0421875
2 0.16484375 0.47265625 0.0546875 0.0484375
2 0.29140625 0.47578125 0.0421875 0.0453125
2 0.165625 0.5046875 0.05 0.04375
2 0.08125 0.54453125 0.05 0.0515625
2 0.21328125 0.5984375 0.0515625 0.0375
2 0.0578125 0.6546875 0.05 0.046875
2 0.25 0.73125 0.05625 0.05625
0 0.2890625 0.8734375 0.021875 0.01875
2 0.5390625 0.91875 0.046875 0.046875
2 0.4109375 0.8265625 0.04375 0.046875
2 0.41171875 0.7734375 0.0484375 0.046875
2 0.4578125 0.73046875 0.040625 0.0359375
2 0.40390625 0.45703125 0.0359375 0.0359375
2 0.5609375 0.60078125 0.03125 0.0359375
2 0.5328125 0.5609375 0.034375 0.028125
2 0.5375 0.6515625 0.0375 0.03125
2 0.640625 0.9703125 0.059375 0.05625
2 0.73046875 0.3265625 0.0421875 0.040625
3 0.571875 0.1828125 0.0375 0.034375
2 0.734375 0.10703125 0.0375 0.0421875
2 0.696875 0.1359375 0.04375 0.03125
2 0.64765625 0.2015625 0.0390625 0.040625
2 0.5453125 0.50703125 0.040625 0.0359375
2 0.4640625 0.14609375 0.04375 0.0390625
2 0.4546875 0.284375 0.04375 0.04375
2 0.321875 0.22421875 0.03125 0.0359375
3 0.78125 0.61015625 0.046875 0.0484375
0 0.65703125 0.49765625 0.0328125 0.0234375
2 0.46796875 0.90859375 0.0390625 0.0515625
0 0.21484375 0.215625 0.0328125 0.0375
2 0.0953125 0.3703125 0.034375 0.040625
2 0.721875 0.95234375 0.053125 0.0546875
2 0.67578125 0.5203125 0.0546875 0.04375
2 0.028125 0.609375 0.040625 0.04375
2 0.4640625 0.79453125 0.040625 0.0359375
2 0.33671875 0.79765625 0.0546875 0.0484375
2 0.22421875 0.75625 0.0546875 0.046875
2 0.27578125 0.53828125 0.0578125 0.0421875
3 0.30625 0.0015625 0.0375 0.003125
2 0.56875 0.9765625 0.053125 0.04375
2 0.48203125 0.8203125 0.0453125 0.040625
0 0.121875 0.4515625 0.03125 0.034375
2 0.0828125 0.6078125 0.046875 0.053125
2 0.6359375 0.91640625 0.046875 0.0390625
0 0.6171875 0.8375 0.034375 0.025
2 0.6328125 0.71796875 0.040625 0.0453125
3 0.7328125 0.675 0.040625 0.053125
2 0.70078125 0.3203125 0.0453125 0.04375
3 0.64375 0.09921875 0.046875 0.0234375
2 0.196875 0.559375 0.040625 0.046875
2 0.10078125 0.55625 0.0484375 0.05
2 0.3234375 0.025 0.05 0.05
2 0.33515625 0.81640625 0.0390625 0.0421875
2 0.28515625 0.94140625 0.0546875 0.0484375
2 0.73984375 0.51640625 0.0734375 0.0546875
3 0.715625 0.10078125 0.040625 0.0421875
2 0.721875 0.0546875 0.040625 0.040625
2 0.734375 0.0734375 0.046875 0.040625
2 0.6578125 0.11015625 0.034375 0.0453125
3 0.1890625 0.16328125 0.0375 0.0390625
2 0.01875 0.19921875 0.0375 0.0453125
2 0.11328125 0.7921875 0.0546875 0.053125
2 0.0140625 0.659375 0.028125 0.0375
2 0.51875 0.30234375 0.0375 0.0359375
2 0.61796875 0.92734375 0.0609375 0.0484375
0 0.44296875 0.94453125 0.0296875 0.0328125
2 0.19296875 0.39296875 0.0515625 0.0484375
2 0.14453125 0.55234375 0.0359375 0.0359375
2 0.384375 0.890625 0.04375 0.05625
0 0.3703125 0.84609375 0.034375 0.0296875
2 0.34921875 0.88671875 0.0515625 0.0515625
2 0.490625 0.9859375 0.065625 0.025
2 0.49921875 0.790625 0.0609375 0.059375
2 0.6390625 0.58125 0.028125 0.040625
2 0.2921875 0.1921875 0.034375 0.03125
2 0.2203125 0.8828125 0.05 0.046875
2 0.146875 0.64609375 0.059375 0.0515625
2 0.28359375 0.84453125 0.0390625 0.0390625
2 0.31484375 0.99296875 0.0671875 0.0109375
2 0.3140625 0.93828125 0.053125 0.0453125
2 0.59609375 0.8890625 0.0421875 0.04375
1 0.77578125 0.184375 0.0640625 0.05625
2 0.60546875 0.9703125 0.0578125 0.05
2 0.46875 0.8421875 0.03125 0.04375
2 0.19140625 0.76015625 0.0390625 0.0390625
2 0.66875 0.596875 0.04375 0.04375
2 0.28671875 0.83046875 0.0609375 0.0421875
2 0.2265625 0.84296875 0.053125 0.0390625
2 0.09609375 0.42421875 0.0453125 0.0484375
2 0.84140625 0.0125 0.0609375 0.025
2 0.85546875 0.14921875 0.0390625 0.0421875
2 0.940625 0.05234375 0.053125 0.0515625
3 0.8625 0.0265625 0.059375 0.053125
2 0.890625 0.07890625 0.059375 0.0546875
2 0.946875 0.09375 0.059375 0.05625
2 0.9125 0.0046875 0.0625 0.009375
0 0.996875 0.01328125 0.00625 0.0265625
2 0.91875 0.025 0.053125 0.046875