2 0.5953125 0.0078125 0.05625 0.015625
2 0.58125 0.0359375 0.05625 0.046875
2 0.40078125 0.0390625 0.0484375 0.046875
2 0.4296875 0.02734375 0.040625 0.0546875
2 0.4984375 0.01015625 0.05 0.0203125
3 0.2921875 0.10703125 0.059375 0.0609375
3 0.46875 0.03359375 0.04375 0.0484375
2 0.25859375 0.00859375 0.0296875 0.0171875
2 0.28828125 0.02421875 0.0515625 0.0484375
3 0.36796875 0.00390625 0.0546875 0.0078125
2 0.32109375 0.07109375 0.0546875 0.0546875
2 0.2328125 0.23984375 0.059375 0.0484375
3 0.25546875 0.21796875 0.0515625 0.0546875
3 0.26015625 0.18046875 0.0546875 0.0515625
2 0.34453125 0.0265625 0.0578125 0.053125
2 0.40546875 0.01328125 0.0328125 0.0265625
2 0.38359375 0.01640625 0.0515625 0.0328125
2 0.5734375 0.1375 0.05625 0.053125
2 0.6234375 0.01953125 0.05 0.0390625
2 0.44453125 0.1640625 0.0515625 0.05625
2 0.396875 0.15546875 0.059375 0.0546875
3 0.36484375 0.19921875 0.0484375 0.0484375
2 0.40703125 0.06796875 0.0609375 0.0578125
3 0.30078125 0.17265625 0.0578125 0.0578125
2 0.34140625 0.21171875 0.0421875 0.0546875
2 0.509375 0.1984375 0.059375 0.059375
2 0.3125 0.26015625 0.05625 0.0484375
2 0.36484375 0.03046875 0.0421875 0.0546875
2 0.240625 0.02109375 0.05625 0.0421875
2 0.33671875 0.171875 0.0546875 0.053125
2 0.60390625 0.12109375 0.0578125 0.0390625
2 0.15390625 0.24375 0.0546875 0.059375
2 0.48203125 0.29296875 0.0640625 0.0484375
2 0.040625 0.05234375 0.053125 0.0515625
2 0.13359375 0.15234375 0.0578125 0.0609375
0 0.1875 0.15078125 0.025 0.0265625
2 0.01015625 0.07890625 0.0203125 0.0546875
2 0.046875 0.09375 0.059375 0.05625
2 0.021875 0.0046875 0.04375 0.009375
2 0.17421875 0.0125 0.0546875 0.025
0 0.10703125 0.01328125 0.0265625 0.0265625
2 0.1609375 0.05625 0.059375 0.053125
2 0.21328125 0.19921875 0.0546875 0.0640625
2 0.24296875 0.13828125 0.0453125 0.0484375
2 0.02265625 0.025 0.0453125 0.046875
2 0.9046875 0.003125 0.059375 0.00625
2 0.8421875 0.06328125 0.05625 0.0421875
2 0.75 0.01171875 0.04375 0.0234375
2 0.9765625 0.2 0.046875 0.034375
2 0.990625 0.17578125 0.01875 0.0578125
2 0.98359375 0.23359375 0.0328125 0.0421875
2 0.9890625 0.61328125 0.021875 0.0421875
0 0.85625 0.60078125 0.034375 0.0234375
3 0.83046875 0.44765625 0.0515625 0.0421875
2 0.69609375 0.45703125 0.0609375 0.0515625
2 0.77890625 0.2578125 0.0671875 0.05625
2 0.71171875 0.0765625 0.0609375 0.065625
2 0.7578125 0.01640625 0.034375 0.0328125
2 0.91953125 0.29453125 0.0515625 0.0484375
2 0.91015625 0.3453125 0.0421875 0.040625
2 0.9515625 0.24453125 0.05 0.0390625
3 0.86171875 0.290625 0.0484375 0.05
2 0.9890625 0.11328125 0.021875 0.0515625
2 0.978125 0.171875 0.04375 0.05
2 0.97890625 0.02421875 0.0421875 0.0484375
2 0.8765625 0.10625 0.0625 0.059375
2 0.7765625 0.2859375 0.05625 0.05625
2 0.8296875 0.55546875 0.053125 0.0578125
2 0.94609375 0.21953125 0.0578125 0.0453125
2 0.9546875 0.26171875 0.0625 0.0578125
2 0.89140625 0.2515625 0.0609375 0.05625
3 0.71875 0.190625 0.059375 0.059375
2 0.83671875 0.49453125 0.0453125 0.0359375
2 0.8984375 0.50859375 0.0375 0.0484375
2 0.80078125 0.58515625 0.0453125 0.0453125
2 0.99453125 0.5234375 0.0109375 0.04375
2 0.99375 0.05078125 0.0125 0.0453125
2 0.6921875 0.140625 0.065625 0.059375
2 0.859375 0.2265625 0.059375 0.0625
2 0.91796875 0.2375 0.0609375 0.05625
2 0.94453125 0.30703125 0.0609375 0.0546875
2 0.98984375 0.37734375 0.0203125 0.0390625
2 0.9625 0.37265625 0.046875 0.0484375
2 0.96953125 0.63515625 0.0609375 0.0578125
2 0.7703125 0.12265625 0.05625 0.0609375
2 0.78828125 0.115625 0.0515625 0.040625
3 0.89453125 0.1484375 0.0453125 0.04375
2 0.9484375 0.4390625 0.053125 0.053125
3 0.92890625 0.365625 0.0484375 0.034375
3 0.96328125 0.578125 0.0515625 0.04375
2 0.925 0.515625 0.059375 0.05625
3 0.9296875 0.56484375 0.059375 0.0515625
3 0.7953125 0.45546875 0.053125 0.0546875
2 0.990625 0.33671875 0.01875 0.0421875
2 0.86015625 0.5734375 0.0546875 0.05625
2 0.98125 0.4421875 0.0375 0.05625
2 0.9015625 0.4171875 0.040625 0.04375
2 0.98515625 0.0671875 0.0296875 0.04375
2 0.8125 0.42734375 0.0625 0.0578125
2 0.809375 0.50234375 0.05 0.0484375
2 0.7953125 0.528125 0.05 0.05625
2 0.90625 0.63046875 0.04375 0.0421875
2 0.98515625 0.565625 0.0296875 0.046875
2 0.975 0.5109375 0.05 0.04375
3 0.809375 0.28984375 0.040625 0.0421875
2 0.98515625 0.3484375 0.0296875 0.04375
2 0.7984375 0.378125 0.059375 0.046875
2 0.89296875 0.40859375 0.0609375 0.0484375
2 0.76796875 0.4578125 0.0515625 0.053125
2 0.7671875 0.52890625 0.05625 0.0578125
2 0.85625 0.34375 0.04375 0.0375
2 0.86171875 0.49375 0.0421875 0.04375
0 0.77109375 0.61640625 0.0296875 0.0203125
2 0.928125 0.63515625 0.05625 0.0546875
3 0.7765625 0.07421875 0.05 0.0421875
2 0.940625 0.1734375 0.046875 0.046875
3 0.821875 0.1015625 0.05625 0.05
2 0.84140625 0.11484375 0.0484375 0.0515625
2 0.91015625 0.5453125 0.0453125 0.046875
2 0.9734375 0.4515625 0.05 0.05625
2 0.93359375 0.4671875 0.0515625 0.046875
2 0.984375 0.4859375 0.03125 0.059375
2 0.91015625 0.44375 0.0609375 0.05
3 0.80546875 0.33203125 0.0578125 0.0546875
2 0.740625 0.51796875 0.059375 0.0546875
2 0.69453125 0.54765625 0.0671875 0.0640625
0 0.74453125 0.6015625 0.0203125 0.028125
2 0.7859375 0.66171875 0.053125 0.0515625
3 0.7359375 0.396875 0.05 0.04375
3 0.93828125 0.3953125 0.0390625 0.040625
2 0.675 0.0515625 0.05625 0.046875
2 0.6421875 0.171875 0.06875 0.0625
3 0.98203125 0.26484375 0.0359375 0.0640625
2 0.6375 0.5171875 0.065625 0.078125
2 0.659375 0.515625 0.046875 0.05
2 0.71484375 0.23515625 0.0640625 0.0609375
2 0.8890625 0.34375 0.04375 0.0625
2 0.86953125 0.36328125 0.0484375 0.0484375
2 0.95703125 0.55 0.0515625 0.046875
2 0.859375 0.47421875 0.034375 0.0359375
2 0.69609375 0.2796875 0.0640625 0.071875
2 0.7609375 0.34921875 0.05 0.0515625