2 0.4765625 0.21015625 0.059375 0.0609375
2 0.57734375 0.28671875 0.0609375 0.0515625
2 0.5953125 0.325 0.05625 0.053125
2 0.5234375 0.28671875 0.05 0.0609375
2 0.503125 0.28359375 0.053125 0.0546875
2 0.58125 0.371875 0.05625 0.046875
3 0.2671875 0.28359375 0.05 0.0546875
2 0.40078125 0.375 0.0484375 0.046875
2 0.4296875 0.36328125 0.040625 0.0546875
2 0.4984375 0.3328125 0.05 0.046875
3 0.2921875 0.44296875 0.059375 0.0609375
2 0.203125 0.31171875 0.059375 0.0546875
3 0.46875 0.36953125 0.04375 0.0484375
2 0.4328125 0.24453125 0.059375 0.0515625
2 0.25859375 0.3296875 0.0296875 0.046875
2 0.30390625 0.31328125 0.0609375 0.0546875
2 0.38515625 0.284375 0.0546875 0.05625
2 0.28828125 0.35859375 0.0515625 0.0515625
2 0.50625 0.240625 0.05625 0.053125
3 0.36796875 0.31640625 0.0546875 0.0546875
2 0.32109375 0.40703125 0.0546875 0.0546875
2 0.2328125 0.57578125 0.059375 0.0484375
3 0.25546875 0.55390625 0.0515625 0.0546875
3 0.26015625 0.51640625 0.0546875 0.0515625
2 0.34453125 0.359375 0.0578125 0.059375
2 0.40546875 0.3390625 0.0328125 0.046875
2 0.38359375 0.34296875 0.0515625 0.0515625
2 0.5734375 0.4734375 0.05625 0.053125
2 0.6234375 0.35390625 0.05 0.0421875
2 0.44453125 0.5 0.0515625 0.05625
2 0.396875 0.49140625 0.059375 0.0546875
3 0.36484375 0.53515625 0.0484375 0.0484375
3 0.42421875 0.30625 0.0609375 0.059375
2 0.40703125 0.40390625 0.0609375 0.0578125
3 0.30078125 0.50859375 0.0578125 0.0578125
2 0.34140625 0.54765625 0.0421875 0.0546875
2 0.4234375 0.0921875 0.0625 0.040625
2 0.509375 0.534375 0.059375 0.059375
2 0.3125 0.59609375 0.05625 0.0484375
2 0.36484375 0.36640625 0.0421875 0.0546875
2 0.33359375 0.1515625 0.0578125 0.059375
2 0.20625 0.27734375 0.05625 0.0609375
2 0.184375 0.2484375 0.04375 0.034375
2 0.240625 0.35 0.05625 0.05625
2 0.33671875 0.5078125 0.0546875 0.053125
2 0.60390625 0.45703125 0.0578125 0.0390625
3 0.0625 0.196875 0.0625 0.05625
2 0.15390625 0.5796875 0.0546875 0.059375
2 0.48203125 0.62890625 0.0640625 0.0484375
2 0.040625 0.38828125 0.053125 0.0515625
2 0.13359375 0.48828125 0.0578125 0.0609375
0 0.1875 0.48671875 0.025 0.0265625
2 0.1203125 0.18671875 0.046875 0.0421875
2 0.01015625 0.41484375 0.0203125 0.0546875
2 0.046875 0.4296875 0.059375 0.05625
2 0.021875 0.3171875 0.04375 0.05625
2 0.17421875 0.334375 0.0546875 0.053125
0 0.10703125 0.346875 0.0265625 0.03125
2 0.03984375 0.2625 0.0640625 0.05625
2 0.40625 0.26328125 0.046875 0.0546875
2 0.1609375 0.3921875 0.059375 0.053125
2 0.0140625 0.24765625 0.028125 0.0546875
2 0.21328125 0.53515625 0.0546875 0.0640625
2 0.33984375 0.05234375 0.0546875 0.0703125
2 0.24296875 0.47421875 0.0453125 0.0484375
2 0.02265625 0.3609375 0.0453125 0.046875
2 0.9046875 0.31171875 0.059375 0.0609375
2 0.8421875 0.39921875 0.05625 0.0421875
2 0.75 0.33046875 0.04375 0.0578125
2 0.9765625 0.5359375 0.046875 0.034375
2 0.990625 0.51171875 0.01875 0.0578125
2 0.98359375 0.56953125 0.0328125 0.0421875
2 0.9890625 0.94921875 0.021875 0.0421875
0 0.85625 0.93671875 0.034375 0.0234375
3 0.83046875 0.78359375 0.0515625 0.0421875
2 0.69609375 0.79296875 0.0609375 0.0515625
2 0.77890625 0.59375 0.0671875 0.05625
2 0.71171875 0.4125 0.0609375 0.065625
2 0.7578125 0.3515625 0.034375 0.034375
2 0.91953125 0.63046875 0.0515625 0.0484375
2 0.91015625 0.68125 0.0421875 0.040625
2 0.9515625 0.58046875 0.05 0.0390625
3 0.86171875 0.6265625 0.0484375 0.05
2 0.9890625 0.44921875 0.021875 0.0515625
2 0.978125 0.5078125 0.04375 0.05
2 0.97890625 0.35625 0.0421875 0.05625
2 0.8765625 0.4421875 0.0625 0.059375
2 0.7765625 0.621875 0.05625 0.05625
2 0.8296875 0.89140625 0.053125 0.0578125
2 0.94609375 0.55546875 0.0578125 0.0453125
2 0.9546875 0.59765625 0.0625 0.0578125
2 0.89140625 0.5875 0.0609375 0.05625
3 0.71875 0.5265625 0.059375 0.059375
2 0.83671875 0.83046875 0.0453125 0.0359375
2 0.8984375 0.84453125 0.0375 0.0484375
2 0.80078125 0.92109375 0.0453125 0.0453125
2 0.99453125 0.859375 0.0109375 0.04375
2 0.79453125 0.2796875 0.0515625 0.040625
2 0.99375 0.38671875 0.0125 0.0453125
2 0.6921875 0.4765625 0.065625 0.059375
2 0.859375 0.5625 0.059375 0.0625
2 0.91796875 0.5734375 0.0609375 0.05625
2 0.94453125 0.64296875 0.0609375 0.0546875
2 0.98984375 0.71328125 0.0203125 0.0390625
2 0.9625 0.70859375 0.046875 0.0484375
2 0.96953125 0.97109375 0.0609375 0.0578125
2 0.7703125 0.45859375 0.05625 0.0609375
2 0.78828125 0.4515625 0.0515625 0.040625
3 0.89453125 0.484375 0.0453125 0.04375
2 0.9484375 0.775 0.053125 0.053125
3 0.92890625 0.7015625 0.0484375 0.034375
3 0.96328125 0.9140625 0.0515625 0.04375
2 0.925 0.8515625 0.059375 0.05625
3 0.9296875 0.90078125 0.059375 0.0515625
3 0.7953125 0.79140625 0.053125 0.0546875
2 0.990625 0.67265625 0.01875 0.0421875
2 0.86015625 0.909375 0.0546875 0.05625
2 0.98125 0.778125 0.0375 0.05625
2 0.9015625 0.753125 0.040625 0.04375
2 0.98515625 0.403125 0.0296875 0.04375
2 0.8125 0.76328125 0.0625 0.0578125
2 0.809375 0.83828125 0.05 0.0484375
2 0.7953125 0.8640625 0.05 0.05625
2 0.90625 0.96640625 0.04375 0.0421875
2 0.98515625 0.9015625 0.0296875 0.046875
2 0.975 0.846875 0.05 0.04375
3 0.809375 0.62578125 0.040625 0.0421875
2 0.98515625 0.684375 0.0296875 0.04375
2 0.7984375 0.7140625 0.059375 0.046875
2 0.89296875 0.74453125 0.0609375 0.0484375
2 0.76796875 0.79375 0.0515625 0.053125
2 0.7671875 0.86484375 0.05625 0.0578125
2 0.85625 0.6796875 0.04375 0.0375
2 0.86171875 0.8296875 0.0421875 0.04375
0 0.77109375 0.95234375 0.0296875 0.0203125
2 0.928125 0.97109375 0.05625 0.0546875
3 0.7765625 0.41015625 0.05 0.0421875
2 0.940625 0.509375 0.046875 0.046875
3 0.821875 0.4375 0.05625 0.05
2 0.84140625 0.45078125 0.0484375 0.0515625
2 0.91015625 0.88125 0.0453125 0.046875
2 0.9734375 0.7875 0.05 0.05625
2 0.93359375 0.803125 0.0515625 0.046875
2 0.984375 0.821875 0.03125 0.059375
2 0.91015625 0.7796875 0.0609375 0.05
3 0.80546875 0.66796875 0.0578125 0.0546875
2 0.740625 0.85390625 0.059375 0.0546875
2 0.69453125 0.88359375 0.0671875 0.0640625
0 0.74453125 0.9375 0.0203125 0.028125
2 0.7859375 0.9859375 0.053125 0.028125
3 0.7359375 0.7328125 0.05 0.04375
3 0.93828125 0.73125 0.0390625 0.040625
2 0.7953125 0.25 0.053125 0.053125
2 0.675 0.3875 0.05625 0.046875
2 0.6421875 0.5078125 0.06875 0.0625
3 0.98203125 0.60078125 0.0359375 0.0640625
2 0.6375 0.853125 0.065625 0.078125
2 0.659375 0.8515625 0.046875 0.05
2 0.71484375 0.57109375 0.0640625 0.0609375
2 0.8890625 0.6796875 0.04375 0.0625
2 0.86953125 0.69921875 0.0484375 0.0484375
2 0.95703125 0.8859375 0.0515625 0.046875
2 0.859375 0.81015625 0.034375 0.0359375
2 0.69609375 0.615625 0.0640625 0.071875
2 0.7609375 0.68515625 0.05 0.0515625