2 0.5285362 0.5116959 0.0192434 0.0345029
2 0.260773 0.849269 0.0189145 0.030117
2 0.2463816 0.7146199 0.01875 0.0274854
2 0.2068257 0.869152 0.0166118 0.0236842
2 0.2876645 0.7880117 0.0144737 0.0263158
2 0.2175987 0.829386 0.0184211 0.0342105
2 0.2097862 0.7811404 0.0179276 0.0318713
2 0.3041118 0.8646199 0.0171053 0.0339181
2 0.4313322 0.7763158 0.0166118 0.0321637
2 0.6130757 0.651462 0.0205592 0.0304094
2 0.3368421 0.2084795 0.0154605 0.0298246
2 0.3306743 0.9805556 0.0215461 0.0266082
2 0.2206414 0.8100877 0.0208882 0.0318713
4 0.1574013 0.6717836 0.0233553 0.027193
2 0.1960526 0.7852339 0.0174342 0.0312865
2 0.2996711 0.7173977 0.0197368 0.0336257
2 0.3230263 0.8807018 0.0157895 0.0333333
4 0.3328125 0.9010234 0.0192434 0.0336257
4 0.2762336 0.6587719 0.0215461 0.0298246
2 0.3737664 0.7802632 0.0189145 0.0353801
2 0.5915296 0.8997076 0.0192434 0.028655
4 0.6434211 0.7017544 0.0161184 0.0333333
2 0.6372533 0.5751462 0.0175987 0.0280702
2 0.5651316 0.6134503 0.0167763 0.0280702
2 0.5427632 0.623538 0.0200658 0.0377193
2 0.5103618 0.6910819 0.0151316 0.0260234
2 0.5662007 0.7152047 0.0169408 0.0321637
2 0.7069079 0.4823099 0.0171053 0.0260234
2 0.3825658 0.3662281 0.0157895 0.024269
2 0.1662829 0.470614 0.0177632 0.0312865
2 0.1645559 0.4846491 0.0228618 0.0277778
2 0.159375 0.6276316 0.0171053 0.0324561
2 0.7235197 0.5105263 0.0141447 0.0263158
2 0.3132401 0.8128655 0.0179276 0.0269006
2 0.1897204 0.4479532 0.0179276 0.0298246
2 0.1911184 0.8619883 0.0144737 0.0309942
2 0.2925164 0.7711988 0.0182566 0.0260234
2 0.2990954 0.8469298 0.0182566 0.0324561
2 0.5651316 0.7635965 0.0167763 0.0266082
2 0.5342105 0.6375731 0.0203947 0.0324561
2 0.2810033 0.1855263 0.0182566 0.030117
2 0.3240132 0.1931287 0.0180921 0.0336257
2 0.3419408 0.2520468 0.0200658 0.0333333
2 0.378125 0.2703216 0.0197368 0.027193
2 0.2868421 0.345614 0.0151316 0.0292398
2 0.3865954 0.1821637 0.0169408 0.0269006
2 0.4004112 0.2671053 0.015625 0.0277778
2 0.2488487 0.4402047 0.0144737 0.0248538
2 0.2120066 0.4679825 0.0177632 0.0266082
2 0.185773 0.4403509 0.0225329 0.0409357
2 0.2214638 0.6423977 0.0195724 0.0350877
2 0.157648 0.6951754 0.0222039 0.0312865
2 0.2527138 0.6100877 0.0172697 0.0307018
2 0.2652138 0.6881579 0.0192434 0.0324561
2 0.2728618 0.7149123 0.0157895 0.0263158
2 0.2653783 0.7254386 0.0166118 0.028655
2 0.2551809 0.726462 0.0175987 0.0342105
2 0.3416118 0.924269 0.0161184 0.0309942
4 0.3491776 0.8891813 0.0190789 0.0298246
4 0.2542763 0.8877193 0.0184211 0.0269006
2 0.5683388 0.7480994 0.0212171 0.0312865
2 0.5361842 0.7361111 0.0174342 0.0289474
2 0.5725329 0.6673977 0.0190789 0.030117
2 0.2296053 0.5869883 0.0190789 0.0248538
2 0.2665296 0.9024854 0.0208882 0.0307018
2 0.3840461 0.4511696 0.0180921 0.0263158
2 0.3279605 0.5419591 0.0197368 0.0330409
2 0.6498355 0.6937135 0.0200658 0.0277778
2 0.5135691 0.6030702 0.0152961 0.0289474
2 0.5870066 0.5511696 0.0148026 0.0304094
2 0.6287007 0.9039474 0.0199013 0.0365497
2 0.7019737 0.8266082 0.0200658 0.0309942
4 0.110773 0.4435673 0.0231908 0.0321637
2 0.2933388 0.3580409 0.0159539 0.0266082
2 0.2549342 0.7722222 0.0164474 0.0274854
2 0.2836349 0.8526316 0.0192434 0.0333333
2 0.2553454 0.8615497 0.0185855 0.0283626
2 0.3783717 0.896345 0.0182566 0.0342105
2 0.3769737 0.9258772 0.0174342 0.0307018
2 0.4486842 0.9384503 0.0190789 0.0353801
2 0.6384046 0.8 0.0189145 0.0298246
2 0.6229441 0.7745614 0.0185855 0.028655
2 0.4988487 0.7039474 0.0184211 0.0353801
2 0.4414474 0.6347953 0.0157895 0.0292398
2 0.4027961 0.129386 0.0236842 0.0429825
2 0.3408717 0.1432749 0.0175987 0.0345029
2 0.3749178 0.2355263 0.0202303 0.0295322
2 0.3393092 0.3584795 0.01875 0.0292398
4 0.4340461 0.8263158 0.0164474 0.0362573
2 0.5828125 0.6602339 0.0182566 0.0269006
2 0.6688322 0.725731 0.0169408 0.0321637
2 0.6601974 0.7010234 0.0171053 0.0324561
2 0.4558388 0.3517544 0.0179276 0.0245614
2 0.5143914 0.5383041 0.0172697 0.0274854
2 0.1729441 0.6815789 0.0192434 0.0304094
2 0.2305099 0.5643275 0.0179276 0.0309942
2 0.2473684 0.2821637 0.0167763 0.0251462
2 0.3543586 0.2267544 0.0189145 0.0283626
2 0.4444079 0.3649123 0.0174342 0.0292398
2 0.4698191 0.4597953 0.015625 0.024269
2 0.5502467 0.4979532 0.0143092 0.0315789
2 0.4912829 0.5384503 0.0177632 0.0324561
2 0.3567434 0.4277778 0.0151316 0.0304094
2 0.3371711 0.5236842 0.0190789 0.0280702
2 0.4919408 0.6263158 0.0174342 0.0309942
2 0.5569079 0.6830409 0.0171053 0.0263158
2 0.5555099 0.7076023 0.0202303 0.0356725
2 0.6730263 0.7619883 0.0167763 0.0216374
4 0.6753289 0.7130117 0.0203947 0.0347953
2 0.6912007 0.8369883 0.0225329 0.0359649
2 0.2747533 0.7625731 0.0175987 0.028655
2 0.2101974 0.849269 0.0210526 0.0324561
2 0.1348684 0.8853801 0.0203947 0.0350877
2 0.1683388 0.8127193 0.0195724 0.0418129
2 0.1879934 0.8159357 0.0217105 0.030117
4 0.1572368 0.7438596 0.0190789 0.0362573
2 0.2115132 0.6710526 0.0213816 0.028655
2 0.1921875 0.6663743 0.0175987 0.0298246
2 0.211102 0.679386 0.0228618 0.0225146
2 0.2563322 0.6399123 0.0146382 0.0236842
2 0.2394737 0.6630117 0.0148026 0.0289474
2 0.2926809 0.6843567 0.0162829 0.0277778
2 0.2731086 0.7434211 0.021875 0.0324561
2 0.2095395 0.5545322 0.0213816 0.0266082
2 0.2578125 0.5571637 0.0172697 0.0201754
2 0.2585526 0.580848 0.0200658 0.0359649
2 0.2456414 0.5842105 0.0166118 0.0327485
2 0.1503289 0.5640351 0.0161184 0.025731
2 0.1440789 0.6304094 0.0194079 0.0321637
2 0.1532895 0.5068713 0.0148026 0.0289474
3 0.1527138 0.5359649 0.0212171 0.0321637
2 0.1815789 0.4817251 0.0174342 0.0336257
2 0.2036184 0.4488304 0.0203947 0.0298246
2 0.1981086 0.4792398 0.0179276 0.0321637
2 0.211102 0.4166667 0.0195724 0.025731
2 0.1136513 0.4891813 0.01875 0.0309942
2 0.2823191 0.4122807 0.0136513 0.022807
2 0.2814967 0.3805556 0.0189145 0.0342105
2 0.1477796 0.2119883 0.0215461 0.0321637
2 0.6726151 0.5744152 0.0152961 0.0260234
2 0.6197368 0.5483918 0.0167763 0.030117
2 0.6319901 0.7197368 0.0192434 0.0283626
2 0.6332237 0.7416667 0.0180921 0.0307018
2 0.5111842 0.5799708 0.0177632 0.0248538
2 0.4760691 0.3830409 0.0152961 0.0269006
2 0.1466283 0.354386 0.0228618 0.0409357
2 0.1871711 0.4295322 0.0194079 0.0333333
2 0.1600329 0.5093567 0.0157895 0.0298246
2 0.1898026 0.4890351 0.01875 0.0318713
2 0.1563322 0.5548246 0.0182566 0.0248538
4 0.2186678 0.9039474 0.0179276 0.0318713
2 0.3382401 0.7590643 0.0149671 0.0315789
2 0.364227 0.273538 0.0159539 0.027193
2 0.4644737 0.3741228 0.0151316 0.0307018
2 0.3282072 0.3883041 0.0129934 0.0327485
2 0.2228618 0.4418129 0.0203947 0.0368421
2 0.2623355 0.4067251 0.0128289 0.0298246
2 0.3090461 0.555117 0.0151316 0.024269
2 0.2777138 0.4828947 0.0199013 0.0347953
2 0.1777961 0.5678363 0.0180921 0.0292398
2 0.1944901 0.6116959 0.0172697 0.0239766
2 0.3003289 0.6915205 0.0164474 0.0251462
2 0.2510691 0.8497076 0.0202303 0.0345029
2 0.5351151 0.5508772 0.0172697 0.0304094
2 0.4645559 0.6247076 0.0182566 0.0324561
2 0.5586349 0.7305556 0.0166118 0.0289474
2 0.1889803 0.5112573 0.0180921 0.0295322
2 0.2189145 0.5181287 0.0190789 0.0345029
2 0.207648 0.4951754 0.0185855 0.0307018
2 0.2092928 0.5195906 0.0175987 0.0292398
2 0.204852 0.627193 0.0152961 0.028655
2 0.1911184 0.6292398 0.0177632 0.0239766
2 0.1908717 0.650731 0.0182566 0.0295322
4 0.1481908 0.6475146 0.0203947 0.0353801
2 0.4071546 0.8152047 0.0195724 0.0315789
2 0.4146382 0.780848 0.0161184 0.0307018
2 0.4271382 0.9440058 0.0180921 0.0277778
2 0.6450658 0.8312865 0.0197368 0.0321637
2 0.5567434 0.6631579 0.0167763 0.0292398
2 0.578125 0.5792398 0.0171053 0.0292398
2 0.6769737 0.4916667 0.0167763 0.0283626
2 0.7467105 0.5238304 0.0180921 0.0342105
2 0.4147204 0.3723684 0.0182566 0.0295322
2 0.4109375 0.2143275 0.0195724 0.0274854
2 0.3900493 0.1457602 0.0199013 0.0324561
2 0.2337171 0.019883 0.0256579 0.0350877
2 0.2166118 0.4048246 0.0148026 0.0248538
2 0.2647204 0.4935673 0.0202303 0.0362573
2 0.2796053 0.5824561 0.0184211 0.0269006
2 0.2794408 0.621345 0.0167763 0.028655
2 0.3588816 0.702924 0.0167763 0.0280702
2 0.3855263 0.7102339 0.0157895 0.0309942
2 0.3466283 0.8277778 0.015625 0.0321637
4 0.3171875 0.9611111 0.0228618 0.0368421
2 0.2405428 0.7711988 0.0202303 0.0324561
2 0.2479441 0.6915205 0.0228618 0.0269006
4 0.3886513 0.9141813 0.0180921 0.0359649
2 0.2433388 0.103655 0.0208882 0.0295322
2 0.4229441 0.3105263 0.0179276 0.0333333
2 0.5418586 0.5714912 0.0192434 0.0277778
2 0.6199836 0.6799708 0.0172697 0.0295322
4 0.6378289 0.7760234 0.0190789 0.0327485
2 0.5994243 0.7486842 0.0202303 0.0359649
2 0.463898 0.8539474 0.0199013 0.0371345
2 0.4776316 0.8561404 0.0167763 0.028655
2 0.429523 0.9111111 0.0212171 0.0315789
2 0.3165296 0.9210526 0.0205592 0.0345029
2 0.220477 0.7877193 0.0212171 0.0368421
2 0.2918586 0.7369883 0.0172697 0.0277778
4 0.1509046 0.3847953 0.0231908 0.0368421
4 0.1300987 0.5814327 0.0236842 0.0353801
2 0.5959704 0.6314327 0.0192434 0.0283626
2 0.5189967 0.4732456 0.0189145 0.0283626
2 0.2327303 0.4140351 0.0210526 0.0292398
2 0.1252467 0.4755848 0.0172697 0.0289474
2 0.2495066 0.3245614 0.0213816 0.0345029
2 0.2087171 0.2122807 0.0190789 0.0350877
2 0.6880757 0.4865497 0.0169408 0.025731
2 0.1442434 0.295614 0.0203947 0.0298246
2 0.2174342 0.3479532 0.0151316 0.0269006
2 0.3196546 0.2942982 0.0182566 0.0307018
2 0.321875 0.3396199 0.0141447 0.0266082
2 0.3067434 0.3928363 0.0171053 0.0307018
2 0.3652961 0.4675439 0.0131579 0.0222222
2 0.2887336 0.4549708 0.0189145 0.0321637
2 0.2465461 0.4019006 0.0141447 0.0277778
2 0.2592928 0.3789474 0.0205592 0.0274854
2 0.2623355 0.3887427 0.0171053 0.027193
2 0.292352 0.5119883 0.0182566 0.0292398
2 0.2723684 0.528655 0.0174342 0.0304094
2 0.3653783 0.5736842 0.0185855 0.0298246
2 0.3518092 0.5842105 0.0161184 0.0280702
2 0.3160362 0.5893275 0.0139803 0.024269
2 0.3014803 0.6324561 0.0164474 0.0274854
2 0.3425164 0.7194444 0.0185855 0.0342105
2 0.4111842 0.7114035 0.0197368 0.0269006
2 0.376727 0.7181287 0.0179276 0.028655
2 0.3664474 0.7314327 0.0174342 0.0260234
2 0.4705592 0.7397661 0.0174342 0.025731
2 0.4736842 0.7596491 0.01875 0.0269006
2 0.4254112 0.2216374 0.0208882 0.0309942
2 0.3944901 0.2149123 0.0139803 0.0239766
2 0.1251645 0.5065789 0.0243421 0.0353801
2 0.1805099 0.5225146 0.0189145 0.025731
2 0.1705592 0.5498538 0.0171053 0.027193
2 0.1611842 0.5396199 0.0174342 0.027193
2 0.1661184 0.6233918 0.0180921 0.0239766
2 0.1546875 0.6035088 0.0169408 0.0327485
2 0.2626645 0.6255848 0.0144737 0.021345
2 0.1776316 0.7289474 0.0207237 0.025731
3 0.1534539 0.7961988 0.0240132 0.0309942
2 0.1498355 0.7665205 0.0180921 0.0307018
2 0.2012336 0.7217836 0.0225329 0.0336257
2 0.2412829 0.7919591 0.0220395 0.0318713
2 0.303125 0.7783626 0.0210526 0.0409357
2 0.3300987 0.824269 0.0207237 0.0309942
2 0.2239309 0.8900585 0.0175987 0.0315789
2 0.2632401 0.8219298 0.0202303 0.0368421
2 0.2358553 0.8666667 0.0220395 0.0362573
2 0.6495888 0.8438596 0.0159539 0.0327485
2 0.5870888 0.6276316 0.0159539 0.027193
2 0.4921053 0.6352339 0.0180921 0.027193
2 0.5319901 0.5324561 0.0162829 0.0239766
2 0.5490132 0.5320175 0.0203947 0.0353801
2 0.5872533 0.4754386 0.0202303 0.0374269
2 0.7294408 0.550731 0.0184211 0.0318713
2 0.7436678 0.4973684 0.0195724 0.0309942
2 0.5564145 0.3975146 0.0200658 0.0277778
2 0.4907072 0.5135965 0.0185855 0.0260234
2 0.5335526 0.4394737 0.0203947 0.0339181
2 0.3556743 0.1402047 0.0215461 0.0412281
2 0.2962171 0.1671053 0.0263158 0.0400585
2 0.2785362 0.0923977 0.0235197 0.0339181
2 0.2927632 0.0809942 0.0217105 0.0356725
2 0.2738487 0.0780702 0.0200658 0.0374269
2 0.1050987 0.5540936 0.0226974 0.0409357
2 0.1340461 0.6760234 0.0223684 0.0339181
2 0.2893092 0.5304094 0.0217105 0.0380117
2 0.2820724 0.5333333 0.0148026 0.0368421
2 0.2712171 0.4596491 0.0167763 0.0292398
2 0.3424342 0.427924 0.0180921 0.0289474
2 0.2706414 0.4165205 0.0162829 0.0295322
2 0.2540296 0.4375731 0.0195724 0.0330409
2 0.195148 0.5299708 0.0189145 0.0312865
4 0.3665296 0.9289474 0.0192434 0.0345029
2 0.4563322 0.7475146 0.0195724 0.0347953
4 0.4436678 0.7494152 0.0205592 0.0333333
2 0.4991776 0.6059942 0.0246711 0.0394737
2 0.4325658 0.3997076 0.0184211 0.0309942
2 0.426398 0.3638889 0.0182566 0.0277778
2 0.3899671 0.4207602 0.0184211 0.0304094
2 0.2438322 0.4871345 0.0185855 0.0274854
2 0.3483553 0.6283626 0.0184211 0.0269006
2 0.3068257 0.6486842 0.0179276 0.0295322
2 0.167352 0.6084795 0.0185855 0.0304094
2 0.1479441 0.6298246 0.0172697 0.0309942
2 0.3222039 0.3869883 0.0151316 0.0295322
2 0.2715461 0.6564327 0.0207237 0.0309942
2 0.3932566 0.8665205 0.0148026 0.0307018
2 0.5049342 0.5682749 0.0184211 0.030117
2 0.1362664 0.4327485 0.0172697 0.028655
2 0.1374178 0.4548246 0.0208882 0.0312865
2 0.1588816 0.4628655 0.0171053 0.0263158
2 0.2220395 0.7090643 0.0220395 0.0298246
2 0.2210526 0.5821637 0.0167763 0.0274854
2 0.2347039 0.5935673 0.0167763 0.025731
2 0.2352796 0.7394737 0.0228618 0.0397661
2 0.5090461 0.7695906 0.0167763 0.0298246
2 0.689227 0.5103801 0.0182566 0.030117
2 0.5353618 0.4162281 0.0184211 0.0277778
2 0.3765625 0.1511696 0.0185855 0.0333333
2 0.3749178 0.1093567 0.0208882 0.0304094
2 0.2141447 0.319152 0.0197368 0.0359649
2 0.215625 0.4868421 0.0210526 0.028655
2 0.6291941 0.7086257 0.0195724 0.030117
2 0.6285362 0.6922515 0.015625 0.027193
2 0.5268914 0.6057018 0.0228618 0.0353801
2 0.1581414 0.3334795 0.0212171 0.0312865
2 0.1523849 0.3203216 0.0208882 0.0312865
2 0.1946546 0.2176901 0.0159539 0.030117
2 0.3301809 0.8597953 0.0179276 0.030117
2 0.4354441 0.9602339 0.0205592 0.0339181
2 0.2213816 0.1298246 0.0194079 0.0321637
2 0.2157895 0.0403509 0.0253289 0.0391813
2 0.3043586 0.0502924 0.0208882 0.0333333
2 0.3025493 0.144152 0.0179276 0.025731
2 0.0989309 0.3732456 0.0241776 0.0423977
2 0.2726974 0.5554094 0.0180921 0.027193
2 0.2983553 0.6125731 0.0190789 0.0263158
2 0.2053454 0.6005848 0.0208882 0.025731
2 0.1715461 0.6562865 0.0190789 0.030117
2 0.1853618 0.6903509 0.0226974 0.0321637
2 0.1807566 0.7842105 0.0233553 0.0339181
2 0.2666941 0.975731 0.0202303 0.0368421
2 0.3211349 0.8580409 0.0182566 0.024269
2 0.3101974 0.8755848 0.0154605 0.0312865
2 0.4032895 0.7883041 0.0154605 0.0345029
2 0.3736842 0.7349415 0.0161184 0.0289474
2 0.4269737 0.6105263 0.0190789 0.0304094
2 0.4349507 0.6353801 0.0182566 0.0339181
2 0.4703947 0.6615497 0.0148026 0.0307018
2 0.4435033 0.5959064 0.0254934 0.0333333
2 0.4407072 0.4652047 0.0215461 0.0385965
2 0.4083059 0.4668129 0.0192434 0.0324561
2 0.5467928 0.4273392 0.0185855 0.0289474
2 0.5549342 0.328655 0.0213816 0.0391813
2 0.5397204 0.2337719 0.0182566 0.0336257
2 0.7205592 0.4119883 0.0213816 0.0397661
2 0.7478618 0.420614 0.0217105 0.0388889
2 0.6824836 0.5331871 0.0149671 0.0277778
2 0.6004112 0.5595029 0.0192434 0.0336257
2 0.5601974 0.5673977 0.0243421 0.0423977
2 0.5685033 0.5758772 0.0205592 0.0277778
2 0.5794408 0.6049708 0.0197368 0.0339181
2 0.6550987 0.7457602 0.0197368 0.0312865
2 0.5231908 0.8910819 0.0177632 0.0359649
2 0.2874178 0.6979532 0.0146382 0.0245614
4 0.2773026 0.6897661 0.0226974 0.0356725
2 0.3120888 0.5416667 0.0195724 0.0353801
2 0.3175164 0.5172515 0.0182566 0.022807
2 0.7073191 0.4672515 0.0222039 0.0345029
2 0.5584704 0.4697368 0.0185855 0.030117
2 0.5183388 0.3961988 0.0202303 0.0298246
2 0.5318257 0.3552632 0.0215461 0.0333333
2 0.5145559 0.3668129 0.0195724 0.030117
2 0.488898 0.3245614 0.0225329 0.0315789
2 0.438898 0.303655 0.0182566 0.0277778
2 0.4166941 0.3375731 0.0179276 0.0330409
4 0.4424342 0.2421053 0.0197368 0.0327485
2 0.439227 0.1374269 0.0215461 0.0380117
2 0.239227 0.8131579 0.0199013 0.0339181
2 0.2319901 0.830848 0.0199013 0.0324561
2 0.1912829 0.8032164 0.01875 0.0280702
4 0.7271382 0.7210526 0.0180921 0.0327485
2 0.6834704 0.7387427 0.0169408 0.030117
2 0.3632401 0.7739766 0.0172697 0.0304094
2 0.5237664 0.5380117 0.0195724 0.0269006
2 0.4683388 0.444883 0.0205592 0.027193
2 0.3510691 0.3361111 0.0162829 0.0236842
2 0.2526316 0.3464912 0.0194079 0.0315789
2 0.1116776 0.3385965 0.0207237 0.0304094
2 0.2202303 0.4630117 0.0128289 0.0201754
2 0.2569079 0.4024854 0.0151316 0.0260234
2 0.3460526 0.3049708 0.0177632 0.0280702
2 0.3310033 0.3314327 0.0175987 0.027193
2 0.353125 0.3153509 0.0203947 0.0295322
2 0.3696546 0.3672515 0.0123355 0.0263158
2 0.3583059 0.3482456 0.0199013 0.0298246
2 0.3998355 0.3049708 0.0223684 0.0362573
2 0.3328125 0.1562865 0.0222039 0.0406433
2 0.1768092 0.6434211 0.0210526 0.0283626
2 0.3540296 0.9508772 0.0172697 0.0251462
2 0.3572368 0.9176901 0.0131579 0.0330409
2 0.3856086 0.9390351 0.0159539 0.0330409
2 0.6153783 0.6823099 0.0205592 0.0336257
2 0.3952303 0.7381579 0.0148026 0.0260234
2 0.3853618 0.7612573 0.0207237 0.0377193
2 0.3841283 0.744152 0.0205592 0.0309942
2 0.3297697 0.7545322 0.0233553 0.0377193
2 0.2879112 0.7497076 0.0172697 0.028655
2 0.3176809 0.6828947 0.0169408 0.0307018
2 0.2949836 0.8815789 0.0222039 0.0362573
2 0.4608553 0.778655 0.0203947 0.0339181
2 0.1030428 0.2650585 0.0199013 0.0318713
2 0.1217105 0.2668129 0.0243421 0.0365497
2 0.1015625 0.3200292 0.0202303 0.0342105
2 0.1768914 0.5903509 0.0202303 0.0239766
2 0.1615954 0.7137427 0.0212171 0.0380117
2 0.1419408 0.7005848 0.0223684 0.0321637
2 0.2803454 0.8748538 0.021875 0.0321637
2 0.3504112 0.900731 0.0199013 0.0359649
2 0.3481908 0.8711988 0.0213816 0.0277778
2 0.6875822 0.7959064 0.0159539 0.0309942
2 0.6328125 0.6118421 0.0212171 0.0324561
2 0.5785362 0.6429825 0.0195724 0.0321637
2 0.5770559 0.5419591 0.0212171 0.0312865
4 0.657977 0.5380117 0.0199013 0.0315789
2 0.6867599 0.5887427 0.0199013 0.0324561
4 0.6639803 0.5850877 0.0184211 0.0350877
2 0.7120888 0.5083333 0.0222039 0.0347953
2 0.7533717 0.4858187 0.0212171 0.027193
2 0.7619243 0.4926901 0.0192434 0.0327485
2 0.7037007 0.2672515 0.0166118 0.0210526
2 0.6898026 0.3016082 0.0190789 0.0195906
2 0.5833059 0.1197368 0.0172697 0.0330409
2 0.6033717 0.1277778 0.0179276 0.0292398
2 0.6160362 0.1453216 0.0199013 0.0263158
2 0.6040296 0.0745614 0.0182566 0.0339181
2 0.4025493 0.1080409 0.021875 0.0377193
2 0.3970395 0.076462 0.0246711 0.0400585
2 0.3356908 0.1868421 0.0167763 0.0315789
2 0.2120888 0.1127193 0.0202303 0.0324561
2 0.1633224 0.1583333 0.0197368 0.0336257
2 0.2374178 0.2510234 0.0199013 0.0236842
2 0.3757401 0.8685673 0.0192434 0.0318713
2 0.5193257 0.6815789 0.0228618 0.0374269
2 0.4904605 0.6744152 0.0180921 0.0307018
2 0.5570724 0.773538 0.0203947 0.0353801
2 0.4560033 0.4116959 0.0199013 0.028655
2 0.4268914 0.4592105 0.0143092 0.027193
2 0.401398 0.5160819 0.015625 0.0315789
2 0.4175164 0.5210526 0.0185855 0.0315789
2 0.365625 0.4934211 0.0161184 0.027193
2 0.4152138 0.6305556 0.0195724 0.0347953
4 0.4157895 0.6913743 0.0194079 0.0347953
2 0.401727 0.6884503 0.0169408 0.0277778
2 0.3651316 0.7944444 0.0161184 0.0315789
2 0.4376645 0.3238304 0.0154605 0.0254386
2 0.409375 0.344152 0.0180921 0.0298246
2 0.6263158 0.6833333 0.0194079 0.0304094
2 0.3972039 0.2345029 0.0197368 0.0315789
4 0.6306743 0.5619883 0.0202303 0.0321637
2 0.5300164 0.2469298 0.0222039 0.0406433
2 0.4130757 0.1423977 0.0192434 0.0385965
2 0.173602 0.4494152 0.0172697 0.0327485
2 0.7379112 0.4513158 0.021875 0.0330409
2 0.720148 0.3077485 0.0146382 0.0266082
2 0.6958882 0.2076023 0.0184211 0.0210526
2 0.7023849 0.2365497 0.0169408 0.0315789
2 0.5310855 0.1676901 0.0184211 0.0359649
2 0.4882401 0.1584795 0.015625 0.0315789
2 0.4088816 0.1251462 0.0177632 0.0269006
2 0.1990954 0.0836257 0.0205592 0.0339181
2 0.1960526 0.4103801 0.01875 0.030117
2 0.2085526 0.4311404 0.0226974 0.0342105
2 0.4106086 0.9564327 0.0199013 0.0362573
2 0.5235197 0.4200292 0.0203947 0.0324561
2 0.5495066 0.2745614 0.0203947 0.0309942
4 0.4680921 0.2732456 0.0213816 0.0307018
2 0.4621711 0.2571637 0.0161184 0.0277778
2 0.3740954 0.080117 0.0192434 0.0368421
2 0.270477 0.245614 0.0205592 0.0356725
2 0.2974507 0.2719298 0.0185855 0.0321637
2 0.2485197 0.4609649 0.0180921 0.0254386
2 0.2727796 0.4421053 0.0175987 0.0321637
2 0.2713816 0.4486842 0.0180921 0.0266082
2 0.2382401 0.4406433 0.0169408 0.0309942
2 0.2162007 0.6299708 0.0228618 0.0283626
2 0.2359375 0.6413743 0.0195724 0.0324561
2 0.1994243 0.8225146 0.0192434 0.0327485
4 0.232977 0.894152 0.0199013 0.0368421
2 0.4277138 0.8277778 0.0215461 0.0333333
2 0.6516447 0.5097953 0.0184211 0.0312865
4 0.3637336 0.896345 0.0189145 0.0342105
2 0.5171875 0.6359649 0.0185855 0.0292398
2 0.4958059 0.5883041 0.0199013 0.0315789
2 0.5044408 0.5277778 0.0200658 0.0327485
4 0.5060033 0.5526316 0.0159539 0.0309942
2 0.4537829 0.4700292 0.0144737 0.021345
2 0.3391447 0.453655 0.0174342 0.027193
2 0.3493421 0.2861111 0.0167763 0.0336257
2 0.342352 0.3184211 0.0175987 0.028655
2 0.3252467 0.2874269 0.0139803 0.0321637
2 0.3109375 0.4374269 0.0179276 0.0274854
2 0.3 0.4133041 0.0177632 0.0312865
2 0.3094572 0.3614035 0.0179276 0.0280702
2 0.3467928 0.379386 0.0182566 0.0283626
2 0.3461349 0.398538 0.0195724 0.0315789
2 0.3255757 0.4725146 0.0166118 0.0298246
2 0.3774671 0.6966374 0.0203947 0.0283626
2 0.3909539 0.7877193 0.0180921 0.0304094
2 0.1347039 0.6038012 0.0213816 0.0204678
2 0.403125 0.9480994 0.0177632 0.0312865
2 0.5356908 0.7146199 0.0197368 0.0339181
2 0.2815789 0.0209064 0.0220395 0.0359649
2 0.4862664 0.0823099 0.0222039 0.0365497
2 0.5665296 0.1792398 0.0172697 0.0345029
2 0.7085526 0.4111111 0.0174342 0.0269006
2 0.6680099 0.8217836 0.0179276 0.0359649
2 0.7750822 0.4837719 0.0185855 0.0342105
2 0.782648 0.5103801 0.0192434 0.030117
2 0.4504112 0.4997076 0.0235197 0.0315789
2 0.4349507 0.5188596 0.0189145 0.0359649
2 0.4580592 0.5823099 0.01875 0.0295322
2 0.5484375 0.4647661 0.0199013 0.0342105
2 0.5362664 0.4900585 0.0212171 0.0415205
2 0.5895559 0.4096491 0.0199013 0.0385965
2 0.6624178 0.7358187 0.0205592 0.0353801
2 0.7554276 0.519152 0.0190789 0.0312865
2 0.7162829 0.5178363 0.0203947 0.0339181
2 0.7181743 0.4634503 0.0136513 0.0274854
4 0.3818257 0.9483918 0.0185855 0.0295322
2 0.6678454 0.6488304 0.015625 0.0333333
2 0.2804276 0.2476608 0.0157895 0.0315789
2 0.3373355 0.6023392 0.0197368 0.0233918
2 0.3643914 0.5501462 0.0159539 0.024269
2 0.3532072 0.6945906 0.0202303 0.0336257
2 0.5541941 0.4163743 0.0166118 0.0298246
2 0.2560855 0.1568713 0.0161184 0.0342105
2 0.4529605 0.2809942 0.0138158 0.0239766
2 0.4869243 0.375731 0.0199013 0.0356725
2 0.4905428 0.3994152 0.0199013 0.0327485
2 0.5557566 0.1907895 0.0233553 0.030117
2 0.2479441 0.0562865 0.0182566 0.0347953
2 0.2692434 0.0270468 0.0226974 0.0336257
2 0.3106086 0.0666667 0.0175987 0.0321637
2 0.2279605 0.3577485 0.0197368 0.027193
2 0.3005757 0.2897661 0.0199013 0.0333333
2 0.7291118 0.3099415 0.0161184 0.0222222
2 0.6166118 0.5350877 0.0210526 0.0345029
2 0.6126645 0.5383041 0.0177632 0.0239766
2 0.2359375 0.3102339 0.0199013 0.0374269
4 0.3396382 0.2834795 0.0184211 0.0342105
2 0.3405428 0.0412281 0.0192434 0.0368421
2 0.3859375 0.1342105 0.0212171 0.0350877
2 0.5675164 0.1323099 0.0205592 0.0318713
2 0.7313322 0.3654971 0.0199013 0.0380117
2 0.7699836 0.5618421 0.015625 0.0307018
4 0.6756579 0.8283626 0.0197368 0.0391813
2 0.4103618 0.9169591 0.0220395 0.0385965
2 0.2991776 0.8320175 0.0253289 0.0365497
2 0.2504934 0.8162281 0.0197368 0.0347953
2 0.1659539 0.7635965 0.0174342 0.0383041
4 0.1708882 0.5214912 0.01875 0.0283626
2 0.4379934 0.5552632 0.0194079 0.0269006
2 0.5942434 0.619152 0.0207237 0.0283626
2 0.1397204 0.4690058 0.0208882 0.0333333
4 0.1570724 0.3932749 0.0167763 0.0280702
2 0.4682566 0.5311404 0.0174342 0.030117
2 0.4157072 0.4894737 0.0199013 0.0339181
2 0.3005757 0.6638889 0.0182566 0.0330409
2 0.1546875 0.6356725 0.0192434 0.0315789
2 0.1817434 0.6078947 0.01875 0.0269006
2 0.3835526 0.1666667 0.0184211 0.0321637
2 0.7330592 0.5447368 0.0167763 0.0368421
2 0.5935855 0.3114035 0.0164474 0.0304094
2 0.6337993 0.0248538 0.0175987 0.0339181
2 0.7403783 0.7245614 0.0202303 0.025731
2 0.0792763 0.2697368 0.0190789 0.0307018
2 0.1163651 0.3118421 0.0195724 0.0342105
2 0.1091283 0.4093567 0.0264803 0.0321637
2 0.2064145 0.7064327 0.0226974 0.025731
2 0.2278783 0.7682749 0.0172697 0.0307018
2 0.6317434 0.5340643 0.0220395 0.0371345
2 0.3775493 0.4092105 0.0179276 0.0277778
2 0.5874178 0.7508772 0.0205592 0.0350877
2 0.7236842 0.2438596 0.0171053 0.0274854
2 0.1536184 0.2820175 0.0190789 0.0324561
2 0.1563322 0.2745614 0.0215461 0.0298246
2 0.1813322 0.196345 0.0175987 0.0324561
4 0.1484375 0.2298246 0.021875 0.0327485
2 0.6504934 0.1138889 0.0171053 0.0266082
2 0.6597862 0.1 0.0149671 0.0269006
2 0.6490954 0.0668129 0.0182566 0.0225146
2 0.6183388 0.0311404 0.0159539 0.0342105
2 0.6257401 0.0289474 0.0149671 0.0345029
2 0.6665296 0.3121345 0.0185855 0.027193
2 0.6761513 0.2473684 0.0180921 0.0263158
2 0.6875822 0.3483918 0.0189145 0.027193
2 0.7602796 0.4472222 0.021875 0.0312865
2 0.7685033 0.5418129 0.0166118 0.0339181
2 0.7634868 0.6273392 0.0184211 0.0295322
2 0.4495066 0.3751462 0.0171053 0.0309942
4 0.7330592 0.4760234 0.0174342 0.0263158
2 0.7650493 0.4248538 0.0205592 0.0327485
2 0.7809211 0.5381579 0.0217105 0.0324561
2 0.7606908 0.5824561 0.0203947 0.0292398
2 0.7395559 0.6368421 0.0152961 0.0309942
2 0.4597039 0.6864035 0.0200658 0.0330409
2 0.5082237 0.3741228 0.0154605 0.0260234
2 0.4134868 0.2865497 0.0207237 0.0339181
2 0.407648 0.3261696 0.0175987 0.030117
4 0.3777961 0.2961988 0.0217105 0.025731
2 0.7893092 0.5595029 0.0131579 0.0207602
2 0.632977 0.8201754 0.0208882 0.0339181
2 0.170148 0.1959064 0.0175987 0.0292398
2 0.4584704 0.122807 0.0166118 0.0356725
2 0.776727 0.6374269 0.0208882 0.0368421
2 0.2509046 0.976462 0.0208882 0.0336257
2 0.4193257 0.7508772 0.0192434 0.0315789
2 0.4009046 0.7266082 0.0182566 0.0333333
2 0.782977 0.6070175 0.0162829 0.0210526
2 0.6478618 0.3 0.0167763 0.0269006
2 0.6646382 0.2211988 0.0190789 0.0388889
2 0.4715461 0.5549708 0.0207237 0.0315789
2 0.4872533 0.5554094 0.0172697 0.0324561
2 0.4111842 0.4469298 0.0213816 0.0347953
2 0.357977 0.5203216 0.0199013 0.0330409
2 0.3489309 0.6089181 0.0182566 0.0277778
2 0.3382401 0.6530702 0.0172697 0.027193
2 0.3510691 0.6567251 0.021875 0.0345029
2 0.3649671 0.6619883 0.0197368 0.0327485
2 0.3333882 0.627193 0.0167763 0.0222222
2 0.3160362 0.6711988 0.0192434 0.0342105
2 0.3911184 0.5584795 0.0161184 0.0239766
2 0.2929276 0.5682749 0.0210526 0.0295322
2 0.2419408 0.5685673 0.0194079 0.0330409
2 0.2452303 0.5524854 0.0197368 0.0318713
2 0.2651316 0.6409357 0.0203947 0.0321637
2 0.6083882 0.5947368 0.0210526 0.0397661
2 0.671875 0.7494152 0.0190789 0.0292398
2 0.3608553 0.2644737 0.0154605 0.0260234
2 0.5396382 0.1567251 0.0184211 0.0274854
0 0.5596217 0.1475146 0.0116776 0.0190058
2 0.1967928 0.8497076 0.0192434 0.0356725
2 0.2381579 0.919152 0.0217105 0.0342105
2 0.2393914 0.0928363 0.0231908 0.0342105
4 0.1535362 0.1630117 0.0202303 0.0295322
4 0.1304276 0.1690058 0.0223684 0.0368421
4 0.0590461 0.1913743 0.0253289 0.0383041
2 0.0759868 0.3824561 0.0223684 0.0497076
2 0.1909539 0.3853801 0.0190789 0.0269006
2 0.2088816 0.4008772 0.01875 0.0333333
2 0.2269737 0.380117 0.0197368 0.0339181
2 0.2296875 0.4108187 0.0241776 0.0397661
4 0.7264803 0.6875731 0.0184211 0.0347953
2 0.7337993 0.6350877 0.0172697 0.0309942
3 0.6709704 0.5461988 0.0169408 0.025731
2 0.678125 0.5605263 0.01875 0.0345029
2 0.684375 0.2637427 0.0180921 0.028655
2 0.615625 0.1932749 0.0200658 0.0350877
2 0.4811678 0.1826023 0.0185855 0.0359649
2 0.5504934 0.3944444 0.0217105 0.0327485
2 0.4953947 0.422076 0.0226974 0.0347953
2 0.45625 0.524269 0.0197368 0.0345029
2 0.3924342 0.4942982 0.01875 0.0365497
2 0.2711349 0.921345 0.0225329 0.0356725
4 0.2497533 0.9489766 0.0215461 0.0330409
2 0.1962993 0.147807 0.0225329 0.0394737
2 0.2949013 0.1292398 0.0197368 0.0350877
2 0.5314145 0.1751462 0.0194079 0.0321637
2 0.6610197 0.4726608 0.0200658 0.0371345
2 0.4842105 0.0162281 0.0180921 0.0307018
2 0.1839638 0.6584795 0.0175987 0.028655
2 0.1565789 0.6692982 0.0197368 0.0327485
4 0.1432566 0.5554094 0.0240132 0.0277778
2 0.2699836 0.2826023 0.0215461 0.0318713
2 0.3820724 0.0505848 0.0226974 0.0350877
2 0.5520559 0.1175439 0.0205592 0.0409357
2 0.5519737 0.221345 0.0226974 0.0298246
2 0.6390625 0.2099415 0.015625 0.0269006
2 0.6853618 0.6932749 0.0210526 0.0345029
2 0.4310855 0.9255848 0.0164474 0.0289474
2 0.4506579 0.7871345 0.0207237 0.0333333
2 0.4102796 0.5888889 0.0166118 0.0298246
2 0.3752467 0.4989766 0.0179276 0.0359649
2 0.3681743 0.4431287 0.0179276 0.0336257
2 0.4504112 0.4339181 0.0205592 0.0321637
2 0.4604441 0.422807 0.0169408 0.0309942
2 0.4106086 0.2663743 0.0185855 0.0327485
2 0.4967928 0.7495614 0.021875 0.0347953
2 0.482648 0.6260234 0.0172697 0.0333333
4 0.570477 0.5023392 0.0225329 0.0321637
2 0.3300987 0.6849415 0.0200658 0.0324561
2 0.3347862 0.7065789 0.0212171 0.0342105
2 0.3725329 0.7707602 0.0213816 0.0356725
2 0.4044408 0.8669591 0.0207237 0.0339181
2 0.4835526 0.6723684 0.0167763 0.0336257
2 0.7643914 0.3773392 0.0202303 0.0260234
2 0.7490954 0.3647661 0.0189145 0.0236842
2 0.7807566 0.3460526 0.0174342 0.0307018
2 0.5981086 0.3184211 0.0175987 0.0309942
2 0.6089638 0.3181287 0.0159539 0.0309942
2 0.5985197 0.2609649 0.0161184 0.030117
2 0.6053454 0.2891813 0.0146382 0.0233918
2 0.6213816 0.2238304 0.0171053 0.0248538
2 0.3147204 0.3001462 0.0149671 0.024269
2 0.3974507 0.2915205 0.0208882 0.0298246
3 0.4669408 0.2912281 0.0174342 0.0304094
2 0.5041941 0.3226608 0.0245066 0.0330409
2 0.510773 0.8950292 0.0225329 0.0415205
2 0.7061678 0.7998538 0.0231908 0.0342105
2 0.7180921 0.2602339 0.0210526 0.0315789
2 0.4601151 0.9267544 0.0202303 0.0365497
2 0.4771382 0.3597953 0.0180921 0.0266082
2 0.538898 0.620614 0.0208882 0.0377193
2 0.5481908 0.5845029 0.0207237 0.0321637
4 0.5791941 0.5488304 0.0182566 0.0309942
2 0.2752467 0.397076 0.0172697 0.0280702
2 0.2819901 0.5065789 0.0185855 0.0324561
2 0.2943257 0.6416667 0.0139803 0.0283626
2 0.3965461 0.8402047 0.0217105 0.0347953
2 0.2972862 0.3831871 0.0215461 0.0359649
2 0.357648 0.3676901 0.0146382 0.0260234
2 0.3806743 0.4258772 0.0172697 0.0307018
2 0.6903783 0.4027778 0.0192434 0.0318713
2 0.476398 0.4660819 0.0179276 0.0263158
2 0.7449836 0.2571637 0.0179276 0.0230994
2 0.6997533 0.8131579 0.0192434 0.0368421
2 0.7081414 0.3175439 0.0149671 0.0304094
2 0.6921875 0.2251462 0.0189145 0.022807
2 0.6475329 0.0207602 0.0200658 0.0356725
2 0.4851151 0.1080409 0.0136513 0.0248538
2 0.4700658 0.1099415 0.0217105 0.0385965
3 0.3227796 0.0853801 0.0169408 0.025731
2 0.6659539 0.1982456 0.0213816 0.0280702
2 0.6020559 0.221345 0.015625 0.0309942
2 0.3779605 0.5595029 0.0220395 0.0383041
0 0.3585526 0.5916667 0.0125 0.0225146
2 0.4328125 0.0647661 0.0208882 0.0336257
2 0.6902961 0.2445906 0.0177632 0.0277778
2 0.7308388 0.4054094 0.0192434 0.030117
2 0.7822368 0.5729532 0.01875 0.0207602
2 0.6194901 0.619883 0.0212171 0.0333333
2 0.3550987 0.802193 0.0171053 0.0388889
2 0.3758224 0.677193 0.0213816 0.0339181
2 0.6865954 0.4109649 0.0166118 0.0260234
2 0.2815789 0.7162281 0.0226974 0.0353801
2 0.745477 0.548538 0.0189145 0.0321637
2 0.7584704 0.5519006 0.0179276 0.0277778
2 0.7259868 0.4676901 0.0161184 0.0289474
2 0.7262336 0.4423977 0.0179276 0.0245614
2 0.7165296 0.4210526 0.0185855 0.0315789
2 0.7590461 0.348538 0.0177632 0.0339181
2 0.7055921 0.1709064 0.0171053 0.0289474
2 0.7256579 0.1654971 0.0197368 0.028655
2 0.6351151 0.0671053 0.0149671 0.0236842
2 0.721875 0.0847953 0.0246711 0.0391813
2 0.3290296 0.0505848 0.0189145 0.0391813
2 0.2995888 0.0606725 0.0208882 0.0330409
2 0.2435855 0.2261696 0.0184211 0.0336257
2 0.1916118 0.3675439 0.0207237 0.0251462
2 0.6001645 0.5921053 0.0210526 0.0339181
2 0.6910362 0.6032164 0.0195724 0.0327485
2 0.7112664 0.6877193 0.0202303 0.025731
4 0.5975329 0.5555556 0.0177632 0.0356725
2 0.4743421 0.3127193 0.0197368 0.0295322
2 0.467352 0.1722222 0.0192434 0.0315789
2 0.5865132 0.0769006 0.0200658 0.0350877
2 0.6864309 0.0681287 0.021875 0.0292398
2 0.5383224 0.0435673 0.0223684 0.028655
2 0.3603618 0.9657895 0.0177632 0.0298246
2 0.5024671 0.9767544 0.0240132 0.0342105
2 0.7008224 0.6716374 0.01875 0.0309942
2 0.6966283 0.630117 0.0182566 0.0233918
2 0.7112664 0.5755848 0.0189145 0.0312865
4 0.7393092 0.5839181 0.0217105 0.0274854
2 0.7241776 0.5660819 0.0207237 0.0321637
2 0.7037007 0.6192982 0.0215461 0.025731
2 0.6978618 0.647076 0.0151316 0.0292398
2 0.7988487 0.4409357 0.0184211 0.0304094
2 0.7971217 0.5052632 0.0222039 0.0368421
2 0.8053454 0.4681287 0.0215461 0.0315789
2 0.7760691 0.3729532 0.0152961 0.0277778
2 0.7 0.3785088 0.0151316 0.0248538
2 0.6662829 0.2894737 0.0128289 0.0251462
2 0.5726151 0.3864035 0.0182566 0.0289474
2 0.5473684 0.3475146 0.0223684 0.0295322
2 0.5574836 0.3640351 0.0264803 0.0339181
2 0.5370888 0.3770468 0.0189145 0.0254386
2 0.5200658 0.378655 0.0180921 0.0298246
2 0.403125 0.4710526 0.0171053 0.0245614
2 0.3853618 0.5103801 0.0210526 0.0307018
2 0.3911184 0.4346491 0.0197368 0.0260234
2 0.3689967 0.3986842 0.0136513 0.024269
2 0.3284539 0.430117 0.0203947 0.0345029
2 0.3430099 0.4802632 0.0166118 0.0283626
0 0.3047697 0.4837719 0.0144737 0.0178363
2 0.3858553 0.6159357 0.0174342 0.027193
2 0.3166941 0.7276316 0.0192434 0.0353801
2 0.7020559 0.7980994 0.0199013 0.0324561
2 0.6698191 0.4497076 0.0225329 0.0327485
2 0.6603618 0.2087719 0.0213816 0.0309942
2 0.6240132 0.2343567 0.0164474 0.0254386
2 0.5297697 0.2812865 0.0171053 0.0333333
4 0.5100329 0.228655 0.0164474 0.0385965
2 0.4697368 0.2247076 0.0190789 0.0283626
4 0.4640625 0.2122807 0.0175987 0.0245614
2 0.4587993 0.1915205 0.0202303 0.0327485
2 0.4985197 0.1589181 0.0161184 0.0318713
2 0.4463816 0.1934211 0.0233553 0.0266082
2 0.5702303 0.0096491 0.0184211 0.0175439
2 0.6689967 0.0342105 0.0235197 0.0280702
2 0.6439145 0.0774854 0.0194079 0.028655
2 0.6109375 0.2703216 0.0182566 0.0394737
2 0.4775493 0.5270468 0.0179276 0.0359649
2 0.2481086 0.3663743 0.0182566 0.0298246
2 0.1997533 0.770614 0.0205592 0.0277778
2 0.5561678 0.6387427 0.0235197 0.0429825
2 0.4382401 0.5377193 0.0179276 0.028655
2 0.4512336 0.4546784 0.0166118 0.0315789
2 0.4276316 0.4774854 0.0184211 0.0339181
2 0.4287829 0.3175439 0.0157895 0.028655
2 0.323273 0.2285088 0.0228618 0.0377193
2 0.2944079 0.3384503 0.0210526 0.0347953
2 0.3166118 0.3320175 0.01875 0.0330409
2 0.2146382 0.571345 0.0174342 0.0269006
4 0.3958059 0.7692982 0.0205592 0.0315789
2 0.3648026 0.7203216 0.0207237 0.0283626
2 0.2742599 0.0602339 0.0231908 0.0385965
2 0.3515625 0.5336257 0.021875 0.0391813
2 0.4163651 0.8457602 0.0189145 0.0312865
2 0.4765625 0.8358187 0.0199013 0.0336257
2 0.7006579 0.5393275 0.0207237 0.0365497
2 0.2152961 0.2176901 0.0184211 0.0295322
2 0.4709704 0.7875731 0.0205592 0.0365497
2 0.4364309 0.3662281 0.0169408 0.0330409
2 0.4819901 0.1726608 0.0172697 0.0266082
2 0.6018914 0.2476608 0.0146382 0.0239766
2 0.7319079 0.5915205 0.0233553 0.0345029
2 0.2662829 0.5074561 0.0184211 0.0254386
2 0.2698191 0.1814327 0.0185855 0.0295322
2 0.3514803 0.0135965 0.0217105 0.0254386
4 0.3620066 0.0501462 0.0207237 0.030117
2 0.70625 0.424269 0.0197368 0.0339181
2 0.7975329 0.426462 0.0177632 0.027193
2 0.6289474 0.050731 0.0213816 0.0295322
2 0.4856086 0.1347953 0.0143092 0.0233918
2 0.2387336 0.3824561 0.0205592 0.0345029
2 0.7167763 0.6112573 0.0217105 0.0318713
2 0.2038651 0.5495614 0.0205592 0.0277778
2 0.2712993 0.8358187 0.0179276 0.0324561
2 0.3369243 0.9197368 0.0202303 0.0353801
2 0.5989309 0.7039474 0.0212171 0.0359649
2 0.3775493 0.8033626 0.0228618 0.0353801
2 0.41875 0.1203216 0.0180921 0.0330409
4 0.1782895 0.5760234 0.0197368 0.0280702
2 0.6287829 0.1355263 0.0233553 0.0394737
2 0.3790296 0.5922515 0.0182566 0.0347953
2 0.5005757 0.8114035 0.0195724 0.0391813
2 0.4472039 0.922807 0.0171053 0.0298246
2 0.2894737 0.4333333 0.0194079 0.0315789
2 0.7555921 0.624269 0.0164474 0.0292398
2 0.4459704 0.0904971 0.0251645 0.0383041
2 0.5106086 0.3059942 0.0185855 0.0277778
4 0.7724507 0.3995614 0.0199013 0.0277778
2 0.6114309 0.3361111 0.0195724 0.0324561
2 0.6643914 0.1318713 0.0129934 0.0216374
2 0.6740954 0.1219298 0.0185855 0.0356725
2 0.5037007 0.1770468 0.0228618 0.0377193
2 0.4327303 0.0219298 0.0240132 0.0368421
4 0.4535362 0.1769006 0.0222039 0.0315789
2 0.3755757 0.3557018 0.0149671 0.030117
2 0.4363487 0.2760234 0.01875 0.0321637
4 0.2393914 0.1466374 0.0185855 0.0307018
2 0.648602 0.5777778 0.0202303 0.0426901
2 0.6228618 0.5935673 0.0213816 0.0362573
2 0.6272204 0.5823099 0.0159539 0.0266082
2 0.5914474 0.720614 0.0194079 0.0371345
2 0.7402961 0.6976608 0.0167763 0.022807
2 0.6665296 0.5169591 0.0169408 0.0292398
2 0.5688322 0.4330409 0.0222039 0.0380117
2 0.6046053 0.4804094 0.0200658 0.0391813
2 0.5148026 0.0130117 0.0256579 0.024269
2 0.2152138 0.8460526 0.0225329 0.0383041
2 0.3291941 0.5526316 0.0185855 0.028655
2 0.3462993 0.0831871 0.0202303 0.0365497
2 0.3240132 0.0232456 0.0194079 0.0307018
2 0.5212171 0.1812865 0.0174342 0.0327485
2 0.4780428 0.1442982 0.0195724 0.0400585
2 0.6495066 0.2289474 0.0230263 0.0368421
2 0.7342928 0.2428363 0.0172697 0.0353801
2 0.7907072 0.4663743 0.0212171 0.0304094
2 0.6374178 0.2245614 0.0192434 0.0280702
2 0.7361842 0.425731 0.0213816 0.0309942
2 0.3674342 0.4321637 0.0138158 0.0239766
2 0.3550987 0.4149123 0.0144737 0.025731
2 0.4681743 0.0758772 0.0208882 0.0359649
2 0.6953125 0.1520468 0.0195724 0.0304094
2 0.6086349 0.2377193 0.0175987 0.0269006
2 0.7679276 0.3046784 0.0161184 0.0222222
4 0.7939145 0.6210526 0.0190789 0.0339181
3 0.4446546 0.3397661 0.0169408 0.0345029
0 0.3393914 0.4140351 0.015625 0.022807
2 0.3592105 0.4576023 0.01875 0.028655
0 0.3092105 0.4929825 0.0164474 0.0187135
2 0.2984375 0.5979532 0.0162829 0.0233918
2 0.2273849 0.5026316 0.0172697 0.0292398
2 0.6391447 0.3600877 0.0217105 0.0324561
2 0.6453947 0.3866959 0.0203947 0.0400585
2 0.6776316 0.3476608 0.0197368 0.0298246
2 0.6148849 0.3086257 0.0143092 0.027193
2 0.6796053 0.2853801 0.0157895 0.0245614
2 0.3930099 0.325 0.0172697 0.0318713
2 0.4565789 0.2222222 0.01875 0.0327485
2 0.5890625 0.2479532 0.0172697 0.0292398
2 0.7819079 0.3112573 0.0161184 0.0318713
2 0.7669408 0.5128655 0.0180921 0.028655
2 0.4509868 0.9652047 0.0217105 0.0327485
2 0.448602 0.9687135 0.0159539 0.0280702
2 0.226398 0.5454678 0.0212171 0.0318713
2 0.6924342 0.5562865 0.0180921 0.0324561
2 0.7390625 0.597807 0.0159539 0.027193
2 0.7727796 0.3707602 0.0179276 0.0298246
2 0.8008224 0.3413743 0.01875 0.0324561
2 0.6652961 0.0833333 0.0203947 0.0350877
2 0.710773 0.071345 0.0185855 0.028655
2 0.7098684 0.1324561 0.0194079 0.0309942
2 0.6166941 0.0937135 0.0208882 0.0347953
2 0.6276316 0.0820175 0.0167763 0.024269
2 0.5249178 0.1077485 0.0182566 0.0347953
2 0.4719572 0.146345 0.0166118 0.0318713
2 0.4780428 0.0951754 0.0215461 0.0289474
2 0.4631579 0.055848 0.0217105 0.0345029
2 0.4427632 0.0671053 0.0190789 0.030117
2 0.2153783 0.2285088 0.0179276 0.0324561
2 0.4178454 0.2628655 0.0192434 0.0274854
2 0.1073191 0.3495614 0.0185855 0.0318713
0 0.3314967 0.6546784 0.0113487 0.0187135
2 0.7870066 0.6233918 0.0200658 0.0298246
2 0.4875 0.4741228 0.0167763 0.0336257
2 0.5073191 0.6125731 0.0182566 0.0292398
2 0.7777138 0.5959064 0.021875 0.0280702
2 0.2686678 0.3709064 0.0241776 0.0347953
4 0.2679276 0.3616959 0.0161184 0.0292398
2 0.2495888 0.7385965 0.0195724 0.0333333
2 0.1962993 0.4605263 0.0199013 0.0362573
2 0.7501645 0.2983918 0.0200658 0.0365497
2 0.8106908 0.3488304 0.0157895 0.0304094
2 0.5292763 0.4730994 0.0194079 0.0327485
2 0.6365132 0.1033626 0.0217105 0.0377193
0 0.2846217 0.6048246 0.0166118 0.0207602
0 0.3229441 0.6048246 0.0100329 0.0178363
2 0.5310033 0.1942982 0.0175987 0.0318713
2 0.2495888 0.5391813 0.0202303 0.0304094
2 0.717023 0.2884503 0.0195724 0.0365497
2 0.4215461 0.2359649 0.0210526 0.0298246
2 0.3351974 0.2646199 0.0194079 0.0304094
2 0.2799342 0.6421053 0.0184211 0.0251462
4 0.1588816 0.3583333 0.0233553 0.0371345
2 0.4171875 0.8799708 0.0202303 0.0347953
2 0.7991776 0.523538 0.0157895 0.0289474
0 0.2708059 0.8067251 0.0143092 0.0263158
2 0.2364309 0.2646199 0.021875 0.0321637
2 0.3532072 0.9792398 0.0231908 0.0274854
2 0.6317434 0.175731 0.01875 0.0251462
2 0.6598684 0.1222222 0.0190789 0.0239766
2 0.4196546 0.9675439 0.0169408 0.0274854
2 0.5505757 0.1777778 0.0162829 0.025731
2 0.746875 0.6330409 0.0164474 0.0321637
2 0.2303454 0.9097953 0.0195724 0.0312865
2 0.6111842 0.4166667 0.0246711 0.0368421
2 0.7209704 0.3850877 0.0185855 0.0263158
2 0.7172697 0.3459064 0.0217105 0.0345029
2 0.6696546 0.1372807 0.0179276 0.0283626
2 0.7053454 0.0114035 0.0248355 0.0210526
2 0.5634868 0.5891813 0.0190789 0.0298246
2 0.4757401 0.4216374 0.0169408 0.0321637
2 0.6832237 0.3774854 0.0197368 0.0362573
2 0.2323191 0.2020468 0.0185855 0.0362573
2 0.6262336 0.2409357 0.0166118 0.0222222
2 0.7168586 0.1918129 0.0205592 0.0374269
2 0.4402961 0.9042398 0.0213816 0.0342105
2 0.7479441 0.2081871 0.0189145 0.0339181
2 0.8233553 0.3586257 0.0190789 0.0295322
2 0.6278783 0.45 0.0241776 0.0315789
2 0.7095395 0.225 0.01875 0.0307018
2 0.721875 0.222807 0.0180921 0.028655
2 0.3104441 0.7001462 0.0175987 0.0254386
2 0.6648849 0.3505848 0.0205592 0.0339181
2 0.7755757 0.2726608 0.0208882 0.0312865
2 0.7657072 0.1915205 0.021875 0.0385965
2 0.6880757 0.1125731 0.0185855 0.0304094
2 0.7308388 0.1913743 0.0172697 0.0277778
4 0.3344572 0.3875731 0.0182566 0.0260234
2 0.7537829 0.6665205 0.0184211 0.0324561
2 0.2602796 0.777193 0.0199013 0.0339181
0 0.7897204 0.2925439 0.0123355 0.0236842
2 0.651398 0.3157895 0.0189145 0.0309942
2 0.3097862 0.4611111 0.0123355 0.0175439
2 0.2792763 0.4461988 0.0167763 0.0298246
2 0.5967105 0.2824561 0.0213816 0.0374269
0 0.5870066 0.047807 0.0105263 0.024269
2 0.4947368 0.400731 0.0194079 0.0307018
2 0.5606908 0.3017544 0.0240132 0.0350877
2 0.5364309 0.1090643 0.0208882 0.0397661
0 0.5449013 0.0824561 0.0157895 0.019883
2 0.1899671 0.1140351 0.0230263 0.0345029
2 0.7766447 0.5523392 0.0171053 0.0315789
2 0.7976151 0.5725146 0.0195724 0.0368421
2 0.7149671 0.8315789 0.0200658 0.0467836
2 0.235773 0.3488304 0.0208882 0.0374269
2 0.4159539 0.6782164 0.0194079 0.0336257
2 0.2828125 0.0814327 0.0175987 0.0289474
2 0.3684211 0.852924 0.0138158 0.0274854
2 0.7905428 0.344883 0.0179276 0.0324561
2 0.7845395 0.3868421 0.0190789 0.0345029
2 0.7965461 0.3798246 0.0203947 0.0345029
2 0.6114309 0.1495614 0.0202303 0.0289474
2 0.5702303 0.1472222 0.0197368 0.0365497
2 0.5717105 0.1697368 0.0194079 0.0260234
2 0.5805921 0.2134503 0.0154605 0.0327485
2 0.6609375 0.0238304 0.0143092 0.021345
2 0.7229441 0.0454678 0.0228618 0.0359649
2 0.7436678 0.1647661 0.0199013 0.0371345
2 0.7653783 0.155848 0.0271382 0.0374269
2 0.1819079 0.5096491 0.0174342 0.0251462
2 0.2395559 0.8535088 0.0179276 0.0298246
2 0.226727 0.6656433 0.0182566 0.0330409
2 0.4696546 0.2409357 0.0172697 0.0251462
2 0.3891447 0.6049708 0.0108553 0.022807
2 0.403125 0.4918129 0.0151316 0.0280702
2 0.6810855 0.1796784 0.0190789 0.0336257
2 0.6347862 0.3128655 0.0146382 0.0327485
2 0.7284539 0.4945906 0.0223684 0.0359649
2 0.7291941 0.2078947 0.0179276 0.028655
2 0.5846217 0.4480994 0.0212171 0.0347953
2 0.2425164 0.9302632 0.021875 0.0365497
2 0.3162007 0.8495614 0.0192434 0.0347953
2 0.3290296 0.8464912 0.0166118 0.0362573
2 0.3865954 0.6938596 0.015625 0.0233918
2 0.4419408 0.3258772 0.0207237 0.0353801
2 0.6750822 0.478655 0.0215461 0.0321637
2 0.792023 0.3248538 0.0179276 0.0304094
2 0.6543586 0.275 0.0166118 0.0318713
2 0.3872533 0.9026316 0.0192434 0.0403509
2 0.4037829 0.2241228 0.0174342 0.0260234
2 0.4540296 0.2508772 0.015625 0.028655
2 0.4023026 0.8283626 0.0213816 0.0321637
2 0.5925164 0.120614 0.0166118 0.030117
3 0.6760691 0.6380117 0.0185855 0.0315789
2 0.5690789 0.2244152 0.0203947 0.0383041
2 0.3351974 0.7192982 0.0220395 0.0345029
0 0.7989309 0.304386 0.0129934 0.019883
2 0.8097039 0.2888889 0.0190789 0.0321637
2 0.7824836 0.1780702 0.0225329 0.0362573
2 0.7709704 0.2261696 0.0182566 0.0295322
2 0.7699013 0.2087719 0.0210526 0.0274854
2 0.2601151 0.9225146 0.0179276 0.0356725
2 0.7883224 0.2530702 0.0197368 0.0330409
3 0.2071546 0.0267544 0.0215461 0.0342105
2 0.5090461 0.4122807 0.0184211 0.0304094
2 0.6202303 0.077924 0.0128289 0.0312865
2 0.735773 0.3001462 0.0159539 0.0336257
2 0.759375 0.2087719 0.0154605 0.0263158
2 0.7006579 0.0912281 0.0203947 0.028655
2 0.7129112 0.0216374 0.0251645 0.0298246
3 0.3363487 0.070614 0.0184211 0.0277778
2 0.5106908 0.0359649 0.0203947 0.0380117
2 0.4555099 0.4685673 0.0222039 0.0406433
0 0.4791941 0.6890351 0.0129934 0.0254386
2 0.7722039 0.2785088 0.0200658 0.0260234
2 0.8291941 0.4128655 0.0251645 0.0292398
2 0.7571546 0.2697368 0.0172697 0.0283626
2 0.7711349 0.3277778 0.0172697 0.0274854
2 0.6788651 0.1565789 0.0192434 0.0260234
2 0.7790296 0.444152 0.015625 0.0298246
2 0.7620888 0.2415205 0.0208882 0.0315789
2 0.7067434 0.1067251 0.0220395 0.0403509
0 0.7566612 0.3758772 0.0120066 0.0160819
2 0.7371711 0.2057018 0.0171053 0.0312865
2 0.3470395 0.2754386 0.0180921 0.0239766
2 0.628125 0.3482456 0.0171053 0.0368421
2 0.6935033 0.275731 0.0152961 0.0292398
2 0.6765625 0.0188596 0.0192434 0.0359649
2 0.4228618 0.7282164 0.0256579 0.0418129
3 0.5296875 0.748538 0.0199013 0.0309942
2 0.5635691 0.2480994 0.0199013 0.0318713
2 0.2496711 0.1568713 0.0233553 0.0365497
2 0.7995888 0.2337719 0.0192434 0.0330409
2 0.7303454 0.152924 0.0175987 0.0321637
2 0.7858553 0.2108187 0.0213816 0.0339181
2 0.6699013 0.2704678 0.0164474 0.0292398
2 0.6537007 0.3399123 0.0195724 0.0324561
2 0.804852 0.2239766 0.0166118 0.028655
2 0.7237664 0.1089181 0.0192434 0.0295322
2 0.8083059 0.2554094 0.021875 0.0359649
2 0.1769737 0.3187135 0.0240132 0.0391813
