2 0.3752467 0.4991228 0.0172697 0.0245614
2 0.3768092 0.5210526 0.0171053 0.0280702
2 0.3601151 0.5726608 0.0123355 0.0254386
2 0.4947368 0.6067251 0.0111842 0.0187135
2 0.3722039 0.6434211 0.0134868 0.0260234
2 0.3898849 0.6747076 0.0116776 0.0201754
2 0.3854441 0.4931287 0.0100329 0.0289474
2 0.3955592 0.5404971 0.0111842 0.0207602
2 0.3497533 0.6201754 0.0129934 0.0210526
2 0.3599507 0.6524854 0.0129934 0.0207602
2 0.4532895 0.5619883 0.0101974 0.0175439
2 0.4360197 0.5916667 0.0108553 0.0225146
2 0.4814145 0.5222222 0.0118421 0.0239766
2 0.4933388 0.4983918 0.0116776 0.0248538
2 0.3739309 0.6714912 0.0120066 0.0201754
2 0.3444079 0.6896199 0.0144737 0.0236842
2 0.3265625 0.6884503 0.0146382 0.021345
2 0.3365954 0.7146199 0.0152961 0.0251462
2 0.4546053 0.5944444 0.0194079 0.0298246
2 0.354523 0.5964912 0.0133224 0.0204678
2 0.49375 0.5859649 0.0085526 0.0163743
2 0.4947368 0.5638889 0.0108553 0.0225146
2 0.3662007 0.7526316 0.0123355 0.0157895
2 0.3941612 0.6938596 0.0120066 0.022807
2 0.4668586 0.6333333 0.0129934 0.0187135
2 0.4082237 0.4739766 0.0138158 0.0298246
2 0.3509868 0.6437135 0.0125 0.0201754
2 0.4931743 0.5422515 0.0106908 0.0230994
2 0.4344572 0.6745614 0.0126645 0.0251462
2 0.3444901 0.7606725 0.0116776 0.0207602
2 0.4219572 0.6497076 0.0116776 0.022807
2 0.5407072 0.6555556 0.0129934 0.0187135
2 0.5606086 0.6539474 0.0169408 0.0324561
1 0.5650493 0.7261696 0.0152961 0.0230994
1 0.5564967 0.7476608 0.0149671 0.0333333
