2 0.10546875 0.70859375 0.0640625 0.0578125
2 0.17578125 0.43671875 0.0640625 0.0578125
1 0.21015625 0.77109375 0.0640625 0.0578125
2 0.10390625 0.18203125 0.0640625 0.0578125
2 0.11640625 0.30703125 0.0640625 0.0578125
2 0.03984375 0.33984375 0.0640625 0.0578125
2 0.29453125 0.31328125 0.0640625 0.0578125
2 0.12578125 0.40859375 0.0640625 0.0578125
2 0.09921875 0.35859375 0.0640625 0.0578125
1 0.24609375 0.52734375 0.0640625 0.0578125
2 0.32890625 0.46328125 0.0640625 0.0578125
0 0.31015625 0.30703125 0.0640625 0.0578125
2 0.31640625 0.40859375 0.0640625 0.0578125
2 0.26328125 0.31171875 0.0640625 0.0578125
2 0.07109375 0.27890625 0.0640625 0.0578125
1 0.09140625 0.40546875 0.0640625 0.0578125
2 0.0046875 0.38984375 0.009375 0.0578125
2 0.10234375 0.23515625 0.0640625 0.0578125
2 0.03359375 0.25234375 0.0640625 0.0578125
2 0.01484375 0.26953125 0.0296875 0.0578125
2 0.0234375 0.99140625 0.046875 0.0171875
2 0.25546875 0.1515625 0.0640625 0.05625
2 0.22109375 0.15546875 0.0640625 0.0578125
2 0.17890625 0.19453125 0.0640625 0.0578125
2 0.153125 0.19765625 0.0625 0.0578125
2 0.028125 0.49921875 0.05625 0.0578125
2 0.03515625 0.51640625 0.0640625 0.0578125
1 0.13046875 0.70859375 0.0640625 0.0578125
2 0.09296875 0.71953125 0.0640625 0.0578125
2 0.01875 0.67265625 0.0375 0.0578125
2 0.0203125 0.61796875 0.040625 0.0578125
2 0.06796875 0.99296875 0.0640625 0.0140625
2 0.08046875 0.85703125 0.0640625 0.0578125
2 0.03203125 0.73671875 0.0640625 0.0578125
2 0.15546875 0.59765625 0.0640625 0.0578125
1 0.06484375 0.42421875 0.0640625 0.0578125
2 0.07890625 0.53671875 0.0640625 0.0578125
2 0.09921875 0.44921875 0.0640625 0.0578125
2 0.07109375 0.22109375 0.0640625 0.0578125
2 0.04453125 0.98125 0.0640625 0.0375
2 0.24609375 0.75234375 0.0640625 0.0578125
1 0.08359375 0.78828125 0.0640625 0.0578125
2 0.13828125 0.57109375 0.0640625 0.0578125
2 0.20546875 0.44921875 0.0640625 0.0578125
2 0.03671875 0.53203125 0.0640625 0.0578125
2 0.04296875 0.56015625 0.0640625 0.0578125
2 0.15859375 0.46171875 0.0640625 0.0578125
2 0.0046875 0.50234375 0.009375 0.0578125
2 0.22890625 0.08359375 0.0640625 0.0578125
2 0.28046875 0.41484375 0.0640625 0.0578125
1 0.06328125 0.30546875 0.0640625 0.0578125
2 0.19609375 0.27734375 0.0640625 0.0578125
2 0.13046875 0.46015625 0.0640625 0.0578125
2 0.17109375 0.28359375 0.0640625 0.0578125
2 0.26015625 0.28671875 0.0640625 0.0578125
2 0.08671875 0.24140625 0.0640625 0.0578125
2 0.09921875 0.27109375 0.0640625 0.0578125
2 0.07109375 0.15078125 0.0640625 0.0578125
1 0.05703125 0.18671875 0.0640625 0.0578125
2 0.12421875 0.15234375 0.0640625 0.0578125
2 0.09765625 0.9828125 0.0640625 0.034375
2 0.10546875 0.64140625 0.0640625 0.0578125
1 0.24140625 0.66015625 0.0640625 0.0578125
1 0.05078125 0.22109375 0.0640625 0.0578125
2 0.13671875 0.32265625 0.0640625 0.0578125
1 0.0234375 0.46015625 0.046875 0.0578125
2 0.00703125 0.08046875 0.0140625 0.0578125
2 0.01953125 0.18125 0.0390625 0.05625
1 0.04921875 0.41328125 0.0640625 0.0578125
2 0.11484375 0.61640625 0.0640625 0.0578125
2 0.14453125 0.58203125 0.0640625 0.0578125
2 0.13671875 0.82734375 0.0640625 0.0578125
2 0.01640625 0.98046875 0.0328125 0.0390625
2 0.18203125 0.59296875 0.0640625 0.0578125
2 0.17109375 0.57421875 0.0640625 0.0578125
1 0.17890625 0.61796875 0.0640625 0.0578125
2 0.11484375 0.32890625 0.0640625 0.0578125
2 0.16015625 0.38984375 0.0640625 0.0578125
1 0.04609375 0.15546875 0.0640625 0.0578125
2 0.08359375 0.21171875 0.0640625 0.0578125
2 0.27109375 0.11015625 0.0640625 0.0578125
2 0.04609375 0.04765625 0.0640625 0.0578125
1 0.03125 0.41640625 0.0625 0.0578125
1 0.06796875 0.39296875 0.0640625 0.0578125
1 0.04140625 0.39765625 0.0640625 0.0578125
1 0.34453125 0.50390625 0.0640625 0.0578125
1 0.16953125 0.14296875 0.0640625 0.0578125
1 0.13828125 0.54609375 0.0640625 0.0578125
2 0.17890625 0.71171875 0.0640625 0.0578125
1 0.19921875 0.54453125 0.0640625 0.0578125
2 0.12109375 0.77109375 0.0640625 0.0578125
2 0.20078125 0.65390625 0.0640625 0.0578125
1 0.15390625 0.52265625 0.0640625 0.0578125
1 0.21953125 0.61796875 0.0640625 0.0578125
1 0.20546875 0.19921875 0.0640625 0.0578125
2 0.04140625 0.07734375 0.0640625 0.0578125
1 0.18515625 0.15703125 0.0640625 0.0578125
1 0.08671875 0.74765625 0.0640625 0.0578125
1 0.09921875 0.67578125 0.0640625 0.0578125
1 0.20078125 0.1671875 0.0640625 0.059375
1 0.03828125 0.1109375 0.0640625 0.059375
1 0.03515625 0.43203125 0.0640625 0.0578125
2 0.3265625 0.7859375 0.065625 0.059375
1 0.19921875 0.56484375 0.0640625 0.0578125
1 0.11171875 0.83671875 0.0640625 0.0578125
1 0.23203125 0.77890625 0.0640625 0.0578125
2 0.0109375 0.6 0.021875 0.05625
1 0.23671875 0.49921875 0.0640625 0.0578125
2 0.0046875 0.84921875 0.009375 0.0578125
1 0.27890625 0.55625 0.0640625 0.059375
1 0.30234375 0.55625 0.0640625 0.059375
0 0.16640625 0.33828125 0.0640625 0.0578125
1 0.2984375 0.7484375 0.065625 0.05625
1 0.21875 0.48046875 0.071875 0.0640625
0 0.34921875 0.35859375 0.0640625 0.0578125
0 0.32734375 0.32109375 0.0640625 0.0578125
0 0.31640625 0.33359375 0.0640625 0.0578125
1 0.290625 0.471875 0.078125 0.0625
2 0.58046875 0.98125 0.0734375 0.0375