2 0.9109375 0.42734375 0.065625 0.0609375
2 0.70703125 0.26953125 0.0671875 0.0609375
2 0.546875 0.22578125 0.065625 0.0609375
2 0.7265625 0.14140625 0.065625 0.0609375
2 0.8421875 0.08203125 0.065625 0.0609375
2 0.865625 0.11015625 0.065625 0.0609375
2 0.9515625 0.12265625 0.065625 0.0609375
2 0.9046875 0.1203125 0.065625 0.059375
2 0.8296875 0.01328125 0.065625 0.0265625
2 0.6859375 0.31640625 0.065625 0.0609375
2 0.4890625 0.33203125 0.065625 0.0609375
2 0.5484375 0.19140625 0.065625 0.0609375
2 0.503125 0.29296875 0.065625 0.0609375
1 0.8109375 0.20390625 0.065625 0.0609375
2 0.6515625 0.03984375 0.065625 0.0609375
2 0.8328125 0.07421875 0.065625 0.0609375
2 0.7265625 0.12265625 0.065625 0.0609375
2 0.759375 0.13984375 0.065625 0.0609375
2 0.7890625 0.16796875 0.065625 0.0609375
2 0.721875 0.24921875 0.065625 0.0609375
2 0.81875 0.25078125 0.065625 0.0578125
2 0.803125 0.26953125 0.065625 0.0609375
2 0.92109375 0.18671875 0.0640625 0.0578125
2 0.96796875 0.16171875 0.0640625 0.0578125
2 0.99609375 0.26484375 0.0078125 0.0578125
2 0.60078125 0.38203125 0.0640625 0.0578125
2 0.97734375 0.30859375 0.0453125 0.0578125
2 0.896875 0.3484375 0.065625 0.05625
2 0.98359375 0.35703125 0.0328125 0.0578125
2 0.73828125 0.29453125 0.0640625 0.0578125
2 0.97421875 0.27890625 0.0515625 0.0578125
0 0.58984375 0.35859375 0.0640625 0.0578125
2 0.37734375 0.23046875 0.0640625 0.0578125
2 0.30546875 0.31171875 0.0640625 0.0578125
2 0.38515625 0.42265625 0.0640625 0.0578125
2 0.95078125 0.41328125 0.0640625 0.0578125
2 0.96875 0.37578125 0.0625 0.0578125
2 0.96640625 0.33671875 0.0640625 0.0578125
2 0.98203125 0.26015625 0.0359375 0.0578125
2 0.96484375 0.03203125 0.0671875 0.0609375
2 0.971875 0.03359375 0.05625 0.0609375
2 0.7546875 0.18671875 0.065625 0.0609375
2 0.7328125 0.22578125 0.065625 0.0609375
2 0.503125 0.32578125 0.065625 0.0609375
2 0.59296875 0.33046875 0.0640625 0.0578125
2 0.58515625 0.34296875 0.0640625 0.0578125
2 0.71171875 0.36328125 0.0640625 0.0546875
2 0.72890625 0.32890625 0.0640625 0.0578125
2 0.93046875 0.43203125 0.0640625 0.0578125
2 0.98828125 0.12109375 0.0234375 0.0578125
2 0.96015625 0.07109375 0.0640625 0.0578125
2 0.39453125 0.23828125 0.0640625 0.0578125
2 0.43828125 0.28828125 0.0640625 0.0578125
2 0.42578125 0.26640625 0.0640625 0.0578125
2 0.43359375 0.30859375 0.0640625 0.0578125
2 0.40859375 0.20703125 0.0640625 0.0578125
2 0.55859375 0.32265625 0.0640625 0.0578125
2 0.35390625 0.43046875 0.0640625 0.0578125
2 0.36171875 0.41015625 0.0640625 0.0578125
2 0.46015625 0.69140625 0.0640625 0.0578125
2 0.5796875 0.4578125 0.0625 0.05625
2 0.55546875 0.43359375 0.0640625 0.0578125
2 0.52734375 0.41484375 0.0640625 0.0578125
2 0.57578125 0.40390625 0.0640625 0.0578125
0 0.90859375 0.38203125 0.0640625 0.0578125
2 0.88359375 0.31796875 0.0640625 0.0578125
2 0.9921875 0.55546875 0.015625 0.0578125
2 0.96796875 0.54921875 0.0640625 0.0578125
2 0.79921875 0.62734375 0.0640625 0.0578125
2 0.99296875 0.38359375 0.0140625 0.0578125
2 0.90546875 0.05546875 0.0640625 0.0578125
2 0.91171875 0.02578125 0.0640625 0.0515625
2 0.93359375 0.06484375 0.0640625 0.0578125
2 0.98203125 0.67890625 0.0359375 0.0578125
2 0.440625 0.11796875 0.065625 0.0609375
2 0.32734375 0.26171875 0.0640625 0.0578125
2 0.42578125 0.21171875 0.0640625 0.0578125
2 0.36171875 0.57421875 0.0640625 0.0578125
2 0.33828125 0.51171875 0.0640625 0.0578125
2 0.64921875 0.47734375 0.0640625 0.0578125
1 0.72421875 0.57265625 0.0640625 0.0578125
1 0.71015625 0.53828125 0.0640625 0.0578125
2 0.76484375 0.56328125 0.0640625 0.0578125
2 0.94453125 0.51328125 0.0640625 0.0578125
2 0.87265625 0.47109375 0.0640625 0.0578125
1 0.83671875 0.47578125 0.0640625 0.0578125
2 0.78359375 0.42109375 0.0640625 0.0578125
2 0.79296875 0.33203125 0.0640625 0.0578125
1 0.78828125 0.36015625 0.0640625 0.0578125
2 0.98203125 0.40546875 0.0359375 0.0578125
2 0.84765625 0.30703125 0.0640625 0.0578125
2 0.91171875 0.26015625 0.0640625 0.0578125
2 0.93125 0.26875 0.065625 0.059375
2 0.89921875 0.22578125 0.0640625 0.0578125
2 0.90078125 0.16484375 0.0640625 0.0578125
2 0.72265625 0.16015625 0.0640625 0.0578125
2 0.971875 0.1375 0.05625 0.053125
1 0.9875 0.06953125 0.025 0.0578125
2 0.9765625 0.0078125 0.046875 0.015625
2 0.9703125 0.01015625 0.059375 0.0203125
1 0.58984375 0.93515625 0.0640625 0.0578125
2 0.2984375 0.20390625 0.065625 0.0609375
2 0.65 0.00390625 0.065625 0.0078125
2 0.3265625 0.02890625 0.065625 0.0578125
2 0.2859375 0.02265625 0.065625 0.0453125
1 0.3984375 0.14921875 0.065625 0.0609375
1 0.33125 0.17421875 0.065625 0.0609375
1 0.2640625 0.22265625 0.065625 0.0609375
1 0.25625 0.16640625 0.065625 0.0609375
2 0.265625 0.08984375 0.065625 0.0609375
2 0.41796875 0.32265625 0.0640625 0.0578125
2 0.38828125 0.26640625 0.0640625 0.0578125
2 0.33359375 0.60078125 0.0640625 0.0578125
2 0.46796875 0.72578125 0.0640625 0.0578125
2 0.34765625 0.64609375 0.0640625 0.0578125
2 0.50234375 0.60546875 0.0640625 0.0578125
2 0.54296875 0.59921875 0.0640625 0.0546875
2 0.57109375 0.55078125 0.0640625 0.0578125
2 0.53984375 0.58046875 0.0640625 0.0578125
2 0.62734375 0.65859375 0.0640625 0.0578125
2 0.55546875 0.77265625 0.0640625 0.0578125
2 0.5609375 0.68046875 0.0625 0.0578125
2 0.52890625 0.63125 0.0640625 0.05625
2 0.51953125 0.61015625 0.0640625 0.0578125
2 0.9859375 0.01796875 0.028125 0.0359375
2 0.85390625 0.01796875 0.0640625 0.0359375
2 0.88828125 0.0046875 0.0640625 0.009375
2 0.53984375 0.31640625 0.0640625 0.0578125
2 0.521875 0.34296875 0.065625 0.0609375
2 0.45 0.40546875 0.065625 0.0609375
2 0.415625 0.10234375 0.065625 0.0609375
2 0.43203125 0.34453125 0.0640625 0.0578125
2 0.37890625 0.30703125 0.0640625 0.0578125
2 0.35859375 0.27265625 0.0640625 0.0578125
1 0.2328125 0.46484375 0.065625 0.0609375
2 0.5296875 0.26953125 0.065625 0.0609375
2 0.625 0.24296875 0.065625 0.0609375
2 0.340625 0.33671875 0.065625 0.0609375
2 0.3828125 0.32734375 0.065625 0.0609375
0 0.3546875 0.66484375 0.065625 0.0609375
2 0.92890625 0.72734375 0.0640625 0.0578125
1 0.41015625 0.17734375 0.0640625 0.0578125
2 0.98828125 0.52734375 0.0234375 0.0578125
2 0.81171875 0.62265625 0.0640625 0.0578125
2 0.8734375 0.06640625 0.065625 0.0609375
2 0.81015625 0.56171875 0.0640625 0.0578125
2 0.77421875 0.53828125 0.0640625 0.0578125
1 0.19375 0.18515625 0.065625 0.0609375
2 0.6890625 0.21171875 0.065625 0.0609375
1 0.3796875 0.07265625 0.065625 0.0609375
1 0.3265625 0.13359375 0.065625 0.0609375
2 0.5609375 0.21484375 0.065625 0.0609375
2 0.4375 0.3703125 0.065625 0.059375
2 0.2859375 0.29765625 0.065625 0.0609375
1 0.478125 0.42890625 0.065625 0.0609375
2 0.29140625 0.58828125 0.0640625 0.0578125
2 0.99609375 0.34140625 0.0078125 0.0578125
2 0.76171875 0.32578125 0.0640625 0.0578125
2 0.90625 0.28828125 0.0625 0.0578125
2 0.84609375 0.20703125 0.0640625 0.0578125
2 0.7171875 0.07734375 0.065625 0.0609375
1 0.99375 0.58828125 0.0125 0.0578125
2 0.58671875 0.41484375 0.0640625 0.0578125
2 0.58359375 0.47109375 0.0640625 0.0578125
2 0.73203125 0.44453125 0.0640625 0.0578125
2 0.61953125 0.35546875 0.0640625 0.0578125
2 0.3140625 0.34296875 0.065625 0.0609375
2 0.4203125 0.48203125 0.065625 0.0609375
2 0.4 0.45859375 0.065625 0.0609375
2 0.3734375 0.37578125 0.065625 0.0609375
2 0.4375 0.42265625 0.065625 0.0609375
2 0.26484375 0.56640625 0.0640625 0.0578125
2 0.60546875 0.58671875 0.0640625 0.0578125
1 0.57890625 0.72421875 0.0640625 0.0578125
2 0.60703125 0.65546875 0.0640625 0.0578125
2 0.87890625 0.54453125 0.0640625 0.0578125
2 0.89140625 0.27421875 0.0640625 0.0578125
2 0.359375 0.0109375 0.065625 0.021875
1 0.78125 0.07734375 0.065625 0.0609375
1 0.7828125 0.05703125 0.065625 0.0609375
1 0.90234375 0.0375 0.0671875 0.0625
2 0.98125 0.17734375 0.0375 0.0578125
2 0.7171875 0.02890625 0.065625 0.0578125
1 0.390625 0.07109375 0.065625 0.0609375
0 0.5875 0.27109375 0.065625 0.0609375
1 0.3765625 0.11171875 0.065625 0.0609375
2 0.5515625 0.18515625 0.065625 0.0609375
2 0.5 0.23671875 0.065625 0.0609375
2 0.5515625 0.28046875 0.065625 0.0609375
1 0.628125 0.61953125 0.05625 0.0546875
1 0.63359375 0.87734375 0.0640625 0.0578125
2 0.75859375 0.32734375 0.0640625 0.0578125
1 0.83671875 0.43984375 0.0640625 0.0578125
1 0.70859375 0.34453125 0.0640625 0.0578125
1 0.62734375 0.05234375 0.0578125 0.0515625
2 0.70078125 0.11796875 0.0578125 0.0515625
2 0.86640625 0.16484375 0.0640625 0.0578125
1 0.80078125 0.02109375 0.0640625 0.0421875
2 0.95703125 0.21484375 0.0640625 0.0578125
1 0.87734375 0.36015625 0.0640625 0.0578125
1 0.77265625 0.29453125 0.0640625 0.0578125
2 0.96484375 0.50078125 0.0640625 0.0578125
1 0.87421875 0.68359375 0.0640625 0.0578125
1 0.96796875 0.44609375 0.0640625 0.0578125
2 0.97578125 0.33359375 0.0484375 0.0578125
1 0.4015625 0.07890625 0.065625 0.0609375
1 0.209375 0.13203125 0.065625 0.0609375
1 0.2859375 0.16796875 0.065625 0.0609375
1 0.234375 0.17734375 0.065625 0.0609375
2 0.64375 0.62421875 0.065625 0.0609375
1 0.3875 0.49765625 0.065625 0.0609375
1 0.2296875 0.27265625 0.065625 0.0609375
1 0.6625 0.23046875 0.065625 0.0609375
0 0.83828125 0.12421875 0.0640625 0.0578125
0 0.80703125 0.13671875 0.0640625 0.0578125
0 0.82890625 0.15234375 0.0640625 0.0578125
0 0.88046875 0.24609375 0.0640625 0.0578125
0 0.88359375 0.23203125 0.0640625 0.0578125
1 0.84296875 0.50859375 0.0640625 0.0578125
2 0.82421875 0.57734375 0.0640625 0.0578125
1 0.93828125 0.69609375 0.0640625 0.0578125
1 0.84140625 0.65234375 0.0640625 0.0578125
2 0.76640625 0.69140625 0.0640625 0.0578125
2 0.9921875 0.6296875 0.015625 0.05625
2 0.6921875 0.15078125 0.065625 0.0609375
1 0.253125 0.13203125 0.065625 0.0609375
0 0.696875 0.05703125 0.065625 0.0609375
0 0.6640625 0.10390625 0.065625 0.0609375
1 0.446875 0.10390625 0.065625 0.0609375
1 0.2328125 0.20859375 0.065625 0.0609375
2 0.57109375 0.64296875 0.0640625 0.0578125
2 0.68046875 0.34609375 0.0640625 0.0578125
2 0.76484375 0.63984375 0.0640625 0.0578125
2 0.62734375 0.39140625 0.0640625 0.0578125
1 0.4671875 0.11796875 0.065625 0.0609375
1 0.5640625 0.05546875 0.065625 0.0609375
1 0.96328125 0.68984375 0.0640625 0.0578125
1 0.9890625 0.86640625 0.021875 0.0578125
0 0.85234375 0.35703125 0.0640625 0.0578125
1 0.35 0.10078125 0.065625 0.0609375
0 0.40625 0.55546875 0.065625 0.0609375
1 0.64296875 0.58828125 0.0640625 0.0578125
0 0.98828125 0.44296875 0.0234375 0.0578125
0 0.5265625 0.48515625 0.065625 0.0609375
1 0.571875 0.50546875 0.065625 0.0609375
1 0.46875 0.18828125 0.065625 0.0609375
0 0.5703125 0.15546875 0.065625 0.0609375
1 0.196875 0.21484375 0.065625 0.0609375
0 0.5703125 0.13515625 0.065625 0.0609375
1 0.1640625 0.15390625 0.065625 0.0609375
0 0.640625 0.15234375 0.065625 0.0609375
1 0.67265625 0.80859375 0.0640625 0.0578125
0 0.69140625 0.48359375 0.0640625 0.0578125