2 0.10546875 0.37265625 0.0640625 0.0578125
2 0.17578125 0.10078125 0.0640625 0.0578125
1 0.21015625 0.43515625 0.0640625 0.0578125
2 0.03984375 0.01640625 0.0640625 0.0328125
2 0.29453125 0.003125 0.0640625 0.00625
2 0.12578125 0.07265625 0.0640625 0.0578125
2 0.09921875 0.02578125 0.0640625 0.0515625
1 0.24609375 0.19140625 0.0640625 0.0578125
2 0.32890625 0.12734375 0.0640625 0.0578125
2 0.31640625 0.07265625 0.0640625 0.0578125
1 0.09140625 0.06953125 0.0640625 0.0578125
2 0.0046875 0.05390625 0.009375 0.0578125
2 0.0234375 0.67578125 0.046875 0.0578125
2 0.028125 0.16328125 0.05625 0.0578125
2 0.03515625 0.18046875 0.0640625 0.0578125
1 0.13046875 0.37265625 0.0640625 0.0578125
2 0.09296875 0.38359375 0.0640625 0.0578125
2 0.01875 0.33671875 0.0375 0.0578125
2 0.0203125 0.28203125 0.040625 0.0578125
2 0.06796875 0.67890625 0.0640625 0.0578125
2 0.00703125 0.76796875 0.0140625 0.0578125
2 0.08046875 0.52109375 0.0640625 0.0578125
2 0.03203125 0.40078125 0.0640625 0.0578125
2 0.15546875 0.26171875 0.0640625 0.0578125
1 0.06484375 0.08828125 0.0640625 0.0578125
2 0.07890625 0.20078125 0.0640625 0.0578125
2 0.09921875 0.11328125 0.0640625 0.0578125
0 0.03203125 0.77421875 0.0640625 0.0578125
2 0.01171875 0.79453125 0.0234375 0.0578125
2 0.04453125 0.65546875 0.0640625 0.0578125
2 0.24609375 0.41640625 0.0640625 0.0578125
1 0.08359375 0.45234375 0.0640625 0.0578125
2 0.13828125 0.23515625 0.0640625 0.0578125
2 0.20546875 0.11328125 0.0640625 0.0578125
2 0.03671875 0.19609375 0.0640625 0.0578125
2 0.04296875 0.22421875 0.0640625 0.0578125
2 0.15859375 0.12578125 0.0640625 0.0578125
2 0.0046875 0.16640625 0.009375 0.0578125
2 0.28046875 0.07890625 0.0640625 0.0578125
2 0.13046875 0.12421875 0.0640625 0.0578125
2 0.09765625 0.65859375 0.0640625 0.0578125
2 0.10546875 0.30546875 0.0640625 0.0578125
1 0.24140625 0.32421875 0.0640625 0.0578125
2 0.13671875 0.0078125 0.0640625 0.015625
1 0.0234375 0.12421875 0.046875 0.0578125
1 0.04921875 0.07734375 0.0640625 0.0578125
2 0.11484375 0.28046875 0.0640625 0.0578125
2 0.14453125 0.24609375 0.0640625 0.0578125
2 0.13671875 0.49140625 0.0640625 0.0578125
2 0.01640625 0.65390625 0.0328125 0.0578125
2 0.18203125 0.25703125 0.0640625 0.0578125
2 0.17109375 0.23828125 0.0640625 0.0578125
1 0.17890625 0.28203125 0.0640625 0.0578125
2 0.11484375 0.0109375 0.0640625 0.021875
2 0.16015625 0.05390625 0.0640625 0.0578125
1 0.03125 0.08046875 0.0625 0.0578125
1 0.06796875 0.05703125 0.0640625 0.0578125
1 0.04140625 0.06171875 0.0640625 0.0578125
1 0.34453125 0.16796875 0.0640625 0.0578125
1 0.13828125 0.21015625 0.0640625 0.0578125
2 0.17890625 0.37578125 0.0640625 0.0578125
1 0.19921875 0.20859375 0.0640625 0.0578125
2 0.12109375 0.43515625 0.0640625 0.0578125
2 0.20078125 0.31796875 0.0640625 0.0578125
1 0.15390625 0.18671875 0.0640625 0.0578125
1 0.21953125 0.28203125 0.0640625 0.0578125
1 0.08671875 0.41171875 0.0640625 0.0578125
1 0.09921875 0.33984375 0.0640625 0.0578125
1 0.03515625 0.09609375 0.0640625 0.0578125
2 0.3265625 0.45 0.065625 0.059375
1 0.19921875 0.22890625 0.0640625 0.0578125
1 0.11171875 0.50078125 0.0640625 0.0578125
1 0.23203125 0.44296875 0.0640625 0.0578125
2 0.0109375 0.2640625 0.021875 0.05625
1 0.23671875 0.16328125 0.0640625 0.0578125
2 0.0046875 0.51328125 0.009375 0.0578125
1 0.27890625 0.2203125 0.0640625 0.059375
1 0.30234375 0.2203125 0.0640625 0.059375
0 0.16640625 0.015625 0.0640625 0.03125
1 0.2984375 0.4125 0.065625 0.05625
1 0.21875 0.14453125 0.071875 0.0640625
0 0.34921875 0.02578125 0.0640625 0.0515625
0 0.32734375 0.00703125 0.0640625 0.0140625
0 0.31640625 0.01328125 0.0640625 0.0265625
1 0.290625 0.1359375 0.078125 0.0625
2 0.58046875 0.66015625 0.0734375 0.0671875
2 0.68046875 0.88984375 0.0734375 0.0671875
2 0.36015625 0.82578125 0.0734375 0.0671875
2 0.32890625 0.85234375 0.0734375 0.0671875
2 0.61171875 0.90703125 0.0734375 0.0671875
0 0.56640625 0.73671875 0.0734375 0.0671875
2 0.49140625 0.91171875 0.0734375 0.0671875
2 0.51328125 0.79140625 0.0734375 0.0671875
2 0.68828125 0.83671875 0.0734375 0.0671875
0 0.56015625 0.85859375 0.0734375 0.0671875
2 0.42265625 0.79921875 0.0734375 0.0671875
1 0.56015625 0.97578125 0.0734375 0.0453125
2 0.54453125 0.95703125 0.0734375 0.0671875
0 0.32734375 0.90390625 0.0734375 0.0671875
0 0.71171875 0.87734375 0.0734375 0.0671875
0 0.37265625 0.90546875 0.0734375 0.0671875
0 0.60390625 0.83828125 0.0734375 0.0671875
0 0.57890625 0.85859375 0.0734375 0.0671875