2 0.9203125 0.30078125 0.065625 0.0609375
2 0.9109375 0.76328125 0.065625 0.0609375
2 0.70703125 0.60546875 0.0671875 0.0609375
2 0.546875 0.56171875 0.065625 0.0609375
2 0.7265625 0.47734375 0.065625 0.0609375
2 0.8421875 0.41796875 0.065625 0.0609375
2 0.865625 0.44609375 0.065625 0.0609375
2 0.9515625 0.45859375 0.065625 0.0609375
2 0.9046875 0.45625 0.065625 0.059375
2 0.8296875 0.33203125 0.065625 0.0609375
2 0.840625 0.05546875 0.065625 0.0609375
2 0.7875 0.05078125 0.065625 0.0609375
2 0.7578125 0.08046875 0.065625 0.0609375
2 0.6859375 0.65234375 0.065625 0.0609375
2 0.4890625 0.66796875 0.065625 0.0609375
2 0.5484375 0.52734375 0.065625 0.0609375
2 0.503125 0.62890625 0.065625 0.0609375
2 0.8375 0.07890625 0.065625 0.0609375
2 0.815625 0.06171875 0.065625 0.0609375
2 0.89296875 0.08046875 0.0671875 0.0609375
2 0.9078125 0.03046875 0.065625 0.0609375
2 0.859375 0.13828125 0.065625 0.0609375
1 0.8515625 0.15859375 0.065625 0.0609375
1 0.8109375 0.53984375 0.065625 0.0609375
2 0.91875 0.25859375 0.065625 0.0609375
2 0.96484375 0.29609375 0.0671875 0.0609375
2 0.6515625 0.37578125 0.065625 0.0609375
2 0.8328125 0.41015625 0.065625 0.0609375
2 0.7265625 0.45859375 0.065625 0.0609375
2 0.759375 0.47578125 0.065625 0.0609375
2 0.7890625 0.50390625 0.065625 0.0609375
2 0.721875 0.58515625 0.065625 0.0609375
2 0.81875 0.58671875 0.065625 0.0578125
2 0.803125 0.60546875 0.065625 0.0609375
2 0.92109375 0.52265625 0.0640625 0.0578125
2 0.96796875 0.49765625 0.0640625 0.0578125
2 0.99609375 0.60078125 0.0078125 0.0578125
2 0.60078125 0.71796875 0.0640625 0.0578125
2 0.97734375 0.64453125 0.0453125 0.0578125
2 0.896875 0.684375 0.065625 0.05625
2 0.98359375 0.69296875 0.0328125 0.0578125
2 0.73828125 0.63046875 0.0640625 0.0578125
2 0.97421875 0.61484375 0.0515625 0.0578125
0 0.58984375 0.69453125 0.0640625 0.0578125
2 0.37734375 0.56640625 0.0640625 0.0578125
2 0.30546875 0.64765625 0.0640625 0.0578125
2 0.38515625 0.75859375 0.0640625 0.0578125
2 0.95078125 0.74921875 0.0640625 0.0578125
2 0.96875 0.71171875 0.0625 0.0578125
2 0.96640625 0.67265625 0.0640625 0.0578125
2 0.98203125 0.59609375 0.0359375 0.0578125
2 0.8984375 0.09140625 0.065625 0.0609375
2 0.9046875 0.06015625 0.065625 0.0609375
2 0.921875 0.11796875 0.065625 0.0609375
2 0.9171875 0.10703125 0.065625 0.0609375
2 0.9921875 0.03125 0.015625 0.0625
2 0.753125 0.11484375 0.065625 0.0609375
2 0.69375 0.14296875 0.065625 0.0609375
2 0.5890625 0.06171875 0.065625 0.0609375
2 0.6078125 0.26640625 0.065625 0.0609375
2 0.828125 0.23046875 0.065625 0.0609375
2 0.96484375 0.36796875 0.0671875 0.0609375
2 0.971875 0.36953125 0.05625 0.0609375
2 0.7546875 0.52265625 0.065625 0.0609375
2 0.7328125 0.56171875 0.065625 0.0609375
2 0.503125 0.66171875 0.065625 0.0609375
2 0.59296875 0.66640625 0.0640625 0.0578125
2 0.58515625 0.67890625 0.0640625 0.0578125
2 0.71171875 0.69921875 0.0640625 0.0546875
2 0.72890625 0.66484375 0.0640625 0.0578125
2 0.93046875 0.76796875 0.0640625 0.0578125
2 0.98828125 0.45703125 0.0234375 0.0578125
2 0.96015625 0.40703125 0.0640625 0.0578125
1 0.92890625 0.2234375 0.0640625 0.05625
2 0.78515625 0.27421875 0.0640625 0.0578125
1 0.9703125 0.03515625 0.059375 0.0578125
2 0.978125 0.22421875 0.04375 0.0578125
2 0.96875 0.21953125 0.0625 0.0578125
1 0.85859375 0.21328125 0.0640625 0.0578125
2 0.90234375 0.19296875 0.0640625 0.0578125
2 0.984375 0.03046875 0.03125 0.0578125
2 0.94453125 0.03046875 0.0640625 0.0578125
1 0.95546875 0.0109375 0.0640625 0.021875
1 0.54453125 0.06171875 0.0640625 0.0578125
0 0.971875 0.02890625 0.05625 0.0578125
2 0.64765625 0.14140625 0.0671875 0.0609375
2 0.6328125 0.10703125 0.065625 0.0609375
2 0.39453125 0.57421875 0.0640625 0.0578125
2 0.43828125 0.62421875 0.0640625 0.0578125
2 0.42578125 0.60234375 0.0640625 0.0578125
2 0.43359375 0.64453125 0.0640625 0.0578125
2 0.40859375 0.54296875 0.0640625 0.0578125
2 0.55859375 0.65859375 0.0640625 0.0578125
2 0.35390625 0.76640625 0.0640625 0.0578125
2 0.36171875 0.74609375 0.0640625 0.0578125
2 0.5796875 0.79375 0.0625 0.05625
2 0.55546875 0.76953125 0.0640625 0.0578125
2 0.52734375 0.75078125 0.0640625 0.0578125
2 0.57578125 0.73984375 0.0640625 0.0578125
0 0.90859375 0.71796875 0.0640625 0.0578125
2 0.88359375 0.65390625 0.0640625 0.0578125
2 0.9921875 0.89140625 0.015625 0.0578125
2 0.96796875 0.88515625 0.0640625 0.0578125
2 0.79921875 0.96328125 0.0640625 0.0578125
2 0.99296875 0.71953125 0.0140625 0.0578125
1 0.80703125 0.17578125 0.0640625 0.0578125
2 0.90546875 0.39140625 0.0640625 0.0578125
2 0.91171875 0.35859375 0.0640625 0.0578125
2 0.93359375 0.40078125 0.0640625 0.0578125
2 0.87578125 0.25390625 0.0640625 0.0578125
1 0.77265625 0.20703125 0.0640625 0.0578125
2 0.64609375 0.10703125 0.0640625 0.0578125
2 0.86484375 0.05546875 0.0640625 0.0578125
1 0.90703125 0.15546875 0.0640625 0.0578125
2 0.9796875 0.08515625 0.040625 0.0578125
1 0.76015625 0.01796875 0.0640625 0.0359375
2 0.85859375 0.02890625 0.0609375 0.0578125
2 0.7953125 0.08984375 0.06875 0.0578125
1 0.80859375 0.196875 0.0640625 0.059375
2 0.98203125 0.99296875 0.0359375 0.0140625
2 0.440625 0.45390625 0.065625 0.0609375
2 0.64765625 0.19296875 0.0640625 0.0578125
2 0.7203125 0.13046875 0.065625 0.0578125
2 0.7390625 0.15546875 0.0625 0.0609375
2 0.603125 0.11328125 0.065625 0.0609375
2 0.32734375 0.59765625 0.0640625 0.0578125
2 0.42578125 0.54765625 0.0640625 0.0578125
2 0.36171875 0.91015625 0.0640625 0.0578125
2 0.33828125 0.84765625 0.0640625 0.0578125
2 0.64921875 0.81328125 0.0640625 0.0578125
1 0.72421875 0.90859375 0.0640625 0.0578125
1 0.71015625 0.87421875 0.0640625 0.0578125
2 0.76484375 0.89921875 0.0640625 0.0578125
2 0.94453125 0.84921875 0.0640625 0.0578125
2 0.87265625 0.80703125 0.0640625 0.0578125
1 0.83671875 0.81171875 0.0640625 0.0578125
2 0.78359375 0.75703125 0.0640625 0.0578125
2 0.79296875 0.66796875 0.0640625 0.0578125
1 0.78828125 0.69609375 0.0640625 0.0578125
2 0.98203125 0.74140625 0.0359375 0.0578125
2 0.84765625 0.64296875 0.0640625 0.0578125
2 0.91171875 0.59609375 0.0640625 0.0578125
2 0.93125 0.6046875 0.065625 0.059375
2 0.89921875 0.56171875 0.0640625 0.0578125
2 0.90078125 0.50078125 0.0640625 0.0578125
2 0.72265625 0.49609375 0.0640625 0.0578125
2 0.971875 0.4734375 0.05625 0.053125
2 0.93515625 0.26953125 0.0640625 0.0578125
1 0.9875 0.40546875 0.025 0.0578125
2 0.87578125 0.29765625 0.0640625 0.0578125
2 0.95859375 0.24453125 0.0640625 0.0578125
2 0.9765625 0.32109375 0.046875 0.0609375
2 0.9703125 0.32578125 0.059375 0.0609375
2 0.89140625 0.034375 0.0640625 0.05625
2 0.82421875 0.02890625 0.0640625 0.0578125
2 0.80859375 0.03515625 0.0640625 0.0578125
2 0.2984375 0.53984375 0.065625 0.0609375
2 0.65 0.31328125 0.065625 0.0609375
2 0.3265625 0.36328125 0.065625 0.0609375
2 0.2859375 0.35078125 0.065625 0.0609375
1 0.3984375 0.48515625 0.065625 0.0609375
1 0.33125 0.51015625 0.065625 0.0609375
1 0.2640625 0.55859375 0.065625 0.0609375
1 0.25625 0.50234375 0.065625 0.0609375
2 0.265625 0.42578125 0.065625 0.0609375
2 0.41796875 0.65859375 0.0640625 0.0578125
2 0.38828125 0.60234375 0.0640625 0.0578125
2 0.33359375 0.93671875 0.0640625 0.0578125
2 0.34765625 0.9765625 0.0640625 0.046875
2 0.50234375 0.94140625 0.0640625 0.0578125
2 0.54296875 0.93515625 0.0640625 0.0546875
2 0.57109375 0.88671875 0.0640625 0.0578125
2 0.53984375 0.91640625 0.0640625 0.0578125
2 0.62734375 0.9828125 0.0640625 0.034375
2 0.5609375 0.99375 0.0625 0.0125
2 0.52890625 0.9671875 0.0640625 0.05625
2 0.51953125 0.94609375 0.0640625 0.0578125
1 0.30859375 0.23515625 0.0640625 0.0578125
2 0.9859375 0.34140625 0.028125 0.0609375
2 0.85390625 0.34296875 0.0640625 0.0578125
2 0.88828125 0.31640625 0.0640625 0.0578125
2 0.71328125 0.22890625 0.0640625 0.0578125
2 0.73671875 0.19453125 0.0640625 0.0578125
2 0.53984375 0.65234375 0.0640625 0.0578125
2 0.521875 0.67890625 0.065625 0.0609375
2 0.45 0.74140625 0.065625 0.0609375
2 0.634375 0.16640625 0.065625 0.0609375
2 0.5875 0.1234375 0.065625 0.059375
2 0.7015625 0.19453125 0.065625 0.0609375
2 0.696875 0.2171875 0.065625 0.059375
2 0.70625 0.16484375 0.065625 0.0609375
2 0.415625 0.43828125 0.065625 0.0609375
2 0.43203125 0.68046875 0.0640625 0.0578125
2 0.37890625 0.64296875 0.0640625 0.0578125
2 0.35859375 0.60859375 0.0640625 0.0578125
1 0.2328125 0.80078125 0.065625 0.0609375
2 0.5296875 0.60546875 0.065625 0.0609375
2 0.625 0.57890625 0.065625 0.0609375
2 0.340625 0.67265625 0.065625 0.0609375
2 0.3828125 0.66328125 0.065625 0.0609375
0 0.3546875 0.98515625 0.065625 0.0296875
1 0.41015625 0.51328125 0.0640625 0.0578125
2 0.9890625 0.075 0.021875 0.05625
2 0.96796875 0.11171875 0.0640625 0.0578125
1 0.96328125 0.13359375 0.0640625 0.0578125
2 0.9078125 0.12890625 0.065625 0.0578125
1 0.971875 0.04921875 0.05625 0.0578125
2 0.76796875 0.24140625 0.0640625 0.0578125
2 0.98828125 0.86328125 0.0234375 0.0578125
2 0.81171875 0.95859375 0.0640625 0.0578125
2 0.8734375 0.40234375 0.065625 0.0609375
2 0.81015625 0.89765625 0.0640625 0.0578125
2 0.77421875 0.87421875 0.0640625 0.0578125
1 0.19375 0.52109375 0.065625 0.0609375
2 0.6890625 0.54765625 0.065625 0.0609375
1 0.3796875 0.40859375 0.065625 0.0609375
1 0.3265625 0.46953125 0.065625 0.0609375
2 0.5609375 0.55078125 0.065625 0.0609375
2 0.4375 0.70625 0.065625 0.059375
2 0.6375 0.06796875 0.065625 0.0609375
2 0.7375 0.28671875 0.065625 0.0609375
2 0.553125 0.21328125 0.065625 0.0609375
2 0.615625 0.15859375 0.065625 0.0609375
2 0.2859375 0.63359375 0.065625 0.0609375
1 0.478125 0.76484375 0.065625 0.0609375
2 0.29140625 0.92421875 0.0640625 0.0578125
2 0.99609375 0.67734375 0.0078125 0.0578125
2 0.76171875 0.66171875 0.0640625 0.0578125
2 0.90625 0.62421875 0.0625 0.0578125
2 0.84609375 0.54296875 0.0640625 0.0578125
2 0.7171875 0.41328125 0.065625 0.0609375
1 0.80703125 0.01875 0.0640625 0.034375
1 0.79375 0.10234375 0.06875 0.0578125
2 0.9875 0.09765625 0.025 0.0578125
1 0.99375 0.92421875 0.0125 0.0578125
2 0.58671875 0.75078125 0.0640625 0.0578125
2 0.58359375 0.80703125 0.0640625 0.0578125
2 0.73203125 0.78046875 0.0640625 0.0578125
2 0.61953125 0.69140625 0.0640625 0.0578125
2 0.3140625 0.67890625 0.065625 0.0609375
2 0.71640625 0.02890625 0.0640625 0.0578125
2 0.71328125 0.02890625 0.0640625 0.0578125
1 0.70703125 0.08359375 0.0640625 0.0578125
1 0.59921875 0.03203125 0.0640625 0.0578125
2 0.4203125 0.81796875 0.065625 0.0609375
2 0.4 0.79453125 0.065625 0.0609375
2 0.575 0.15703125 0.065625 0.0609375
2 0.3734375 0.71171875 0.065625 0.0609375
2 0.4375 0.75859375 0.065625 0.0609375
2 0.26484375 0.90234375 0.0640625 0.0578125
2 0.60546875 0.92265625 0.0640625 0.0578125
2 0.60703125 0.98125 0.0640625 0.0375
2 0.87890625 0.88046875 0.0640625 0.0578125
2 0.89140625 0.61015625 0.0640625 0.0578125
2 0.359375 0.32734375 0.065625 0.0609375
2 0.69140625 0.04765625 0.0640625 0.0578125
1 0.78125 0.41328125 0.065625 0.0609375
1 0.7828125 0.39296875 0.065625 0.0609375
1 0.90234375 0.3734375 0.0671875 0.0625
2 0.98125 0.51328125 0.0375 0.0578125
2 0.87578125 0.19921875 0.0640625 0.0578125
2 0.96953125 0.25234375 0.0609375 0.0578125
2 0.7171875 0.36328125 0.065625 0.0609375
1 0.390625 0.40703125 0.065625 0.0609375
1 0.28125 0.30546875 0.065625 0.0609375
2 0.29375 0.27734375 0.065625 0.0609375
0 0.5875 0.60703125 0.065625 0.0609375
1 0.3765625 0.44765625 0.065625 0.0609375
2 0.5515625 0.52109375 0.065625 0.0609375
2 0.5 0.57265625 0.065625 0.0609375
2 0.5515625 0.61640625 0.065625 0.0609375
1 0.628125 0.95546875 0.05625 0.0546875
2 0.75859375 0.66328125 0.0640625 0.0578125
1 0.83671875 0.77578125 0.0640625 0.0578125
1 0.70859375 0.68046875 0.0640625 0.0578125
1 0.62734375 0.38828125 0.0578125 0.0515625
2 0.70078125 0.45390625 0.0578125 0.0515625
2 0.365625 0.30234375 0.065625 0.0609375
1 0.5 0.06796875 0.065625 0.0609375
1 0.4984375 0.09609375 0.065625 0.0609375
1 0.434375 0.13046875 0.065625 0.0609375
0 0.6453125 0.23046875 0.065625 0.0609375
2 0.665625 0.04453125 0.065625 0.0609375
2 0.77890625 0.19140625 0.0640625 0.0578125
2 0.9875 0.25078125 0.025 0.0578125
2 0.86640625 0.50078125 0.0640625 0.0578125
1 0.80078125 0.34921875 0.0640625 0.0578125
2 0.95703125 0.55078125 0.0640625 0.0578125
1 0.87734375 0.69609375 0.0640625 0.0578125
1 0.77265625 0.63046875 0.0640625 0.0578125
2 0.96484375 0.83671875 0.0640625 0.0578125
1 0.87421875 0.9953125 0.0640625 0.009375
1 0.96796875 0.78203125 0.0640625 0.0578125
2 0.97578125 0.66953125 0.0484375 0.0578125
1 0.82578125 0.16484375 0.0703125 0.0609375
1 0.84296875 0.12890625 0.0703125 0.0609375
1 0.93828125 0.18671875 0.0703125 0.0609375
1 0.940625 0.16953125 0.065625 0.0609375
1 0.6453125 0.26328125 0.065625 0.0609375
1 0.64921875 0.28203125 0.0671875 0.0609375
1 0.43828125 0.06484375 0.0703125 0.0609375
2 0.4203125 0.19765625 0.075 0.0609375
1 0.4015625 0.41484375 0.065625 0.0609375
1 0.209375 0.46796875 0.065625 0.0609375
1 0.2859375 0.50390625 0.065625 0.0609375
1 0.234375 0.51328125 0.065625 0.0609375
2 0.64375 0.96015625 0.065625 0.0609375
1 0.3875 0.83359375 0.065625 0.0609375
1 0.2296875 0.60859375 0.065625 0.0609375
1 0.6625 0.56640625 0.065625 0.0609375
2 0.5625 0.084375 0.065625 0.0625
0 0.7703125 0.03984375 0.065625 0.0609375
2 0.89375 0.21953125 0.065625 0.0609375
0 0.83828125 0.46015625 0.0640625 0.0578125
0 0.80703125 0.47265625 0.0640625 0.0578125
0 0.82890625 0.48828125 0.0640625 0.0578125
0 0.88046875 0.58203125 0.0640625 0.0578125
0 0.88359375 0.56796875 0.0640625 0.0578125
1 0.84296875 0.84453125 0.0640625 0.0578125
2 0.82421875 0.91328125 0.0640625 0.0578125
1 0.84140625 0.9796875 0.0640625 0.040625
2 0.9921875 0.965625 0.015625 0.05625
2 0.4828125 0.29296875 0.065625 0.0640625
2 0.6921875 0.48671875 0.065625 0.0609375
1 0.253125 0.46796875 0.065625 0.0609375
0 0.696875 0.39296875 0.065625 0.0609375
0 0.6640625 0.43984375 0.065625 0.0609375
1 0.446875 0.43984375 0.065625 0.0609375
1 0.515625 0.24921875 0.065625 0.0609375
1 0.4765625 0.19296875 0.065625 0.0609375
1 0.2328125 0.54453125 0.065625 0.0609375
2 0.57109375 0.975 0.0640625 0.05
2 0.68046875 0.68203125 0.0640625 0.0578125
2 0.76484375 0.9734375 0.0640625 0.053125
2 0.62734375 0.72734375 0.0640625 0.0578125
1 0.46875 0.20546875 0.065625 0.0609375
1 0.4671875 0.45390625 0.065625 0.0609375
1 0.5640625 0.39140625 0.065625 0.0609375
1 0.9328125 0.05859375 0.0625 0.0546875
1 0.971875 0.07109375 0.05625 0.0546875
0 0.85234375 0.69296875 0.0640625 0.0578125
1 0.4921875 0.16640625 0.065625 0.0609375
1 0.35 0.43671875 0.065625 0.0609375
0 0.40625 0.89140625 0.065625 0.0609375
1 0.64296875 0.92421875 0.0640625 0.0578125
0 0.98828125 0.77890625 0.0234375 0.0578125
0 0.5265625 0.82109375 0.065625 0.0609375
1 0.571875 0.84140625 0.065625 0.0609375
1 0.46875 0.52421875 0.065625 0.0609375
0 0.5703125 0.49140625 0.065625 0.0609375
1 0.196875 0.55078125 0.065625 0.0609375
0 0.5703125 0.47109375 0.065625 0.0609375
1 0.1640625 0.48984375 0.065625 0.0609375
0 0.640625 0.48828125 0.065625 0.0609375
0 0.69140625 0.81953125 0.0640625 0.0578125
1 0.6359375 0.01640625 0.065625 0.0328125