2 0.0265625 0.30078125 0.053125 0.0609375
2 0.021875 0.76328125 0.04375 0.0609375
2 0.1546875 0.08515625 0.06875 0.0609375
2 0.0515625 0.45859375 0.065625 0.0609375
2 0.01875 0.45625 0.0375 0.059375
2 0.3421875 0.11953125 0.065625 0.0609375
2 0.203125 0.07890625 0.065625 0.0609375
2 0.1703125 0.03046875 0.065625 0.0609375
2 0.01328125 0.08046875 0.0265625 0.0609375
2 0.0203125 0.03046875 0.040625 0.0609375
2 0.1515625 0.13125 0.06875 0.0625
2 0.02578125 0.25859375 0.0515625 0.0609375
2 0.06484375 0.29609375 0.0671875 0.0609375
2 0.15234375 0.61484375 0.0640625 0.0578125
2 0.0265625 0.52265625 0.053125 0.0578125
2 0.06796875 0.49765625 0.0640625 0.0578125
2 0.22890625 0.59921875 0.0640625 0.0578125
2 0.12421875 0.60078125 0.0640625 0.0578125
2 0.08671875 0.64453125 0.0640625 0.0578125
2 0.01484375 0.684375 0.0296875 0.05625
2 0.09921875 0.69296875 0.0640625 0.0578125
2 0.08046875 0.61484375 0.0640625 0.0578125
2 0.05078125 0.74921875 0.0640625 0.0578125
2 0.06953125 0.71171875 0.0640625 0.0578125
2 0.06640625 0.67265625 0.0640625 0.0578125
2 0.09609375 0.59609375 0.0640625 0.0578125
2 0.015625 0.09140625 0.03125 0.0609375
2 0.01875 0.06015625 0.0375 0.0609375
2 0.02734375 0.11796875 0.0546875 0.0609375
2 0.025 0.10703125 0.05 0.0609375
2 0.11796875 0.03125 0.0671875 0.0625
2 0.06484375 0.36796875 0.0671875 0.0609375
2 0.0765625 0.36953125 0.065625 0.0609375
2 0.30859375 0.40546875 0.0640625 0.0578125
2 0.03125 0.76796875 0.0625 0.0578125
2 0.37734375 0.72890625 0.0640625 0.0578125
2 0.38671875 0.68984375 0.0640625 0.0578125
2 0.36171875 0.71484375 0.0640625 0.0578125
2 0.16015625 0.57421875 0.0640625 0.0578125
2 0.39296875 0.86953125 0.0640625 0.0578125
2 0.58046875 0.70859375 0.0640625 0.0578125
2 0.34453125 0.41015625 0.0640625 0.0578125
2 0.30546875 0.93203125 0.0640625 0.0578125
2 0.43984375 0.69453125 0.0640625 0.0578125
2 0.65078125 0.43671875 0.0640625 0.0578125
1 0.68515625 0.77109375 0.0640625 0.0578125
2 0.57890625 0.18203125 0.0640625 0.0578125
2 0.43984375 0.43046875 0.0640625 0.0578125
2 0.32890625 0.38046875 0.0640625 0.0578125
2 0.30546875 0.35859375 0.0640625 0.0578125
2 0.24609375 0.37890625 0.0640625 0.0578125
2 0.2109375 0.36171875 0.065625 0.0578125
2 0.10859375 0.45703125 0.0640625 0.0578125
2 0.59140625 0.30703125 0.0640625 0.0578125
2 0.06015625 0.40703125 0.0640625 0.0578125
2 0.51484375 0.33984375 0.0640625 0.0578125
1 0.03046875 0.2234375 0.0609375 0.05625
2 0.30234375 0.20234375 0.0640625 0.0578125
2 0.27265625 0.18671875 0.0640625 0.0578125
2 0.30703125 0.18046875 0.0640625 0.0578125
2 0.28046875 0.26796875 0.0640625 0.0578125
2 0.4 0.18515625 0.0625 0.0578125
2 0.76953125 0.31328125 0.0640625 0.0578125
2 0.44921875 0.36328125 0.0640625 0.0578125
2 0.26640625 0.25078125 0.0640625 0.0578125
2 0.20390625 0.21640625 0.0640625 0.0578125
1 0.07265625 0.03515625 0.0640625 0.0578125
2 0.08828125 0.22421875 0.0640625 0.0578125
2 0.06953125 0.21953125 0.0640625 0.0578125
2 0.0171875 0.19296875 0.034375 0.0578125
2 0.13828125 0.16796875 0.0640625 0.0578125
2 0.10078125 0.03046875 0.0640625 0.0578125
2 0.04453125 0.03046875 0.0640625 0.0578125
1 0.05546875 0.0109375 0.0640625 0.021875
0 0.07578125 0.02890625 0.0640625 0.0578125
2 0.44765625 0.66015625 0.0640625 0.0578125
2 0.60078125 0.40859375 0.0640625 0.0578125
2 0.57421875 0.35859375 0.0640625 0.0578125
1 0.72109375 0.52734375 0.0640625 0.0578125
2 0.80390625 0.46328125 0.0640625 0.0578125
0 0.78515625 0.30703125 0.0640625 0.0578125
2 0.79140625 0.40859375 0.0640625 0.0578125
2 0.73828125 0.31171875 0.0640625 0.0578125
2 0.54609375 0.27890625 0.0640625 0.0578125
1 0.56640625 0.40546875 0.0640625 0.0578125
1 0.42578125 0.38046875 0.0640625 0.0578125
2 0.45234375 0.38984375 0.0640625 0.0578125
2 0.14140625 0.70703125 0.0640625 0.0578125
0 0.0203125 0.71796875 0.040625 0.0578125
2 0.0078125 0.65390625 0.015625 0.0578125
2 0.19765625 0.82265625 0.0640625 0.0578125
2 0.19296875 0.85546875 0.0640625 0.0578125
2 0.13828125 0.83984375 0.0640625 0.0578125
2 0.11640625 0.89140625 0.0640625 0.0578125
2 0.21171875 0.86328125 0.0640625 0.0578125
2 0.06796875 0.88515625 0.0640625 0.0578125
2 0.20390625 0.71015625 0.0640625 0.0578125
2 0.27265625 0.86796875 0.0640625 0.0578125
2 0.11796875 0.71953125 0.0640625 0.0578125
2 0.01875 0.39140625 0.0375 0.0578125
2 0.021875 0.35859375 0.04375 0.0578125
2 0.03359375 0.40078125 0.0640625 0.0578125
2 0.16328125 0.26640625 0.0640625 0.0578125
2 0.00390625 0.25390625 0.0078125 0.0578125
2 0.17421875 0.11484375 0.0640625 0.0578125
2 0.24765625 0.10703125 0.0640625 0.0578125
2 0.17265625 0.06015625 0.0640625 0.0578125
2 0.15703125 0.03359375 0.0640625 0.0578125
2 0.22109375 0.03671875 0.0640625 0.0578125
1 0.01953125 0.15546875 0.0390625 0.0578125
2 0.09140625 0.08515625 0.0640625 0.0578125
2 0.57734375 0.23515625 0.0640625 0.0578125
2 0.50859375 0.25234375 0.0640625 0.0578125
2 0.28671875 0.02890625 0.0640625 0.0578125
2 0.47265625 0.26953125 0.0640625 0.0578125
2 0.48984375 0.99140625 0.0640625 0.0171875
2 0.34453125 0.7328125 0.0640625 0.05625
2 0.09609375 0.99296875 0.0640625 0.0140625
2 0.27265625 0.93671875 0.0640625 0.0578125
2 0.73046875 0.1515625 0.0640625 0.05625
2 0.69609375 0.15546875 0.0640625 0.0578125
2 0.65390625 0.19453125 0.0640625 0.0578125
2 0.628125 0.19765625 0.0625 0.0578125
2 0.42109375 0.16953125 0.0640625 0.0578125
2 0.13984375 0.94140625 0.0640625 0.0578125
2 0.04453125 0.84921875 0.0640625 0.0578125
2 0.09609375 0.74140625 0.0640625 0.0578125
2 0.17578125 0.74609375 0.0640625 0.0578125
2 0.021875 0.59609375 0.04375 0.0578125
2 0.03203125 0.6046875 0.0640625 0.059375
2 0.015625 0.56171875 0.03125 0.0578125
2 0.01640625 0.50078125 0.0328125 0.0578125
2 0.20078125 0.38984375 0.0640625 0.0578125
2 0.07578125 0.4734375 0.0640625 0.053125
2 0.03515625 0.26953125 0.0640625 0.0578125
1 0.10703125 0.40546875 0.0640625 0.0578125
2 0.00390625 0.29765625 0.0078125 0.0578125
2 0.05859375 0.24453125 0.0640625 0.0578125
2 0.0859375 0.32109375 0.065625 0.0609375
2 0.0734375 0.32578125 0.065625 0.0609375
2 0.18984375 0.12265625 0.0640625 0.0578125
2 0.01171875 0.034375 0.0234375 0.05625
2 0.49921875 0.49921875 0.0640625 0.0578125
2 0.35078125 0.52578125 0.0640625 0.0578125
2 0.25703125 0.50234375 0.0640625 0.0578125
2 0.43359375 0.51484375 0.0640625 0.0578125
2 0.44140625 0.49296875 0.0640625 0.0578125
2 0.51015625 0.51640625 0.0640625 0.0578125
1 0.60546875 0.70859375 0.0640625 0.0578125
2 0.56796875 0.71953125 0.0640625 0.0578125
2 0.48046875 0.67265625 0.0640625 0.0578125
2 0.48359375 0.61796875 0.0640625 0.0578125
2 0.43828125 0.7734375 0.0640625 0.05625
2 0.42578125 0.79296875 0.0640625 0.0578125
2 0.39765625 0.91328125 0.0640625 0.0578125
2 0.30390625 0.95390625 0.0640625 0.0578125
2 0.31015625 0.99375 0.0640625 0.0125
2 0.54296875 0.99296875 0.0640625 0.0140625
2 0.55546875 0.85703125 0.0640625 0.0578125
2 0.50703125 0.73671875 0.0640625 0.0578125
2 0.63046875 0.59765625 0.0640625 0.0578125
2 0.3875 0.16640625 0.065625 0.0609375
2 0.25234375 0.27578125 0.0640625 0.0578125
2 0.36640625 0.57734375 0.0640625 0.0578125
2 0.31171875 0.80859375 0.0640625 0.0578125
2 0.25546875 0.76953125 0.0640625 0.0578125
2 0.21953125 0.75859375 0.0640625 0.0578125
2 0.26796875 0.85234375 0.0640625 0.0578125
2 0.35546875 0.81015625 0.0640625 0.0578125
1 0.14140625 0.87265625 0.0640625 0.0578125
2 0.27421875 0.78671875 0.0640625 0.0578125
2 0.31171875 0.83203125 0.0640625 0.0578125
2 0.33671875 0.80390625 0.0640625 0.0578125
2 0.1046875 0.34140625 0.065625 0.0609375
2 0.01015625 0.31640625 0.0203125 0.0578125
2 0.22421875 0.31640625 0.0640625 0.0578125
2 0.21953125 0.34453125 0.0640625 0.0578125
2 0.15078125 0.21640625 0.0640625 0.0578125
2 0.346875 0.04140625 0.065625 0.0609375
1 0.53984375 0.42421875 0.0640625 0.0578125
2 0.55390625 0.53671875 0.0640625 0.0578125
2 0.57421875 0.44921875 0.0640625 0.0578125
2 0.33828125 0.55859375 0.0640625 0.0578125
2 0.33046875 0.46171875 0.0640625 0.0578125
2 0.31484375 0.50234375 0.0640625 0.0578125
2 0.54609375 0.22109375 0.0640625 0.0578125
2 0.39140625 0.31640625 0.0640625 0.0578125
2 0.20859375 0.02890625 0.0640625 0.0578125
2 0.16796875 0.9921875 0.0640625 0.015625
2 0.109375 0.075 0.0625 0.05625
2 0.06796875 0.11171875 0.0640625 0.0578125
1 0.06328125 0.13359375 0.0640625 0.0578125
2 0.0203125 0.12890625 0.040625 0.0578125
1 0.07578125 0.04921875 0.0640625 0.0578125
1 0.315625 0.11640625 0.065625 0.0609375
2 0.25625 0.04140625 0.065625 0.0609375
2 0.2515625 0.03046875 0.065625 0.0609375
2 0.21015625 0.17578125 0.0640625 0.0578125
2 0.16640625 0.19453125 0.0640625 0.0578125
2 0.15625 0.17421875 0.065625 0.0578125
2 0.15234375 0.15390625 0.0640625 0.0578125
1 0.34140625 0.17109375 0.0640625 0.0578125
2 0.36328125 0.20859375 0.0640625 0.0578125
2 0.38359375 0.25390625 0.0640625 0.0578125
2 0.359375 0.13515625 0.065625 0.0609375
2 0.27734375 0.22734375 0.0640625 0.0578125
2 0.10859375 0.86328125 0.0640625 0.0578125
2 0.2703125 0.821875 0.065625 0.05625
2 0.51953125 0.98125 0.0640625 0.0375
2 0.72109375 0.75234375 0.0640625 0.0578125
1 0.55859375 0.78828125 0.0640625 0.0578125
2 0.24453125 0.74140625 0.0640625 0.0578125
1 0.34765625 0.63828125 0.0640625 0.0578125
2 0.43515625 0.60078125 0.0640625 0.0578125
2 0.38671875 0.58515625 0.0640625 0.0578125
2 0.61328125 0.57109375 0.0640625 0.0578125
2 0.68046875 0.44921875 0.0640625 0.0578125
2 0.51171875 0.53203125 0.0640625 0.0578125
2 0.51796875 0.56015625 0.0640625 0.0578125
2 0.63359375 0.46171875 0.0640625 0.0578125
2 0.45234375 0.50234375 0.0640625 0.0578125
2 0.70390625 0.08359375 0.0640625 0.0578125
2 0.75546875 0.41484375 0.0640625 0.0578125
1 0.53828125 0.30546875 0.0640625 0.0578125
2 0.67109375 0.27734375 0.0640625 0.0578125
2 0.60546875 0.46015625 0.0640625 0.0578125
2 0.64609375 0.28359375 0.0640625 0.0578125
2 0.73515625 0.28671875 0.0640625 0.0578125
2 0.56171875 0.24140625 0.0640625 0.0578125
2 0.57421875 0.27109375 0.0640625 0.0578125
2 0.54609375 0.15078125 0.0640625 0.0578125
1 0.53203125 0.18671875 0.0640625 0.0578125
2 0.59921875 0.15234375 0.0640625 0.0578125
2 0.35390625 0.68203125 0.0640625 0.0578125
2 0.39453125 0.89296875 0.0640625 0.0578125
2 0.57265625 0.9828125 0.0640625 0.034375
1 0.29296875 0.63203125 0.0640625 0.0578125
2 0.12421875 0.67734375 0.0640625 0.0578125
2 0.01875 0.62421875 0.0375 0.0578125
2 0.15703125 0.28046875 0.0640625 0.0578125
2 0.3484375 0.26484375 0.0625 0.0578125
2 0.14140625 0.30234375 0.0640625 0.0578125
2 0.2203125 0.28046875 0.06875 0.0578125
2 0.1890625 0.05703125 0.065625 0.0609375
1 0.41484375 0.48984375 0.0640625 0.0578125
2 0.10703125 0.09765625 0.0640625 0.0578125
2 0.25078125 0.31796875 0.0640625 0.0578125
1 0.11953125 0.92421875 0.0640625 0.0578125
2 0.18515625 0.80703125 0.0640625 0.0578125
2 0.24453125 0.16953125 0.0640625 0.0578125
2 0.58046875 0.64140625 0.0640625 0.0578125
1 0.71640625 0.66015625 0.0640625 0.0578125
2 0.41953125 0.87578125 0.0640625 0.0578125
2 0.13515625 0.42734375 0.0640625 0.0578125
2 0.16640625 0.39609375 0.0640625 0.0578125
1 0.52578125 0.22109375 0.0640625 0.0578125
2 0.61171875 0.32265625 0.0640625 0.0578125
1 0.4890625 0.46015625 0.065625 0.0578125
2 0.00546875 0.88046875 0.0109375 0.0578125
2 0.20703125 0.88984375 0.0640625 0.0578125
2 0.01171875 0.61015625 0.0234375 0.0578125
2 0.37265625 0.04140625 0.0703125 0.0609375
1 0.01796875 0.3734375 0.0359375 0.0625
2 0.09453125 0.51328125 0.0640625 0.0578125
2 0.17421875 0.60546875 0.0640625 0.0578125
1 0.1578125 0.44765625 0.0625 0.0578125
1 0.23671875 0.46171875 0.0640625 0.0578125
2 0.3453125 0.05859375 0.065625 0.0609375
2 0.3078125 0.06953125 0.065625 0.0609375
2 0.3484375 0.08203125 0.065625 0.0609375
2 0.38828125 0.228125 0.0640625 0.05625
2 0.44140625 0.10390625 0.0640625 0.0578125
2 0.45703125 0.08046875 0.0640625 0.0578125
2 0.48203125 0.18125 0.0640625 0.05625
2 0.44609375 0.228125 0.0640625 0.05625
1 0.52421875 0.41328125 0.0640625 0.0578125
2 0.2734375 0.36796875 0.065625 0.0578125
2 0.36328125 0.30546875 0.0640625 0.0578125
1 0.41640625 0.46640625 0.0640625 0.0578125
2 0.58984375 0.61640625 0.0640625 0.0578125
2 0.42421875 0.57734375 0.0640625 0.0578125
2 0.61953125 0.58203125 0.0640625 0.0578125
2 0.25546875 0.66640625 0.0640625 0.0578125
1 0.29609375 0.71484375 0.0640625 0.0578125
2 0.61171875 0.82734375 0.0640625 0.0578125
1 0.43671875 0.86796875 0.0640625 0.0578125
2 0.47578125 0.98046875 0.0640625 0.0390625
2 0.65703125 0.59296875 0.0640625 0.0578125
2 0.64609375 0.57421875 0.0640625 0.0578125
1 0.65390625 0.61796875 0.0640625 0.0578125
2 0.58984375 0.32890625 0.0640625 0.0578125
2 0.63515625 0.38984375 0.0640625 0.0578125
2 0.44296875 0.31328125 0.0640625 0.0578125
1 0.52109375 0.15546875 0.0640625 0.0578125
2 0.55859375 0.21171875 0.0640625 0.0578125
2 0.74609375 0.11015625 0.0640625 0.0578125
2 0.00390625 0.19921875 0.0078125 0.0578125
2 0.07109375 0.25234375 0.0640625 0.0578125
2 0.19609375 0.26640625 0.0640625 0.0578125
2 0.52109375 0.04765625 0.0640625 0.0578125
2 0.16328125 0.73359375 0.0640625 0.0578125
1 0.18203125 0.70078125 0.0640625 0.0578125
2 0.109375 0.25078125 0.06875 0.0578125
2 0.05703125 0.55078125 0.0640625 0.0578125
1 0.0046875 0.69609375 0.009375 0.0578125
2 0.06484375 0.83671875 0.0640625 0.0578125
1 0.24140625 0.91640625 0.0640625 0.0578125
1 0.06796875 0.78203125 0.0640625 0.0578125
2 0.21484375 0.57734375 0.0640625 0.0578125
1 0.26796875 0.66015625 0.0640625 0.0578125
2 0.38359375 0.50234375 0.0640625 0.0578125
1 0.31640625 0.64765625 0.0640625 0.0578125
2 0.08359375 0.66953125 0.0640625 0.0578125
1 0.27890625 0.43359375 0.0640625 0.0578125
2 0.15390625 0.32265625 0.0640625 0.0578125
1 0.03828125 0.18671875 0.0703125 0.0609375
2 0.25234375 0.296875 0.0609375 0.05625
1 0.21015625 0.78671875 0.0640625 0.0578125
1 0.50546875 0.41640625 0.0640625 0.0578125
1 0.54296875 0.39296875 0.0640625 0.0578125
1 0.51640625 0.39765625 0.0640625 0.0578125
2 0.19453125 0.33203125 0.0640625 0.0578125
2 0.2375 0.24140625 0.065625 0.0609375
2 0.2859375 0.08359375 0.065625 0.0609375
1 0.040625 0.16953125 0.065625 0.0609375
2 0.2515625 0.06640625 0.065625 0.0609375
1 0.81953125 0.50390625 0.0640625 0.0578125
1 0.64453125 0.14296875 0.0640625 0.0578125
1 0.61328125 0.54609375 0.0640625 0.0578125
2 0.65390625 0.71171875 0.0640625 0.0578125
1 0.67421875 0.54453125 0.0640625 0.0578125
2 0.59609375 0.77109375 0.0640625 0.0578125
1 0.32109375 0.81953125 0.0640625 0.0578125
2 0.67578125 0.65390625 0.0640625 0.0578125
1 0.62890625 0.52265625 0.0640625 0.0578125
1 0.69453125 0.61796875 0.0640625 0.0578125
1 0.68046875 0.19921875 0.0640625 0.0578125
2 0.51640625 0.07734375 0.0640625 0.0578125
1 0.66015625 0.15703125 0.0640625 0.0578125
2 0.01328125 0.21953125 0.0265625 0.0609375
0 0.00625 0.58203125 0.0125 0.0578125
0 0.0078125 0.56796875 0.015625 0.0578125
2 0.18046875 0.22265625 0.0640625 0.0546875
1 0.3109375 0.27578125 0.059375 0.0578125
1 0.56171875 0.74765625 0.0640625 0.0578125
1 0.57421875 0.67578125 0.0640625 0.0578125
1 0.67578125 0.1671875 0.0640625 0.059375
1 0.51328125 0.1109375 0.0640625 0.059375
2 0.31015625 0.23984375 0.0640625 0.0578125
1 0.42421875 0.45078125 0.0640625 0.0578125
1 0.51015625 0.43203125 0.0640625 0.0578125
2 0.11640625 0.965625 0.0640625 0.05625
2 0.18671875 0.75078125 0.0640625 0.0578125
1 0.0328125 0.05859375 0.0625 0.0546875
1 0.27578125 0.41171875 0.0578125 0.0546875
2 0.8015625 0.7859375 0.065625 0.059375
1 0.3171875 0.7703125 0.065625 0.059375
1 0.41171875 0.85703125 0.0640625 0.0578125
1 0.4140625 0.25625 0.05625 0.053125
1 0.67421875 0.56484375 0.0640625 0.0578125
1 0.58671875 0.83671875 0.0640625 0.0578125
1 0.70703125 0.77890625 0.0640625 0.0578125
2 0.46328125 0.6 0.0671875 0.05625
1 0.71171875 0.49921875 0.0640625 0.0578125
1 0.34765625 0.71171875 0.0640625 0.0578125
1 0.16796875 0.65390625 0.0640625 0.0578125
1 0.075 0.07109375 0.0625 0.0546875
2 0.303125 0.43046875 0.065625 0.0609375
1 0.26953125 0.72421875 0.0640625 0.0578125
0 0.10859375 0.77890625 0.0640625 0.0578125
1 0.14140625 0.80546875 0.0640625 0.0578125
0 0.14765625 0.78828125 0.0640625 0.0578125
2 0.45234375 0.84921875 0.0640625 0.0578125
1 0.75390625 0.55625 0.0640625 0.059375
1 0.77734375 0.55625 0.0640625 0.059375
0 0.64140625 0.33828125 0.0640625 0.0578125
1 0.29453125 0.61484375 0.0609375 0.0578125
1 0.3375 0.69296875 0.065625 0.0578125
0 0.2 0.6203125 0.065625 0.059375
1 0.3453125 0.7640625 0.065625 0.059375
1 0.7734375 0.7484375 0.065625 0.05625
1 0.69375 0.48046875 0.071875 0.0640625
0 0.25859375 0.99375 0.0640625 0.0125
0 0.82421875 0.35859375 0.0640625 0.0578125
0 0.80234375 0.32109375 0.0640625 0.0578125
0 0.79140625 0.33359375 0.0640625 0.0578125
1 0.765625 0.471875 0.078125 0.0625