2 0.021875 0.42734375 0.04375 0.0609375
2 0.0515625 0.12265625 0.065625 0.0609375
2 0.01875 0.1203125 0.0375 0.059375
2 0.15234375 0.27890625 0.0640625 0.0578125
2 0.0265625 0.18671875 0.053125 0.0578125
2 0.06796875 0.16171875 0.0640625 0.0578125
2 0.22890625 0.26328125 0.0640625 0.0578125
2 0.12421875 0.26484375 0.0640625 0.0578125
2 0.08671875 0.30859375 0.0640625 0.0578125
2 0.01484375 0.3484375 0.0296875 0.05625
2 0.09921875 0.35703125 0.0640625 0.0578125
2 0.08046875 0.27890625 0.0640625 0.0578125
2 0.05078125 0.41328125 0.0640625 0.0578125
2 0.06953125 0.37578125 0.0640625 0.0578125
2 0.06640625 0.33671875 0.0640625 0.0578125
2 0.09609375 0.26015625 0.0640625 0.0578125
2 0.06484375 0.03203125 0.0671875 0.0609375
2 0.0765625 0.03359375 0.065625 0.0609375
2 0.30859375 0.06953125 0.0640625 0.0578125
2 0.03125 0.43203125 0.0625 0.0578125
2 0.37734375 0.39296875 0.0640625 0.0578125
2 0.38671875 0.35390625 0.0640625 0.0578125
2 0.36171875 0.37890625 0.0640625 0.0578125
2 0.16015625 0.23828125 0.0640625 0.0578125
2 0.39296875 0.53359375 0.0640625 0.0578125
2 0.58046875 0.37265625 0.0640625 0.0578125
2 0.34453125 0.07421875 0.0640625 0.0578125
2 0.30546875 0.59609375 0.0640625 0.0578125
2 0.43984375 0.35859375 0.0640625 0.0578125
2 0.65078125 0.10078125 0.0640625 0.0578125
1 0.68515625 0.43515625 0.0640625 0.0578125
2 0.43984375 0.09453125 0.0640625 0.0578125
2 0.32890625 0.04453125 0.0640625 0.0578125
2 0.30546875 0.02578125 0.0640625 0.0515625
2 0.24609375 0.04296875 0.0640625 0.0578125
2 0.2109375 0.02734375 0.065625 0.0546875
2 0.10859375 0.12109375 0.0640625 0.0578125
2 0.06015625 0.07109375 0.0640625 0.0578125
2 0.51484375 0.01640625 0.0640625 0.0328125
2 0.76953125 0.003125 0.0640625 0.00625
2 0.44921875 0.028125 0.0640625 0.05625
2 0.44765625 0.32421875 0.0640625 0.0578125
2 0.60078125 0.07265625 0.0640625 0.0578125
2 0.57421875 0.02578125 0.0640625 0.0515625
1 0.72109375 0.19140625 0.0640625 0.0578125
2 0.80390625 0.12734375 0.0640625 0.0578125
2 0.79140625 0.07265625 0.0640625 0.0578125
1 0.56640625 0.06953125 0.0640625 0.0578125
1 0.42578125 0.04453125 0.0640625 0.0578125
2 0.45234375 0.05390625 0.0640625 0.0578125
2 0.14140625 0.37109375 0.0640625 0.0578125
0 0.0203125 0.38203125 0.040625 0.0578125
2 0.0078125 0.31796875 0.015625 0.0578125
2 0.19765625 0.48671875 0.0640625 0.0578125
2 0.19296875 0.51953125 0.0640625 0.0578125
2 0.13828125 0.50390625 0.0640625 0.0578125
2 0.11640625 0.55546875 0.0640625 0.0578125
2 0.21171875 0.52734375 0.0640625 0.0578125
2 0.06796875 0.54921875 0.0640625 0.0578125
2 0.20390625 0.37421875 0.0640625 0.0578125
2 0.27265625 0.53203125 0.0640625 0.0578125
2 0.11796875 0.38359375 0.0640625 0.0578125
2 0.01875 0.05546875 0.0375 0.0578125
2 0.021875 0.02578125 0.04375 0.0515625
2 0.03359375 0.06484375 0.0640625 0.0578125
2 0.48984375 0.67578125 0.0640625 0.0578125
2 0.34453125 0.396875 0.0640625 0.05625
2 0.09609375 0.67890625 0.0640625 0.0578125
2 0.27265625 0.60078125 0.0640625 0.0578125
2 0.13984375 0.60546875 0.0640625 0.0578125
2 0.04453125 0.51328125 0.0640625 0.0578125
2 0.09609375 0.40546875 0.0640625 0.0578125
2 0.17578125 0.41015625 0.0640625 0.0578125
2 0.021875 0.26015625 0.04375 0.0578125
2 0.03203125 0.26875 0.0640625 0.059375
2 0.015625 0.22578125 0.03125 0.0578125
2 0.01640625 0.16484375 0.0328125 0.0578125
2 0.20078125 0.05390625 0.0640625 0.0578125
2 0.07578125 0.1375 0.0640625 0.053125
1 0.10703125 0.06953125 0.0640625 0.0578125
2 0.0859375 0.0078125 0.065625 0.015625
2 0.0734375 0.01015625 0.065625 0.0203125
2 0.49921875 0.16328125 0.0640625 0.0578125
2 0.35078125 0.18984375 0.0640625 0.0578125
2 0.25703125 0.16640625 0.0640625 0.0578125
2 0.43359375 0.17890625 0.0640625 0.0578125
2 0.44140625 0.15703125 0.0640625 0.0578125
2 0.51015625 0.18046875 0.0640625 0.0578125
1 0.60546875 0.37265625 0.0640625 0.0578125
2 0.56796875 0.38359375 0.0640625 0.0578125
2 0.48046875 0.33671875 0.0640625 0.0578125
2 0.48359375 0.28203125 0.0640625 0.0578125
2 0.43828125 0.4375 0.0640625 0.05625
2 0.42578125 0.45703125 0.0640625 0.0578125
2 0.39765625 0.57734375 0.0640625 0.0578125
2 0.30390625 0.61796875 0.0640625 0.0578125
2 0.31015625 0.68046875 0.0640625 0.0578125
2 0.54296875 0.67890625 0.0640625 0.0578125
2 0.45703125 0.76796875 0.0640625 0.0578125
2 0.55546875 0.52109375 0.0640625 0.0578125
2 0.50703125 0.40078125 0.0640625 0.0578125
2 0.63046875 0.26171875 0.0640625 0.0578125
2 0.36640625 0.24140625 0.0640625 0.0578125
2 0.31171875 0.47265625 0.0640625 0.0578125
2 0.25546875 0.43359375 0.0640625 0.0578125
2 0.17578125 0.83203125 0.0640625 0.0578125
2 0.21953125 0.42265625 0.0640625 0.0578125
2 0.26796875 0.51640625 0.0640625 0.0578125
2 0.35546875 0.47421875 0.0640625 0.0578125
1 0.14140625 0.53671875 0.0640625 0.0578125
2 0.27421875 0.45078125 0.0640625 0.0578125
2 0.31171875 0.49609375 0.0640625 0.0578125
2 0.33671875 0.46796875 0.0640625 0.0578125
2 0.1046875 0.01796875 0.065625 0.0359375
2 0.22421875 0.0046875 0.0640625 0.009375
2 0.21953125 0.01875 0.0640625 0.0375
1 0.53984375 0.08828125 0.0640625 0.0578125
2 0.55390625 0.20078125 0.0640625 0.0578125
2 0.57421875 0.11328125 0.0640625 0.0578125
2 0.33828125 0.22265625 0.0640625 0.0578125
2 0.33046875 0.12578125 0.0640625 0.0578125
2 0.31484375 0.16640625 0.0640625 0.0578125
2 0.39140625 0.0046875 0.0640625 0.009375
2 0.16796875 0.67734375 0.0640625 0.0578125
2 0.20859375 0.69921875 0.0640625 0.0578125
2 0.38984375 0.80703125 0.0640625 0.0578125
2 0.03046875 0.72734375 0.0609375 0.0578125
2 0.10859375 0.52734375 0.0640625 0.0578125
2 0.2703125 0.4859375 0.065625 0.05625
0 0.50703125 0.77421875 0.0640625 0.0578125
2 0.46640625 0.79453125 0.0640625 0.0578125
2 0.44453125 0.79765625 0.0640625 0.0578125
2 0.51953125 0.65546875 0.0640625 0.0578125
2 0.72109375 0.41640625 0.0640625 0.0578125
1 0.55859375 0.45234375 0.0640625 0.0578125
2 0.24453125 0.40546875 0.0640625 0.0578125
1 0.34765625 0.30234375 0.0640625 0.0578125
2 0.43515625 0.26484375 0.0640625 0.0578125
2 0.38671875 0.24921875 0.0640625 0.0578125
2 0.61328125 0.23515625 0.0640625 0.0578125
2 0.68046875 0.11328125 0.0640625 0.0578125
2 0.51171875 0.19609375 0.0640625 0.0578125
2 0.51796875 0.22421875 0.0640625 0.0578125
2 0.63359375 0.12578125 0.0640625 0.0578125
2 0.45234375 0.16640625 0.0640625 0.0578125
2 0.75546875 0.07890625 0.0640625 0.0578125
2 0.60546875 0.12421875 0.0640625 0.0578125
2 0.35390625 0.34609375 0.0640625 0.0578125
2 0.39453125 0.55703125 0.0640625 0.0578125
2 0.57265625 0.65859375 0.0640625 0.0578125
1 0.29296875 0.29609375 0.0640625 0.0578125
2 0.12421875 0.34140625 0.0640625 0.0578125
2 0.01875 0.28828125 0.0375 0.0578125
1 0.41484375 0.15390625 0.0640625 0.0578125
2 0.25078125 0.00546875 0.0640625 0.0109375
1 0.11953125 0.58828125 0.0640625 0.0578125
2 0.18515625 0.47109375 0.0640625 0.0578125
2 0.58046875 0.30546875 0.0640625 0.0578125
1 0.71640625 0.32421875 0.0640625 0.0578125
2 0.41953125 0.53984375 0.0640625 0.0578125
2 0.13515625 0.09140625 0.0640625 0.0578125
2 0.16640625 0.06015625 0.0640625 0.0578125
2 0.61171875 0.0078125 0.0640625 0.015625
1 0.4890625 0.12421875 0.065625 0.0578125
2 0.00546875 0.54453125 0.0109375 0.0578125
2 0.20703125 0.55390625 0.0640625 0.0578125
2 0.01171875 0.27421875 0.0234375 0.0578125
1 0.01796875 0.0375 0.0359375 0.0625
2 0.09453125 0.17734375 0.0640625 0.0578125
2 0.17421875 0.26953125 0.0640625 0.0578125
1 0.14296875 0.84765625 0.0640625 0.0578125
1 0.16328125 0.86015625 0.0640625 0.0578125
1 0.1578125 0.11171875 0.0625 0.0578125
1 0.23671875 0.12578125 0.0640625 0.0578125
1 0.52421875 0.07734375 0.0640625 0.0578125
2 0.2734375 0.03203125 0.065625 0.0578125
1 0.41640625 0.13046875 0.0640625 0.0578125
2 0.58984375 0.28046875 0.0640625 0.0578125
2 0.42421875 0.24140625 0.0640625 0.0578125
2 0.61953125 0.24609375 0.0640625 0.0578125
2 0.25546875 0.33046875 0.0640625 0.0578125
1 0.29609375 0.37890625 0.0640625 0.0578125
2 0.61171875 0.49140625 0.0640625 0.0578125
1 0.43671875 0.53203125 0.0640625 0.0578125
2 0.43359375 0.72421875 0.0640625 0.0578125
2 0.47578125 0.65390625 0.0640625 0.0578125
2 0.35546875 0.77734375 0.0640625 0.0578125
2 0.65703125 0.25703125 0.0640625 0.0578125
2 0.64609375 0.23828125 0.0640625 0.0578125
1 0.65390625 0.28203125 0.0640625 0.0578125
2 0.58984375 0.0109375 0.0640625 0.021875
2 0.63515625 0.05390625 0.0640625 0.0578125
2 0.44296875 0.003125 0.0640625 0.00625
2 0.16328125 0.39765625 0.0640625 0.0578125
1 0.18203125 0.36484375 0.0640625 0.0578125
2 0.05703125 0.21484375 0.0640625 0.0578125
1 0.0046875 0.36015625 0.009375 0.0578125
2 0.06484375 0.50078125 0.0640625 0.0578125
1 0.24140625 0.58046875 0.0640625 0.0578125
1 0.06796875 0.44609375 0.0640625 0.0578125
2 0.21484375 0.24140625 0.0640625 0.0578125
1 0.26796875 0.32421875 0.0640625 0.0578125
2 0.38359375 0.16640625 0.0640625 0.0578125
1 0.31640625 0.31171875 0.0640625 0.0578125
2 0.08359375 0.33359375 0.0640625 0.0578125
1 0.27890625 0.09765625 0.0640625 0.0578125
2 0.15390625 0.0078125 0.0640625 0.015625
1 0.21015625 0.45078125 0.0640625 0.0578125
1 0.50546875 0.08046875 0.0640625 0.0578125
1 0.54296875 0.05703125 0.0640625 0.0578125
1 0.51640625 0.06171875 0.0640625 0.0578125
2 0.19453125 0.0125 0.0640625 0.025
1 0.81953125 0.16796875 0.0640625 0.0578125
1 0.61328125 0.21015625 0.0640625 0.0578125
2 0.65390625 0.37578125 0.0640625 0.0578125
1 0.67421875 0.20859375 0.0640625 0.0578125
2 0.59609375 0.43515625 0.0640625 0.0578125
1 0.32109375 0.48359375 0.0640625 0.0578125
2 0.67578125 0.31796875 0.0640625 0.0578125
1 0.62890625 0.18671875 0.0640625 0.0578125
1 0.69453125 0.28203125 0.0640625 0.0578125
0 0.00625 0.24609375 0.0125 0.0578125
0 0.0078125 0.23203125 0.015625 0.0578125
0 0.27734375 0.68828125 0.0640625 0.0578125
1 0.03828125 0.69609375 0.0640625 0.0578125
2 0.40234375 0.87265625 0.0640625 0.0578125
1 0.56171875 0.41171875 0.0640625 0.0578125
1 0.57421875 0.33984375 0.0640625 0.0578125
1 0.42421875 0.11484375 0.0640625 0.0578125
1 0.51015625 0.09609375 0.0640625 0.0578125
2 0.11640625 0.6296875 0.0640625 0.05625
1 0.15078125 0.81484375 0.0640625 0.0578125
1 0.06328125 0.68984375 0.0640625 0.0578125
2 0.18671875 0.41484375 0.0640625 0.0578125
1 0.27578125 0.07578125 0.0578125 0.0546875
2 0.8015625 0.45 0.065625 0.059375
1 0.3171875 0.434375 0.065625 0.059375
1 0.11015625 0.86640625 0.0640625 0.0578125
0 0.30078125 0.72734375 0.0640625 0.0578125
0 0.31328125 0.75234375 0.0640625 0.0578125
2 0.33046875 0.71953125 0.0640625 0.0578125
1 0.41171875 0.52109375 0.0640625 0.0578125
1 0.67421875 0.22890625 0.0640625 0.0578125
1 0.58671875 0.50078125 0.0640625 0.0578125
1 0.70703125 0.44296875 0.0640625 0.0578125
2 0.46328125 0.2640625 0.0671875 0.05625
1 0.71171875 0.16328125 0.0640625 0.0578125
1 0.34765625 0.37578125 0.0640625 0.0578125
1 0.16796875 0.31796875 0.0640625 0.0578125
2 0.303125 0.09453125 0.065625 0.0609375
1 0.26953125 0.38828125 0.0640625 0.0578125
0 0.17265625 0.78203125 0.0640625 0.0578125
0 0.10859375 0.44296875 0.0640625 0.0578125
1 0.14140625 0.46953125 0.0640625 0.0578125
0 0.14765625 0.45234375 0.0640625 0.0578125
2 0.45234375 0.51328125 0.0640625 0.0578125
1 0.75390625 0.2203125 0.0640625 0.059375
1 0.77734375 0.2203125 0.0640625 0.059375
0 0.64140625 0.015625 0.0640625 0.03125
1 0.29453125 0.27890625 0.0609375 0.0578125
1 0.3375 0.35703125 0.065625 0.0578125
0 0.2 0.284375 0.065625 0.059375
1 0.3453125 0.428125 0.065625 0.059375
1 0.7734375 0.4125 0.065625 0.05625
1 0.69375 0.14453125 0.071875 0.0640625
0 0.25859375 0.68046875 0.0640625 0.0578125
0 0.82421875 0.02578125 0.0640625 0.0515625
0 0.80234375 0.00703125 0.0640625 0.0140625
0 0.79140625 0.01328125 0.0640625 0.0265625
1 0.765625 0.1359375 0.078125 0.0625
2 0.83515625 0.82578125 0.0734375 0.0671875
2 0.80390625 0.85234375 0.0734375 0.0671875
2 0.96484375 0.91171875 0.0703125 0.0671875
2 0.97578125 0.79140625 0.0484375 0.0671875
2 0.89765625 0.79921875 0.0734375 0.0671875
2 0.99140625 0.95703125 0.0171875 0.0671875
0 0.80234375 0.90390625 0.0734375 0.0671875
0 0.84765625 0.90546875 0.0734375 0.0671875