2 0.09375 0.15078125 0.05625 0.0515625
1 0.190625 0.06015625 0.05625 0.0515625
2 0.0890625 0.04296875 0.05625 0.0515625
2 0.1484375 0.06796875 0.05625 0.0515625
2 0.128125 0.07734375 0.05625 0.0515625
2 0.1546875 0.10390625 0.05625 0.0515625
1 0.02578125 0.065625 0.0515625 0.05
2 0.0140625 0.00703125 0.028125 0.0140625
1 0.1734375 0.08359375 0.05625 0.0515625
0 0.2390625 0.13671875 0.05625 0.0515625
1 0.246875 0.01875 0.05625 0.0375
2 0.125 0.19296875 0.05625 0.0515625
1 0.1921875 0.26953125 0.05625 0.0515625
1 0.0703125 0.21171875 0.05625 0.0515625
1 0.10625 0.29140625 0.05625 0.0515625
1 0.0671875 0.33671875 0.05625 0.0515625
1 0.0203125 0.38515625 0.040625 0.0515625
1 0.02421875 0.31484375 0.0484375 0.0515625
0 0.00625 0.03984375 0.0125 0.0515625
0 0.0125 0.03046875 0.025 0.0515625
1 0.053125 0.0046875 0.05625 0.009375
2 0.1046875 0.01328125 0.05625 0.0265625
1 0.121875 0.02109375 0.05625 0.0421875
1 0.15 0.02265625 0.05625 0.0453125
1 0.1765625 0.04296875 0.05625 0.0515625
0 0.184375 0.22265625 0.05625 0.0484375
0 0.0484375 0.07265625 0.05625 0.0515625
1 0.115625 0.04296875 0.05625 0.0515625
1 0.21015625 0.03671875 0.0578125 0.0515625
2 0.0609375 0.01796875 0.05625 0.0359375
1 0.140625 0.14921875 0.05625 0.0515625
1 0.178125 0.0203125 0.05625 0.040625
0 0.0953125 0.00546875 0.05625 0.0109375
0 0.0296875 0.0171875 0.05625 0.034375
1 0.046875 0.03359375 0.05625 0.0515625
1 0.01875 0.03828125 0.0375 0.0515625
1 0.01328125 0.04609375 0.0265625 0.0515625
1 0.1109375 0.16796875 0.05625 0.0484375
1 0.259375 0.04921875 0.05625 0.0515625
1 0.05 0.10546875 0.05625 0.0515625
0 0.02734375 0.13203125 0.0546875 0.0515625
0 0.215625 0.12734375 0.05625 0.0515625
1 0.175 0.14296875 0.05625 0.0484375
0 0.23125 0.10390625 0.05625 0.0515625
0 0.1171875 0.0078125 0.05625 0.015625