2 0.09375 0.48671875 0.05625 0.0515625
1 0.190625 0.39609375 0.05625 0.0515625
2 0.0890625 0.37890625 0.05625 0.0515625
2 0.1484375 0.40390625 0.05625 0.0515625
2 0.128125 0.41328125 0.05625 0.0515625
2 0.1546875 0.43984375 0.05625 0.0515625
1 0.02578125 0.4015625 0.0515625 0.05
2 0.0140625 0.32421875 0.028125 0.0515625
1 0.021875 0.05859375 0.04375 0.0515625
1 0.0125 0.09140625 0.025 0.0515625
1 0.0921875 0.16015625 0.05625 0.0515625
1 0.0984375 0.21796875 0.05625 0.0515625
1 0.48671875 0.13046875 0.0578125 0.0515625
1 0.15625 0.28828125 0.05625 0.0515625
0 0.1484375 0.27109375 0.05625 0.0515625
0 0.16875 0.26953125 0.05625 0.0515625
1 0.159375 0.26953125 0.05625 0.0515625
2 0.1734375 0.23203125 0.05625 0.0515625
1 0.159375 0.02734375 0.05625 0.0515625
1 0.20625 0.23359375 0.05625 0.0515625
1 0.290625 0.19921875 0.05625 0.0515625
1 0.3421875 0.19921875 0.05625 0.0515625
1 0.16875 0.12578125 0.05625 0.0515625
1 0.1640625 0.09609375 0.05625 0.0515625
1 0.140625 0.12890625 0.05625 0.0515625
0 0.1203125 0.08984375 0.05625 0.0515625
2 0.06875 0.11484375 0.05625 0.0515625
1 0.0921875 0.03203125 0.05625 0.0515625
1 0.10625 0.07109375 0.05625 0.0515625
1 0.1296875 0.02734375 0.05625 0.0515625
1 0.1296875 0.05703125 0.05625 0.0515625
1 0.28125 0.03984375 0.05625 0.0515625
1 0.2796875 0.02734375 0.05625 0.0515625
1 0.2734375 0.27890625 0.05625 0.0515625
1 0.1734375 0.41953125 0.05625 0.0515625
0 0.2390625 0.47265625 0.05625 0.0515625
1 0.246875 0.34765625 0.05625 0.0515625
2 0.125 0.52890625 0.05625 0.0515625
1 0.1921875 0.60546875 0.05625 0.0515625
1 0.0703125 0.54765625 0.05625 0.0515625
1 0.10625 0.62734375 0.05625 0.0515625
1 0.0671875 0.67265625 0.05625 0.0515625
1 0.0203125 0.72109375 0.040625 0.0515625
1 0.02421875 0.65078125 0.0484375 0.0515625
1 0.01171875 0.26640625 0.0234375 0.0515625
0 0.00625 0.37578125 0.0125 0.0515625
0 0.0125 0.36640625 0.025 0.0515625
1 0.053125 0.31953125 0.05625 0.0515625
2 0.1046875 0.33671875 0.05625 0.0515625
1 0.121875 0.35234375 0.05625 0.0515625
1 0.15 0.35546875 0.05625 0.0515625
1 0.1765625 0.37890625 0.05625 0.0515625
0 0.184375 0.55859375 0.05625 0.0484375
0 0.0484375 0.40859375 0.05625 0.0515625
1 0.115625 0.37890625 0.05625 0.0515625
0 0.01171875 0.19296875 0.0234375 0.0515625
0 0.0140625 0.17265625 0.028125 0.0515625
0 0.10546875 0.02734375 0.0578125 0.0515625
0 0.0328125 0.22890625 0.05625 0.0515625
0 0.05546875 0.23203125 0.0578125 0.0515625
1 0.41796875 0.03203125 0.0578125 0.0515625
0 0.37578125 0.03359375 0.0578125 0.0515625
1 0.21015625 0.37265625 0.0578125 0.0515625
1 0.25234375 0.13203125 0.0578125 0.0515625
1 0.33828125 0.23515625 0.0578125 0.0515625
1 0.33203125 0.10703125 0.0578125 0.0515625
1 0.18046875 0.14765625 0.0578125 0.0515625
2 0.0609375 0.34609375 0.05625 0.0515625
1 0.140625 0.48515625 0.05625 0.0515625
1 0.2625 0.23046875 0.05625 0.0515625
1 0.23125 0.24765625 0.05625 0.0515625
0 0.24921875 0.02734375 0.0578125 0.0515625
1 0.096875 0.11640625 0.05625 0.0515625
1 0.178125 0.35078125 0.05625 0.0515625
0 0.0953125 0.32109375 0.05625 0.0515625
0 0.0296875 0.34453125 0.05625 0.0515625
1 0.046875 0.36953125 0.05625 0.0515625
1 0.01875 0.37421875 0.0375 0.0515625
1 0.01328125 0.38203125 0.0265625 0.0515625
1 0.1109375 0.50390625 0.05625 0.0484375
1 0.259375 0.38515625 0.05625 0.0515625
1 0.05 0.44140625 0.05625 0.0515625
0 0.02734375 0.46796875 0.0546875 0.0515625
0 0.215625 0.46328125 0.05625 0.0515625
1 0.175 0.47890625 0.05625 0.0484375
0 0.40234375 0.17890625 0.0578125 0.0515625
1 0.32890625 0.17421875 0.0578125 0.0515625
0 0.45546875 0.20390625 0.0578125 0.0515625
0 0.50546875 0.21953125 0.0578125 0.0515625
0 0.23125 0.43984375 0.05625 0.0515625
0 0.42109375 0.10390625 0.0578125 0.0515625
0 0.1265625 0.10859375 0.05625 0.0515625
0 0.01015625 0.24296875 0.0203125 0.0515625
0 0.190625 0.02578125 0.05625 0.0515625
1 0.15390625 0.11015625 0.0578125 0.0515625
0 0.20859375 0.17265625 0.0578125 0.0515625
0 0.38359375 0.16171875 0.0578125 0.0515625
0 0.43671875 0.09609375 0.0578125 0.0515625
0 0.43984375 0.07578125 0.0578125 0.0515625
1 0.21953125 0.13984375 0.0578125 0.0515625
2 0.01796875 0.22578125 0.0359375 0.0515625
0 0.1171875 0.32578125 0.05625 0.0515625