2 0.4109375 0.07734375 0.05625 0.0515625
2 0.334375 0.00625 0.05625 0.0125
2 0.409375 0.13359375 0.05625 0.0515625
2 0.26484375 0.01484375 0.0546875 0.0296875
2 0.56875 0.15078125 0.05625 0.0515625
1 0.31796875 0.10078125 0.0578125 0.0515625
1 0.3578125 0.10859375 0.05625 0.0515625
2 0.2859375 0.13828125 0.05625 0.0515625
1 0.259375 0.10859375 0.05625 0.0515625
1 0.35625 0.16015625 0.05625 0.0515625
1 0.665625 0.06015625 0.05625 0.0515625
2 0.5640625 0.04296875 0.05625 0.0515625
2 0.6234375 0.06796875 0.05625 0.0515625
2 0.603125 0.07734375 0.05625 0.0515625
2 0.6296875 0.10390625 0.05625 0.0515625
1 0.49765625 0.065625 0.0578125 0.05
2 0.475 0.00703125 0.05625 0.0140625
1 0.175 0.00546875 0.05625 0.0109375
1 0.2 0.00546875 0.05625 0.0109375
2 0.07265625 0.01640625 0.0578125 0.0328125
1 0.1484375 0.05546875 0.05625 0.0515625
2 0.0875 0.02109375 0.05625 0.0421875
2 0.0765625 0.04140625 0.05625 0.0515625
1 0.05625 0.01953125 0.05625 0.0390625
1 0.04375 0.03828125 0.05625 0.0515625
1 0.02578125 0.01640625 0.0515625 0.0328125
1 0.0125 0.05078125 0.025 0.0515625
1 0.02421875 0.00546875 0.0484375 0.0109375
1 0.1375 0.02265625 0.05625 0.0453125
2 0.15 0.10703125 0.05625 0.0515625
1 0.125 0.00859375 0.05625 0.0171875
1 0.11015625 0.0171875 0.0578125 0.034375
1 0.171875 0.06953125 0.05625 0.0515625
1 0.2796875 0.45390625 0.05625 0.0515625
1 0.1296875 0.13984375 0.05625 0.0515625
0 0.1421875 0.13046875 0.05625 0.0515625
2 0.140625 0.16796875 0.05625 0.0515625
1 0.209375 0.23671875 0.05625 0.0515625
1 0.1296875 0.26953125 0.05625 0.0515625
0 0.01484375 0.27109375 0.0296875 0.0515625
1 0.2625 0.42421875 0.05625 0.0515625
1 0.2515625 0.45390625 0.05625 0.0515625
1 0.140625 0.33359375 0.05625 0.0515625
1 0.153125 0.47109375 0.05625 0.0515625
1 0.040625 0.24453125 0.05625 0.0515625
2 0.02265625 0.19296875 0.0453125 0.0515625
0 0.01875 0.16953125 0.0375 0.0515625
1 0.02578125 0.13359375 0.0515625 0.0515625
1 0.08125 0.13828125 0.05625 0.0515625
1 0.0046875 0.13203125 0.009375 0.0515625
1 0.01640625 0.14609375 0.0328125 0.0515625
1 0.6484375 0.08359375 0.05625 0.0515625
0 0.7140625 0.13671875 0.05625 0.0515625
1 0.721875 0.01875 0.05625 0.0375
2 0.6 0.19296875 0.05625 0.0515625
1 0.6671875 0.26953125 0.05625 0.0515625
1 0.5453125 0.21171875 0.05625 0.0515625
1 0.4015625 0.22421875 0.05625 0.0515625
2 0.425 0.20390625 0.059375 0.0546875
1 0.378125 0.11640625 0.05625 0.0515625
1 0.384375 0.24921875 0.05625 0.0515625
1 0.434375 0.24609375 0.05625 0.0515625
0 0.3796875 0.28671875 0.05625 0.0515625
1 0.58125 0.29140625 0.05625 0.0515625
1 0.29375 0.19609375 0.05625 0.0515625
1 0.5421875 0.33671875 0.05625 0.0515625
1 0.4875 0.38515625 0.05625 0.0515625
1 0.4953125 0.31484375 0.05625 0.0515625
1 0.3390625 0.37578125 0.05625 0.0515625
1 0.175 0.39453125 0.05625 0.0515625
1 0.0125 0.25078125 0.025 0.0515625
1 0.0265625 0.23203125 0.053125 0.0484375
1 0.01328125 0.33984375 0.0265625 0.0515625
1 0.0640625 0.33046875 0.05625 0.0515625
1 0.0921875 0.41171875 0.05625 0.0515625
1 0.09375 0.20859375 0.05625 0.0515625
1 0.103125 0.18828125 0.05625 0.0515625
1 0.284375 0.23203125 0.05625 0.0515625
1 0.2171875 0.29765625 0.05625 0.0515625
0 0.2203125 0.28671875 0.05625 0.0515625
0 0.059375 0.07734375 0.05625 0.0515625
1 0.05 0.14765625 0.05625 0.0515625
0 0.459375 0.03984375 0.05625 0.0515625
1 0.34375 0.03984375 0.05625 0.0515625
0 0.471875 0.03046875 0.05625 0.0515625
1 0.528125 0.0046875 0.05625 0.009375
2 0.5796875 0.01328125 0.05625 0.0265625
1 0.596875 0.02109375 0.05625 0.0421875
1 0.625 0.02265625 0.05625 0.0453125
1 0.6515625 0.04296875 0.05625 0.0515625
0 0.659375 0.22265625 0.05625 0.0484375
0 0.5234375 0.07265625 0.05625 0.0515625
1 0.590625 0.04296875 0.05625 0.0515625
1 0.31015625 0.08515625 0.0578125 0.0515625
0 0.18203125 0.21953125 0.0578125 0.0515625
1 0.68515625 0.03671875 0.0578125 0.0515625
2 0.5359375 0.01796875 0.05625 0.0359375
1 0.615625 0.14921875 0.05625 0.0515625
1 0.653125 0.0203125 0.05625 0.040625
0 0.5703125 0.00546875 0.05625 0.0109375
0 0.3796875 0.28671875 0.05625 0.0515625
1 0.378125 0.12890625 0.05625 0.0515625
1 0.18125 0.35859375 0.05625 0.0515625
2 0.1578125 0.43046875 0.05625 0.0515625
0 0.5046875 0.0171875 0.05625 0.034375
1 0.521875 0.03359375 0.05625 0.0515625
1 0.484375 0.03828125 0.05625 0.0515625
1 0.4734375 0.04609375 0.05625 0.0515625
1 0.5859375 0.16796875 0.05625 0.0484375
1 0.225 0.28359375 0.05625 0.0515625
1 0.128125 0.31484375 0.05625 0.0515625
1 0.159375 0.31796875 0.05625 0.0515625
1 0.734375 0.04921875 0.05625 0.0515625
1 0.525 0.10546875 0.05625 0.0515625
0 0.5015625 0.13203125 0.05625 0.0515625
0 0.690625 0.12734375 0.05625 0.0515625
1 0.65 0.14296875 0.05625 0.0484375
1 0.2671875 0.00390625 0.05625 0.0078125
1 0.446875 0.01875 0.05625 0.0375
0 0.70625 0.10390625 0.05625 0.0515625
0 0.0375 0.29453125 0.05625 0.0515625
0 0.5921875 0.0078125 0.05625 0.015625