1 0.29765625 0.31328125 0.0578125 0.0515625
1 0.2984375 0.29296875 0.05625 0.0515625
2 0.4109375 0.41328125 0.05625 0.0515625
2 0.334375 0.32265625 0.05625 0.0515625
2 0.409375 0.46953125 0.05625 0.0515625
2 0.26484375 0.340625 0.0546875 0.05
2 0.56875 0.48671875 0.05625 0.0515625
1 0.31796875 0.43671875 0.0578125 0.0515625
1 0.3578125 0.44453125 0.05625 0.0515625
2 0.2859375 0.47421875 0.05625 0.0515625
1 0.259375 0.44453125 0.05625 0.0515625
1 0.35625 0.49609375 0.05625 0.0515625
1 0.665625 0.39609375 0.05625 0.0515625
0 0.240625 0.08046875 0.05625 0.0515625
2 0.5640625 0.37890625 0.05625 0.0515625
2 0.6234375 0.40390625 0.05625 0.0515625
2 0.603125 0.41328125 0.05625 0.0515625
2 0.6296875 0.43984375 0.05625 0.0515625
1 0.49765625 0.4015625 0.0578125 0.05
2 0.475 0.32421875 0.05625 0.0515625
1 0.175 0.32109375 0.05625 0.0515625
1 0.18125 0.26953125 0.05625 0.0515625
1 0.2 0.32109375 0.05625 0.0515625
1 0.2015625 0.29453125 0.05625 0.0515625
1 0.159375 0.28671875 0.05625 0.0515625
1 0.14375 0.29765625 0.05625 0.0515625
2 0.22734375 0.2671875 0.0578125 0.053125
2 0.240625 0.18359375 0.05625 0.0515625
1 0.159375 0.2109375 0.05625 0.05
1 0.190625 0.1703125 0.059375 0.05625
0 0.1875 0.18203125 0.05625 0.0515625
2 0.221875 0.13359375 0.05625 0.0515625
2 0.35 0.02578125 0.05625 0.0515625
2 0.2390625 0.09453125 0.05625 0.0515625
1 0.3578125 0.10859375 0.05625 0.0515625
2 0.07265625 0.34296875 0.0578125 0.0515625
0 0.3390625 0.05234375 0.05625 0.0515625
1 0.3671875 0.06171875 0.05625 0.0515625
2 0.409375 0.03984375 0.05625 0.0515625
1 0.490625 0.05859375 0.05625 0.0515625
1 0.471875 0.09140625 0.05625 0.0515625
1 0.5671875 0.16015625 0.05625 0.0515625
1 0.1484375 0.39140625 0.05625 0.0515625
2 0.0875 0.35234375 0.05625 0.0515625
2 0.0765625 0.37734375 0.05625 0.0515625
1 0.05625 0.3484375 0.05625 0.053125
1 0.04375 0.37421875 0.05625 0.0515625
1 0.02578125 0.34296875 0.0515625 0.0515625
1 0.0125 0.38671875 0.025 0.0515625
1 0.02421875 0.32109375 0.0484375 0.0515625
1 0.1375 0.35546875 0.05625 0.0515625
2 0.15 0.44296875 0.05625 0.0515625
1 0.125 0.32734375 0.05625 0.0515625
1 0.11015625 0.34453125 0.0578125 0.0515625
2 0.090625 0.3125 0.059375 0.053125
1 0.171875 0.40546875 0.05625 0.0515625
1 0.2796875 0.78984375 0.05625 0.0515625
1 0.1296875 0.47578125 0.05625 0.0515625
0 0.1421875 0.46640625 0.05625 0.0515625
2 0.140625 0.50390625 0.05625 0.0515625
1 0.209375 0.57265625 0.05625 0.0515625
1 0.1296875 0.60546875 0.05625 0.0515625
0 0.01484375 0.60703125 0.0296875 0.0515625
1 0.2625 0.76015625 0.05625 0.0515625
1 0.2515625 0.78984375 0.05625 0.0515625
1 0.140625 0.66953125 0.05625 0.0515625
1 0.153125 0.80703125 0.05625 0.0515625
1 0.040625 0.58046875 0.05625 0.0515625
2 0.02265625 0.52890625 0.0453125 0.0515625
0 0.01875 0.50546875 0.0375 0.0515625
1 0.02578125 0.46953125 0.0515625 0.0515625
1 0.08125 0.47421875 0.05625 0.0515625
1 0.0046875 0.46796875 0.009375 0.0515625
1 0.01640625 0.48203125 0.0328125 0.0515625
0 0.0140625 0.23515625 0.028125 0.0515625
1 0.1078125 0.19453125 0.05625 0.0515625
1 0.0984375 0.14140625 0.05625 0.0515625
1 0.1375 0.19140625 0.05625 0.0515625
2 0.12734375 0.16875 0.0578125 0.053125
0 0.0109375 0.10703125 0.021875 0.0515625
1 0.5734375 0.21796875 0.05625 0.0515625
2 0.0640625 0.09609375 0.05625 0.0515625
1 0.421875 0.13671875 0.05625 0.0515625
1 0.4296875 0.25234375 0.05625 0.0515625
1 0.3921875 0.25546875 0.05625 0.0515625
1 0.34375 0.30234375 0.05625 0.0515625
1 0.22265625 0.21875 0.0546875 0.053125
1 0.290625 0.26015625 0.05625 0.0515625
2 0.115625 0.11171875 0.05625 0.0515625
1 0.96171875 0.13046875 0.0578125 0.0515625
1 0.63125 0.28828125 0.05625 0.0515625
0 0.6234375 0.27109375 0.05625 0.0515625
0 0.64375 0.26953125 0.05625 0.0515625
1 0.634375 0.26953125 0.05625 0.0515625
2 0.6484375 0.23203125 0.05625 0.0515625
1 0.634375 0.02734375 0.05625 0.0515625
1 0.68125 0.23359375 0.05625 0.0515625
1 0.765625 0.19921875 0.05625 0.0515625
1 0.8171875 0.19921875 0.05625 0.0515625
1 0.64375 0.12578125 0.05625 0.0515625
1 0.6390625 0.09609375 0.05625 0.0515625
1 0.615625 0.12890625 0.05625 0.0515625
0 0.5953125 0.08984375 0.05625 0.0515625
2 0.54375 0.11484375 0.05625 0.0515625
1 0.5671875 0.03203125 0.05625 0.0515625
1 0.58125 0.07109375 0.05625 0.0515625
1 0.6046875 0.02734375 0.05625 0.0515625
1 0.6046875 0.05703125 0.05625 0.0515625
1 0.75625 0.03984375 0.05625 0.0515625
1 0.7546875 0.02734375 0.05625 0.0515625
1 0.7484375 0.27890625 0.05625 0.0515625
1 0.6484375 0.41953125 0.05625 0.0515625
0 0.7140625 0.47265625 0.05625 0.0515625
1 0.721875 0.34765625 0.05625 0.0515625
2 0.6 0.52890625 0.05625 0.0515625
1 0.6671875 0.60546875 0.05625 0.0515625
1 0.5453125 0.54765625 0.05625 0.0515625
1 0.4015625 0.56015625 0.05625 0.0515625
2 0.425 0.53984375 0.059375 0.0546875
1 0.378125 0.45234375 0.05625 0.0515625
1 0.384375 0.58515625 0.05625 0.0515625
1 0.434375 0.58203125 0.05625 0.0515625
0 0.3796875 0.62265625 0.05625 0.0515625
1 0.58125 0.62734375 0.05625 0.0515625
1 0.29375 0.53203125 0.05625 0.0515625
1 0.5421875 0.67265625 0.05625 0.0515625
1 0.4875 0.72109375 0.05625 0.0515625
1 0.4953125 0.65078125 0.05625 0.0515625
1 0.3390625 0.71171875 0.05625 0.0515625
1 0.08125 0.07265625 0.05625 0.0515625
0 0.1375 0.02578125 0.05625 0.0515625
0 0.0734375 0.02578125 0.05625 0.0515625
0 0.0140625 0.03828125 0.028125 0.0515625
0 0.19375 0.02578125 0.05625 0.0515625
2 0.284375 0.09453125 0.05625 0.0515625
2 0.00546875 0.23984375 0.0109375 0.0515625
2 0.00703125 0.27421875 0.0140625 0.0515625
1 0.05625 0.26484375 0.05625 0.0515625
0 0.1015625 0.24296875 0.05625 0.0515625
0 0.0265625 0.21015625 0.053125 0.0515625
1 0.175 0.73046875 0.05625 0.0515625
1 0.0125 0.58671875 0.025 0.0515625
1 0.0265625 0.56796875 0.053125 0.0484375
1 0.346875 0.25390625 0.05625 0.0515625
1 0.01328125 0.67578125 0.0265625 0.0515625
1 0.0640625 0.66640625 0.05625 0.0515625
1 0.0921875 0.74765625 0.05625 0.0515625
1 0.09375 0.54453125 0.05625 0.0515625
1 0.103125 0.52421875 0.05625 0.0515625
1 0.284375 0.56796875 0.05625 0.0515625
1 0.2171875 0.63359375 0.05625 0.0515625
0 0.2203125 0.62265625 0.05625 0.0515625
0 0.059375 0.41328125 0.05625 0.0515625
1 0.05 0.48359375 0.05625 0.0515625
1 0.46953125 0.26640625 0.0578125 0.0515625
0 0.459375 0.37578125 0.05625 0.0515625
1 0.34375 0.37578125 0.05625 0.0515625
0 0.471875 0.36640625 0.05625 0.0515625
1 0.528125 0.31953125 0.05625 0.0515625
2 0.5796875 0.33671875 0.05625 0.0515625
1 0.596875 0.35234375 0.05625 0.0515625
1 0.625 0.35546875 0.05625 0.0515625
1 0.6515625 0.37890625 0.05625 0.0515625
0 0.659375 0.55859375 0.05625 0.0484375
1 0.36875 0.23359375 0.05625 0.0515625
1 0.346875 0.21796875 0.05625 0.0515625
0 0.3328125 0.21484375 0.05625 0.0515625
0 0.5234375 0.40859375 0.05625 0.0515625
1 0.590625 0.37890625 0.05625 0.0515625
1 0.39609375 0.12734375 0.0578125 0.0515625
0 0.46953125 0.19296875 0.0578125 0.0515625
0 0.47421875 0.17265625 0.0578125 0.0515625
0 0.58046875 0.02734375 0.0578125 0.0515625
0 0.5078125 0.22890625 0.05625 0.0515625
1 0.31015625 0.42109375 0.0578125 0.0515625
0 0.18203125 0.55546875 0.0578125 0.0515625
1 0.2203125 0.30546875 0.05625 0.0515625
0 0.53046875 0.23203125 0.0578125 0.0515625
1 0.89296875 0.03203125 0.0578125 0.0515625
0 0.85078125 0.03359375 0.0578125 0.0515625
1 0.11171875 0.15234375 0.0578125 0.0515625
1 0.68515625 0.37265625 0.0578125 0.0515625
1 0.72734375 0.13203125 0.0578125 0.0515625
1 0.81328125 0.23515625 0.0578125 0.0515625
1 0.80703125 0.10703125 0.0578125 0.0515625
1 0.65546875 0.14765625 0.0578125 0.0515625
2 0.5359375 0.34609375 0.05625 0.0515625
1 0.615625 0.48515625 0.05625 0.0515625
1 0.38359375 0.01640625 0.0578125 0.0296875
1 0.7375 0.23046875 0.05625 0.0515625
1 0.70625 0.24765625 0.05625 0.0515625
0 0.72421875 0.02734375 0.0578125 0.0515625
1 0.571875 0.11640625 0.05625 0.0515625
1 0.653125 0.35078125 0.05625 0.0515625
0 0.5703125 0.32109375 0.05625 0.0515625
0 0.3796875 0.62265625 0.05625 0.0515625
1 0.378125 0.46484375 0.05625 0.0515625
2 0.13125 0.16484375 0.05625 0.0515625
1 0.18125 0.69453125 0.05625 0.0515625
2 0.1578125 0.76640625 0.05625 0.0515625
1 0.1171875 0.30078125 0.05625 0.0515625
1 0.1921875 0.22890625 0.05625 0.0515625
0 0.5046875 0.34453125 0.05625 0.0515625
1 0.521875 0.36953125 0.05625 0.0515625
1 0.484375 0.37421875 0.05625 0.0515625
1 0.4734375 0.38203125 0.05625 0.0515625
1 0.5859375 0.50390625 0.05625 0.0484375
1 0.225 0.61953125 0.05625 0.0515625
1 0.128125 0.65078125 0.05625 0.0515625
0 0.02421875 0.22890625 0.0484375 0.0515625
1 0.159375 0.65390625 0.05625 0.0515625
1 0.734375 0.38515625 0.05625 0.0515625
1 0.525 0.44140625 0.05625 0.0515625
0 0.5015625 0.46796875 0.05625 0.0515625
0 0.690625 0.46328125 0.05625 0.0515625
1 0.65 0.47890625 0.05625 0.0484375
0 0.87734375 0.17890625 0.0578125 0.0515625
1 0.80390625 0.17421875 0.0578125 0.0515625
0 0.93046875 0.20390625 0.0578125 0.0515625
0 0.97578125 0.21953125 0.0484375 0.0515625
1 0.2671875 0.31796875 0.05625 0.0515625
1 0.446875 0.34765625 0.05625 0.0515625
0 0.70625 0.43984375 0.05625 0.0515625
0 0.89609375 0.10390625 0.0578125 0.0515625
0 0.6015625 0.10859375 0.05625 0.0515625
0 0.29375 0.18359375 0.05625 0.0515625
0 0.46640625 0.24296875 0.0578125 0.0515625
0 0.665625 0.02578125 0.05625 0.0515625
0 0.2734375 0.19609375 0.05625 0.0515625
1 0.62890625 0.11015625 0.0578125 0.0515625
0 0.68359375 0.17265625 0.0578125 0.0515625
0 0.85859375 0.16171875 0.0578125 0.0515625
0 0.91171875 0.09609375 0.0578125 0.0515625
0 0.91484375 0.07578125 0.0578125 0.0515625
1 0.69453125 0.13984375 0.0578125 0.0515625
0 0.0375 0.63046875 0.05625 0.0515625
2 0.48203125 0.22578125 0.0578125 0.0515625
0 0.5921875 0.32578125 0.05625 0.0515625