2 0.971875 0.34296875 0.05625 0.0515625
2 0.9796875 0.35234375 0.040625 0.0515625
2 0.97421875 0.37734375 0.0515625 0.0515625
1 0.95625 0.3484375 0.05625 0.053125
1 0.94375 0.37421875 0.05625 0.0515625
1 0.9234375 0.34296875 0.05625 0.0515625
1 0.896875 0.38671875 0.05625 0.0515625
1 0.871875 0.40859375 0.05625 0.0515625
0 0.85 0.30234375 0.05625 0.0515625
2 0.8640625 0.30703125 0.05625 0.0515625
2 0.8578125 0.33046875 0.05625 0.0515625
1 0.9203125 0.32109375 0.05625 0.0515625
1 0.990625 0.34453125 0.01875 0.0515625
2 0.98046875 0.3125 0.0390625 0.053125
0 0.9015625 0.60703125 0.05625 0.0515625
1 0.8578125 0.72109375 0.05625 0.0515625
1 0.940625 0.58046875 0.05625 0.0515625
1 0.8703125 0.56953125 0.05625 0.0515625
2 0.9171875 0.52890625 0.05625 0.0515625
0 0.909375 0.50546875 0.05625 0.0515625
1 0.9234375 0.46953125 0.05625 0.0515625
1 0.9765625 0.47421875 0.046875 0.0515625
1 0.8515625 0.48984375 0.05625 0.0515625
1 0.88125 0.46796875 0.05625 0.0515625
1 0.78125 0.52578125 0.05625 0.0515625
1 0.9046875 0.48203125 0.05625 0.0515625
0 0.828125 0.45078125 0.05625 0.0515625
0 0.75625 0.30703125 0.05625 0.0515625
1 0.7828125 0.42578125 0.05625 0.0515625
1 0.7703125 0.35859375 0.05625 0.0546875
1 0.71875 0.31640625 0.05625 0.0515625
0 0.790625 0.26015625 0.05625 0.0515625
0 0.7890625 0.33828125 0.05625 0.0515625
2 0.7984375 0.29921875 0.05625 0.0515625
1 0.815625 0.09140625 0.05625 0.0515625
1 0.85 0.24140625 0.05625 0.0515625
0 0.8359375 0.25859375 0.05625 0.0515625
0 0.8359375 0.25859375 0.05625 0.0515625
0 0.9 0.23515625 0.05625 0.0515625
1 0.98984375 0.19453125 0.0203125 0.0515625
1 0.98515625 0.14140625 0.0296875 0.0515625
0 0.865625 0.02578125 0.05625 0.0515625
1 0.7796875 0.09296875 0.05625 0.0515625
1 0.76875 0.12734375 0.05625 0.0515625
1 0.753125 0.09453125 0.05625 0.0515625
1 0.79296875 0.18203125 0.0578125 0.0515625
0 0.89375 0.10703125 0.05625 0.0515625
2 0.9640625 0.09609375 0.05625 0.0515625
2 0.99375 0.11171875 0.0125 0.0515625
1 0.9765625 0.07265625 0.046875 0.0515625
0 0.97265625 0.02578125 0.0546875 0.0515625
0 0.646875 0.41171875 0.05625 0.0515625
0 0.9 0.03828125 0.05625 0.0515625
2 0.825 0.15703125 0.05625 0.0515625
0 0.8625 0.19921875 0.05625 0.0515625
0 0.84375 0.21171875 0.059375 0.0515625
0 0.796875 0.23984375 0.05625 0.0515625
2 0.8828125 0.23984375 0.05625 0.0515625
2 0.8859375 0.27421875 0.05625 0.0515625
1 0.95625 0.26484375 0.05625 0.0515625
0 0.98671875 0.24296875 0.0265625 0.0515625
0 0.925 0.21015625 0.05625 0.0515625
1 0.8234375 0.37890625 0.05625 0.0515625
0 0.8046875 0.42265625 0.05625 0.0515625
1 0.815625 0.43046875 0.05625 0.0515625
0 0.8328125 0.42109375 0.05625 0.0515625
1 0.8421875 0.43203125 0.05625 0.0515625
0 0.753125 0.43515625 0.05625 0.0515625
0 0.7515625 0.45078125 0.05625 0.0515625
0 0.6828125 0.41953125 0.05625 0.0515625
1 0.73125 0.38671875 0.05625 0.0515625
0 0.7546875 0.41328125 0.05625 0.0515625
1 0.6078125 0.38359375 0.05625 0.0515625
2 0.6640625 0.30078125 0.05625 0.0515625
1 0.703125 0.36171875 0.05625 0.0515625
2 0.6640625 0.36796875 0.05625 0.0515625
0 0.56875 0.36484375 0.05625 0.0515625
0 0.715625 0.53515625 0.05625 0.0515625
0 0.7359375 0.51015625 0.05625 0.0515625
0 0.7515625 0.50390625 0.05625 0.0515625
0 0.703125 0.49453125 0.05625 0.0515625
1 0.896875 0.58671875 0.05625 0.0515625
1 0.925 0.56796875 0.05625 0.0484375
1 0.85625 0.53359375 0.05625 0.0515625
1 0.840625 0.56015625 0.05625 0.0515625
1 0.7578125 0.61328125 0.05625 0.0515625
2 0.81328125 0.64921875 0.0578125 0.0515625
0 0.76875 0.60078125 0.05625 0.0515625
0 0.6890625 0.60859375 0.05625 0.0515625
1 0.78125 0.70078125 0.05625 0.0515625
1 0.8984375 0.67578125 0.05625 0.0515625
1 0.9640625 0.66640625 0.05625 0.0515625
1 0.98203125 0.74765625 0.0359375 0.0515625
1 0.9828125 0.54453125 0.034375 0.0515625
1 0.9875 0.52421875 0.025 0.0515625
0 0.959375 0.41328125 0.05625 0.0515625
1 0.95 0.48359375 0.05625 0.0515625
0 0.68359375 0.52578125 0.0578125 0.0515625
1 0.99140625 0.15234375 0.0171875 0.0515625
1 0.8046875 0.21328125 0.05625 0.0515625
0 0.7640625 0.23046875 0.05625 0.0515625
1 0.7078125 0.20390625 0.05625 0.0515625
0 0.6171875 0.36484375 0.05625 0.0515625
1 0.84375 0.65546875 0.05625 0.0515625
2 0.8375 0.64140625 0.05625 0.0515625
1 0.8640625 0.62421875 0.05625 0.0515625
0 0.8734375 0.62734375 0.05625 0.0515625
2 0.7953125 0.62265625 0.05625 0.0515625
1 0.99453125 0.30078125 0.0109375 0.0515625
0 0.9203125 0.22890625 0.05625 0.0515625
0 0.8375 0.39609375 0.05625 0.0515625
0 0.9375 0.63046875 0.05625 0.0515625