2 0.971875 0.01640625 0.05625 0.0328125
2 0.9796875 0.02109375 0.040625 0.0421875
2 0.97421875 0.04140625 0.0515625 0.0515625
1 0.95625 0.01953125 0.05625 0.0390625
1 0.94375 0.03828125 0.05625 0.0515625
1 0.9234375 0.01640625 0.05625 0.0328125
1 0.896875 0.05078125 0.05625 0.0515625
1 0.871875 0.07265625 0.05625 0.0515625
2 0.8578125 0.01015625 0.05625 0.0203125
1 0.9203125 0.00546875 0.05625 0.0109375
1 0.990625 0.0171875 0.01875 0.034375
0 0.9015625 0.27109375 0.05625 0.0515625
1 0.8578125 0.38515625 0.05625 0.0515625
1 0.940625 0.24453125 0.05625 0.0515625
1 0.8703125 0.23359375 0.05625 0.0515625
2 0.9171875 0.19296875 0.05625 0.0515625
0 0.909375 0.16953125 0.05625 0.0515625
1 0.9234375 0.13359375 0.05625 0.0515625
1 0.9765625 0.13828125 0.046875 0.0515625
1 0.8515625 0.15390625 0.05625 0.0515625
1 0.88125 0.13203125 0.05625 0.0515625
1 0.78125 0.18984375 0.05625 0.0515625
1 0.9046875 0.14609375 0.05625 0.0515625
0 0.828125 0.11484375 0.05625 0.0515625
1 0.7828125 0.08984375 0.05625 0.0515625
1 0.7703125 0.025 0.05625 0.05
1 0.71875 0.003125 0.05625 0.00625
0 0.7890625 0.0140625 0.05625 0.028125
0 0.646875 0.07578125 0.05625 0.0515625
1 0.8234375 0.04296875 0.05625 0.0515625
0 0.8046875 0.08671875 0.05625 0.0515625
1 0.815625 0.09453125 0.05625 0.0515625
0 0.8328125 0.08515625 0.05625 0.0515625
1 0.8421875 0.09609375 0.05625 0.0515625
0 0.753125 0.09921875 0.05625 0.0515625
0 0.7515625 0.11484375 0.05625 0.0515625
0 0.6828125 0.08359375 0.05625 0.0515625
1 0.73125 0.05078125 0.05625 0.0515625
0 0.7546875 0.07734375 0.05625 0.0515625
1 0.6078125 0.04765625 0.05625 0.0515625
1 0.703125 0.02578125 0.05625 0.0515625
2 0.6640625 0.03203125 0.05625 0.0515625
0 0.56875 0.02890625 0.05625 0.0515625
0 0.715625 0.19921875 0.05625 0.0515625
0 0.7359375 0.17421875 0.05625 0.0515625
0 0.7515625 0.16796875 0.05625 0.0515625
0 0.703125 0.15859375 0.05625 0.0515625
1 0.896875 0.25078125 0.05625 0.0515625
1 0.925 0.23203125 0.05625 0.0484375
1 0.85625 0.19765625 0.05625 0.0515625
1 0.840625 0.22421875 0.05625 0.0515625
1 0.7578125 0.27734375 0.05625 0.0515625
2 0.81328125 0.31328125 0.0578125 0.0515625
0 0.76875 0.26484375 0.05625 0.0515625
0 0.6890625 0.27265625 0.05625 0.0515625
1 0.78125 0.36484375 0.05625 0.0515625
1 0.8984375 0.33984375 0.05625 0.0515625
1 0.9640625 0.33046875 0.05625 0.0515625
1 0.98203125 0.41171875 0.0359375 0.0515625
1 0.9828125 0.20859375 0.034375 0.0515625
1 0.9875 0.18828125 0.025 0.0515625
0 0.959375 0.07734375 0.05625 0.0515625
1 0.95 0.14765625 0.05625 0.0515625
0 0.68359375 0.18984375 0.0578125 0.0515625
0 0.6171875 0.02890625 0.05625 0.0515625
1 0.84375 0.31953125 0.05625 0.0515625
2 0.8375 0.30546875 0.05625 0.0515625
1 0.8640625 0.28828125 0.05625 0.0515625
0 0.8734375 0.29140625 0.05625 0.0515625
2 0.7953125 0.28671875 0.05625 0.0515625
0 0.8375 0.06015625 0.05625 0.0515625
0 0.9375 0.29453125 0.05625 0.0515625