2 0.9296875 0.3546875 0.05625 0.053125
2 0.95703125 0.3625 0.0609375 0.059375
2 0.709375 0.40546875 0.05 0.0484375
2 0.67578125 0.3671875 0.0640625 0.059375
2 0.99140625 0.5953125 0.0171875 0.0625
2 0.9359375 0.7671875 0.05625 0.05
2 0.64609375 0.5625 0.0546875 0.05625
2 0.68046875 0.6078125 0.0515625 0.05625
2 0.746875 0.64296875 0.0625 0.0578125
2 0.98828125 0.4734375 0.0234375 0.053125
2 0.88359375 0.46328125 0.0515625 0.0546875
2 0.95390625 0.80390625 0.0671875 0.0578125
2 0.903125 0.78203125 0.059375 0.0609375
2 0.7078125 0.7921875 0.075 0.0625
2 0.6796875 0.665625 0.059375 0.05625
2 0.73984375 0.6859375 0.0609375 0.0625
2 0.7265625 0.621875 0.059375 0.05625
2 0.92109375 0.32734375 0.0578125 0.0484375
2 0.61484375 0.19140625 0.0671875 0.0609375
2 0.7734375 0.04921875 0.053125 0.0484375
2 0.9140625 0.03125 0.05625 0.05625
2 0.63984375 0.46953125 0.0515625 0.0578125
2 0.67109375 0.509375 0.0453125 0.040625
4 0.78984375 0.71875 0.0609375 0.05625
4 0.81796875 0.69609375 0.0578125 0.0515625
4 0.8375 0.71484375 0.0625 0.0578125
2 0.94453125 0.7546875 0.0484375 0.046875
2 0.7078125 0.63828125 0.06875 0.0546875
2 0.825 0.6453125 0.06875 0.05625
2 0.85859375 0.8859375 0.0640625 0.059375
2 0.9125 0.884375 0.071875 0.059375
2 0.8953125 0.8828125 0.071875 0.05625
2 0.84140625 0.8859375 0.0671875 0.059375
2 0.853125 0.71484375 0.05625 0.0546875
2 0.884375 0.76015625 0.059375 0.0546875
4 0.76171875 0.68828125 0.0609375 0.0546875
2 0.6625 0.36953125 0.04375 0.0390625
4 0.61640625 0.55703125 0.0546875 0.0578125
4 0.87734375 0.49296875 0.0578125 0.0484375
2 0.83203125 0.49765625 0.0578125 0.0578125
2 0.921875 0.465625 0.059375 0.046875
2 0.92734375 0.446875 0.0546875 0.046875
4 0.984375 0.346875 0.03125 0.059375
2 0.915625 0.0640625 0.0625 0.065625
2 0.96875 0.065625 0.059375 0.053125
2 0.79140625 0.13984375 0.0578125 0.0671875
2 0.8703125 0.36796875 0.053125 0.0484375
2 0.9078125 0.35625 0.059375 0.053125
2 0.94375 0.52578125 0.059375 0.0484375
2 0.9625 0.575 0.05625 0.053125
2 0.9328125 0.5921875 0.05625 0.05
2 0.94296875 0.33046875 0.0609375 0.0546875
2 0.709375 0.36015625 0.05625 0.0546875
2 0.97265625 0.140625 0.0546875 0.059375
4 0.84609375 0.0765625 0.0734375 0.065625
2 0.971875 0.0875 0.05625 0.059375
2 0.83984375 0.12109375 0.0546875 0.0484375
2 0.8640625 0.20390625 0.059375 0.0546875
2 0.89375 0.2 0.05 0.053125
2 0.996875 0.24140625 0.00625 0.0453125
2 0.99453125 0.27734375 0.0109375 0.0703125
2 0.909375 0.23984375 0.053125 0.0546875
2 0.8765625 0.2390625 0.053125 0.053125
2 0.9796875 0.4953125 0.040625 0.059375
2 0.86875 0.4734375 0.053125 0.05625
4 0.63828125 0.4109375 0.0578125 0.053125
2 0.9890625 0.5265625 0.021875 0.05
2 0.99140625 0.8046875 0.0171875 0.059375
2 0.9453125 0.6890625 0.059375 0.059375
2 0.9109375 0.80703125 0.05625 0.0515625
2 0.71953125 0.578125 0.0578125 0.05625
2 0.71015625 0.56796875 0.0734375 0.0640625
2 0.71328125 0.52890625 0.0734375 0.0609375
2 0.9125 0.60625 0.05 0.053125
2 0.7265625 0.55546875 0.071875 0.0609375
2 0.75703125 0.5078125 0.0578125 0.059375
2 0.93046875 0.3984375 0.0640625 0.05
4 0.67421875 0.428125 0.0578125 0.053125
4 0.85625 0.4265625 0.059375 0.053125
4 0.8390625 0.45078125 0.05 0.0484375
2 0.6921875 0.5015625 0.059375 0.05
2 0.78984375 0.46640625 0.0578125 0.0453125
2 0.74765625 0.37109375 0.0578125 0.0515625
2 0.828125 0.35703125 0.0625 0.0546875
2 0.8109375 0.31328125 0.059375 0.0546875
4 0.83984375 0.23203125 0.0640625 0.0546875
2 0.7828125 0.31953125 0.059375 0.0484375
4 0.73984375 0.315625 0.0671875 0.05625
2 0.734375 0.33046875 0.05 0.0546875
2 0.74609375 0.2125 0.0578125 0.05
2 0.7109375 0.31796875 0.053125 0.0546875
2 0.61484375 0.296875 0.0671875 0.053125
2 0.68828125 0.1984375 0.0609375 0.059375
2 0.84375 0.7359375 0.05625 0.05
2 0.92109375 0.11875 0.0609375 0.05625
2 0.89296875 0.140625 0.0546875 0.05
2 0.8296875 0.1453125 0.059375 0.053125
2 0.82421875 0.2140625 0.0640625 0.059375
2 0.834375 0.1671875 0.05625 0.046875
2 0.76875 0.15234375 0.0625 0.0640625
2 0.85390625 0.1828125 0.0578125 0.053125
2 0.75 0.1765625 0.0625 0.0625
2 0.73203125 0.19609375 0.0515625 0.0578125
2 0.978125 0.46171875 0.04375 0.0453125
2 0.96640625 0.4109375 0.0640625 0.065625
2 0.98125 0.43671875 0.0375 0.0578125
4 0.98984375 0.41875 0.0203125 0.053125
2 0.96640625 0.5078125 0.0640625 0.05625
2 0.915625 0.4078125 0.0625 0.05
2 0.88125 0.4203125 0.0625 0.053125
2 0.80078125 0.4890625 0.0578125 0.05625
2 0.815625 0.4015625 0.05625 0.05
4 0.7765625 0.45390625 0.053125 0.0453125
2 0.7203125 0.4046875 0.065625 0.059375
2 0.85859375 0.33828125 0.0515625 0.0515625
2 0.80859375 0.26484375 0.0578125 0.0515625
2 0.82734375 0.296875 0.0640625 0.059375
2 0.80390625 0.23671875 0.0640625 0.0578125
2 0.82421875 0.28203125 0.0640625 0.0578125
2 0.6890625 0.265625 0.05 0.053125
2 0.81171875 0.33828125 0.0640625 0.0578125
2 0.78984375 0.41640625 0.0578125 0.0484375
2 0.69375 0.4484375 0.065625 0.059375
2 0.625 0.346875 0.065625 0.059375
2 0.70078125 0.48671875 0.0546875 0.0484375
2 0.76328125 0.34765625 0.0640625 0.0578125
2 0.7 0.2953125 0.059375 0.053125
2 0.71171875 0.27578125 0.0546875 0.0515625
2 0.7609375 0.2484375 0.053125 0.046875
2 0.68828125 0.5765625 0.0546875 0.046875
2 0.884375 0.6203125 0.059375 0.05625
4 0.63828125 0.61484375 0.0640625 0.0578125
2 0.9140625 0.73203125 0.059375 0.0515625
2 0.8296875 0.7015625 0.053125 0.053125
2 0.8015625 0.5828125 0.059375 0.053125
2 0.71875 0.509375 0.06875 0.05625
2 0.9078125 0.690625 0.059375 0.05625
4 0.7921875 0.65859375 0.059375 0.0515625
2 0.803125 0.53515625 0.05625 0.0421875
2 0.965625 0.78046875 0.05625 0.0484375
2 0.928125 0.0953125 0.065625 0.05625
2 0.8078125 0.18046875 0.05 0.0515625
4 0.990625 0.07109375 0.01875 0.0484375
2 0.90234375 0.1640625 0.0546875 0.05
2 0.87890625 0.11953125 0.0578125 0.0546875
2 0.62109375 0.15234375 0.0671875 0.0609375
2 0.6265625 0.2875 0.053125 0.05625
4 0.86015625 0.08828125 0.0671875 0.0609375
2 0.58828125 0.21796875 0.0671875 0.0609375
2 0.58515625 0.32421875 0.0671875 0.0609375
2 0.73984375 0.39296875 0.0515625 0.0546875
4 0.86484375 0.55 0.0515625 0.05625
4 0.8375 0.590625 0.06875 0.05625
2 0.8765625 0.6328125 0.06875 0.05625
4 0.8390625 0.5640625 0.06875 0.05625
2 0.98671875 0.62734375 0.0265625 0.0515625
2 0.65859375 0.39140625 0.0484375 0.0453125
2 0.93203125 0.56328125 0.0578125 0.0515625
2 0.9859375 0.5546875 0.028125 0.05625
2 0.80703125 0.88125 0.0515625 0.05
2 0.8796875 0.84765625 0.0625 0.0484375
2 0.83125 0.8296875 0.075 0.0625
2 0.890625 0.8890625 0.05625 0.053125
2 0.965625 0.88359375 0.06875 0.0609375
2 0.940625 0.8828125 0.075 0.0625
2 0.9734375 0.8875 0.053125 0.05
2 0.9453125 0.87578125 0.065625 0.0546875
2 0.990625 0.84765625 0.01875 0.0515625
4 0.98125 0.8859375 0.0375 0.053125
2 0.98203125 0.73515625 0.0359375 0.0546875
2 0.97890625 0.7 0.0421875 0.0625
2 0.98828125 0.66640625 0.0234375 0.0515625
2 0.98671875 0.28671875 0.0265625 0.0546875
2 0.8140625 0.4796875 0.05625 0.053125
2 0.95390625 0.4703125 0.0515625 0.053125
2 0.921875 0.14453125 0.05 0.0515625
2 0.94140625 0.2609375 0.0515625 0.053125
2 0.865625 0.15859375 0.05 0.0515625
2 0.93515625 0.2234375 0.0515625 0.053125
2 0.87890625 0.28203125 0.0515625 0.0515625
4 0.9640625 0.28671875 0.05 0.0515625
4 0.8359375 0.27578125 0.05 0.0515625
2 0.9015625 0.31015625 0.05 0.0515625
2 0.89375 0.25546875 0.05 0.0515625
2 0.7703125 0.31953125 0.05 0.0515625
2 0.98984375 0.28046875 0.0203125 0.0515625
2 0.671875 0.33359375 0.05 0.0515625
4 0.76484375 0.43046875 0.0484375 0.0453125
2 0.93515625 0.49296875 0.0484375 0.0453125
2 0.91328125 0.50859375 0.0484375 0.0453125
2 0.6828125 0.2390625 0.059375 0.053125
2 0.64453125 0.19296875 0.0578125 0.0515625
2 0.64453125 0.17578125 0.0671875 0.0609375
0 0.7234375 0.221875 0.05625 0.053125
2 0.77734375 0.19375 0.0671875 0.059375
2 0.7203125 0.25703125 0.059375 0.0515625
3 0.659375 0.32890625 0.059375 0.0578125
4 0.73046875 0.44296875 0.0546875 0.0515625
2 0.86953125 0.40078125 0.0546875 0.0546875
2 0.8953125 0.5421875 0.05625 0.05625
2 0.55703125 0.46796875 0.0515625 0.0515625
2 0.75703125 0.4078125 0.0515625 0.05
2 0.70078125 0.33828125 0.0546875 0.0546875
2 0.8 0.3875 0.05625 0.05
2 0.7515625 0.73984375 0.059375 0.0515625
2 0.85625 0.67421875 0.059375 0.0515625
2 0.93359375 0.71796875 0.0609375 0.0515625
2 0.95625 0.71328125 0.059375 0.0515625
2 0.98046875 0.52734375 0.0390625 0.0515625
2 0.86875 0.80390625 0.059375 0.0515625
2 0.94375 0.61328125 0.059375 0.0515625
2 0.9375 0.66796875 0.059375 0.0515625
2 0.9828125 0.70390625 0.034375 0.0515625
2 0.9890625 0.81328125 0.021875 0.0515625
2 0.9890625 0.76796875 0.021875 0.0515625
2 0.80625 0.7546875 0.065625 0.05625
2 0.99453125 0.88125 0.0109375 0.065625
2 0.85 0.78203125 0.059375 0.0515625
2 0.978125 0.76015625 0.04375 0.0515625
2 0.89140625 0.86796875 0.0640625 0.0515625
2 0.9015625 0.8171875 0.05625 0.05
4 0.97734375 0.9203125 0.0453125 0.04375
2 0.9625 0.63203125 0.053125 0.0515625
2 0.9546875 0.265625 0.05 0.053125
2 0.98203125 0.24375 0.0359375 0.059375
2 0.8484375 0.146875 0.05 0.053125
2 0.9515625 0.21015625 0.05 0.0515625
2 0.996875 0.44375 0.00625 0.05625
4 0.809375 0.43984375 0.053125 0.0484375
2 0.9734375 0.33203125 0.053125 0.0515625
2 0.98515625 0.37421875 0.0296875 0.0546875
2 0.9640625 0.22734375 0.05 0.0515625
2 0.871875 0.18515625 0.05 0.0453125
2 0.90546875 0.38515625 0.0609375 0.0546875
2 0.89609375 0.3359375 0.0515625 0.053125
2 0.84453125 0.34609375 0.0484375 0.0484375
2 0.88203125 0.43125 0.0578125 0.05
2 0.92734375 0.85390625 0.0640625 0.0515625
2 0.7828125 0.88984375 0.065625 0.0515625
2 0.66875 0.21171875 0.059375 0.0546875
2 0.75859375 0.15703125 0.0671875 0.0609375
2 0.9625 0.16484375 0.05 0.0515625
0 0.940625 0.15234375 0.05 0.0515625
2 0.946875 0.10390625 0.0625 0.0546875
2 0.915625 0.20703125 0.05 0.0515625
0 0.7890625 0.19609375 0.05 0.0515625
2 0.8765625 0.30234375 0.05 0.0515625
2 0.7734375 0.23984375 0.05 0.0515625
2 0.996875 0.3265625 0.00625 0.053125
2 0.7515625 0.28203125 0.059375 0.0546875
2 0.68984375 0.271875 0.0609375 0.046875
2 0.7671875 0.60703125 0.059375 0.0515625
4 0.85 0.61484375 0.059375 0.0515625
2 0.7546875 0.65859375 0.059375 0.0515625
2 0.98046875 0.59296875 0.0390625 0.0515625
2 0.8171875 0.60234375 0.059375 0.0515625
2 0.89375 0.72109375 0.059375 0.0515625
2 0.98984375 0.82265625 0.0203125 0.0578125
2 0.98125 0.38828125 0.0375 0.0484375
2 0.903125 0.56953125 0.059375 0.0515625
2 0.95 0.54453125 0.059375 0.0515625
4 0.89609375 0.05625 0.0578125 0.05625
2 0.7875 0.26640625 0.05 0.0515625
2 0.9609375 0.25546875 0.05 0.0515625
2 0.9140625 0.26796875 0.05 0.0515625
2 0.84765625 0.384375 0.0609375 0.05
2 0.63515625 0.44921875 0.0484375 0.0453125
2 0.59765625 0.5546875 0.0546875 0.053125
2 0.5703125 0.59921875 0.059375 0.0515625
4 0.803125 0.63046875 0.059375 0.0515625
2 0.78046875 0.515625 0.0578125 0.053125
2 0.98671875 0.39921875 0.0265625 0.0515625
2 0.746875 0.58046875 0.059375 0.0515625
2 0.978125 0.65546875 0.04375 0.0515625
2 0.81875 0.81640625 0.059375 0.0515625
2 0.98046875 0.20078125 0.0390625 0.0578125
2 0.80390625 0.88984375 0.0671875 0.0484375
2 0.96484375 0.84921875 0.0640625 0.0515625
2 0.971875 0.8890625 0.05625 0.053125
2 0.975 0.76796875 0.05 0.0515625
2 0.59453125 0.23515625 0.0671875 0.0609375
2 0.6421875 0.2734375 0.0625 0.05625
0 0.65546875 0.18828125 0.0671875 0.0609375
2 0.66953125 0.15078125 0.0671875 0.0609375
4 0.80859375 0.07421875 0.0671875 0.0609375
3 0.83828125 0.04921875 0.0671875 0.0609375
2 0.9765625 0.296875 0.046875 0.053125
0 0.5953125 0.253125 0.05625 0.053125
2 0.98515625 0.16015625 0.0296875 0.0515625
2 0.70546875 0.65546875 0.0546875 0.0484375
2 0.9765625 0.80234375 0.046875 0.0578125
2 0.928125 0.16328125 0.05 0.0515625
2 0.9109375 0.63359375 0.059375 0.0515625
2 0.703125 0.47734375 0.059375 0.0515625
2 0.97734375 0.87265625 0.0453125 0.0578125
4 0.67109375 0.62734375 0.0640625 0.0515625
2 0.6640625 0.57578125 0.065625 0.0515625
2 0.83046875 0.79453125 0.0640625 0.0515625
2 0.9921875 0.14765625 0.015625 0.0515625
2 0.7421875 0.48046875 0.0625 0.0546875
2 0.68671875 0.40234375 0.0484375 0.0453125
2 0.99375 0.70390625 0.0125 0.0484375
0 0.990625 0.64296875 0.01875 0.0484375
2 0.6484375 0.50703125 0.05625 0.0546875
0 0.78359375 0.06953125 0.0671875 0.0609375
0 0.9453125 0.19140625 0.05 0.0515625
0 0.7078125 0.225 0.05625 0.053125
2 0.97890625 0.2515625 0.0421875 0.05
0 0.76640625 0.79921875 0.0640625 0.0515625
2 0.93515625 0.83828125 0.0640625 0.0515625
0 0.76171875 0.7828125 0.0640625 0.053125
0 0.859375 0.48203125 0.059375 0.0515625
0 0.9953125 0.35703125 0.009375 0.0515625
2 0.77890625 0.43046875 0.0546875 0.0546875
0 0.9328125 0.43359375 0.059375 0.0515625
0 0.940625 0.37109375 0.059375 0.0515625
2 0.8125 0.4359375 0.05625 0.053125