2 0.01484375 0.28984375 0.0296875 0.0609375
2 0.01953125 0.31171875 0.0390625 0.0515625
2 0.01953125 0.36015625 0.0390625 0.0515625
3 0.0265625 0.078125 0.053125 0.059375
2 0.2328125 0.05078125 0.078125 0.0640625
2 0.1125 0.003125 0.05625 0.00625
2 0.14375 0.021875 0.06875 0.04375
4 0.02265625 0.028125 0.0453125 0.05625
2 0.0859375 0.2265625 0.053125 0.05625
2 0.07265625 0.28984375 0.0640625 0.0546875
0 0.09765625 0.34375 0.0546875 0.065625
2 0.0140625 0.38515625 0.028125 0.0578125
4 0.05625 0.4265625 0.0625 0.05625
4 0.1421875 0.45703125 0.05625 0.0546875
2 0.25234375 0.3875 0.0734375 0.075
2 0.24375 0.565625 0.05625 0.053125
2 0.1453125 0.57421875 0.05625 0.0453125
2 0.0671875 0.48125 0.059375 0.0625
2 0.09609375 0.49453125 0.0640625 0.0609375
2 0.16171875 0.60234375 0.0609375 0.0609375
2 0.0921875 0.5859375 0.06875 0.05625
2 0.06328125 0.62890625 0.0609375 0.0515625
2 0.0671875 0.746875 0.059375 0.059375
2 0.07109375 0.6859375 0.0640625 0.059375
2 0.015625 0.634375 0.03125 0.05625
2 0.0484375 0.54921875 0.0625 0.0578125
2 0.0359375 0.58359375 0.065625 0.0578125
2 0.0203125 0.54296875 0.040625 0.0546875
4 0.01484375 0.54609375 0.0296875 0.0484375
2 0.02421875 0.71015625 0.0484375 0.0578125
2 0.00859375 0.77578125 0.0171875 0.0546875
2 0.05390625 0.35078125 0.0640625 0.0578125
2 0.01796875 0.44765625 0.0359375 0.0609375
2 0.03046875 0.48046875 0.0609375 0.0578125
2 0.0171875 0.5140625 0.034375 0.065625
2 0.0390625 0.83203125 0.059375 0.0578125
2 0.34453125 0.4125 0.0734375 0.075
2 0.28359375 0.31875 0.0734375 0.075
2 0.2609375 0.53125 0.065625 0.059375
2 0.1546875 0.4390625 0.0625 0.05625
2 0.1609375 0.28046875 0.05625 0.0484375
2 0.1875 0.2703125 0.065625 0.059375
2 0.1125 0.25078125 0.059375 0.0578125
4 0.125 0.2875 0.059375 0.053125
0 0.08984375 0.2359375 0.0734375 0.075
2 0.0328125 0.2796875 0.0625 0.05625
2 0.059375 0.3078125 0.059375 0.053125
2 0.33203125 0.325 0.0734375 0.075
2 0.22421875 0.54765625 0.0609375 0.0546875
2 0.17890625 0.6453125 0.0640625 0.065625
2 0.23515625 0.4890625 0.0671875 0.065625
2 0.01171875 0.0171875 0.0234375 0.034375
3 0.01015625 0.0234375 0.0203125 0.046875
2 0.0484375 0.1078125 0.05625 0.053125
2 0.12421875 0.10625 0.0546875 0.053125
2 0.0390625 0.15625 0.05625 0.053125
2 0.0125 0.215625 0.025 0.05625
4 0.0515625 0.76328125 0.059375 0.0578125
4 0.01484375 0.85546875 0.0296875 0.0578125
2 0.0421875 0.74296875 0.059375 0.0578125
2 0.028125 0.77421875 0.05625 0.0578125
2 0.08125 0.78046875 0.059375 0.0578125
2 0.14375 0.67421875 0.059375 0.0578125
2 0.0328125 0.72265625 0.059375 0.0578125
2 0.053125 0.82109375 0.059375 0.0578125
2 0.11875 0.70078125 0.059375 0.0578125
2 0.1296875 0.6359375 0.059375 0.059375
2 0.02578125 0.62109375 0.0515625 0.0578125
2 0.009375 0.70859375 0.01875 0.0578125
2 0.103125 0.78984375 0.059375 0.0578125
2 0.00859375 0.40078125 0.0171875 0.0484375
2 0.07421875 0.40078125 0.0546875 0.0484375
4 0.14140625 0.39765625 0.0578125 0.0546875
0 0.07890625 0.36484375 0.0546875 0.0484375
2 0.134375 0.0546875 0.0625 0.059375
2 0.1390625 0.0234375 0.0625 0.046875
2 0.15 0.0921875 0.05625 0.053125
2 0.2390625 0.22109375 0.065625 0.0609375
2 0.0796875 0.1328125 0.05625 0.053125
4 0.234375 0.275 0.05625 0.053125
0 0.028125 0.178125 0.05625 0.053125
2 0.11875 0.178125 0.05625 0.053125
2 0.0171875 0.40859375 0.034375 0.0546875
2 0.01640625 0.79921875 0.0328125 0.0578125
2 0.17109375 0.60625 0.0640625 0.065625
2 0.10078125 0.621875 0.0546875 0.059375
2 0.18984375 0.61875 0.0640625 0.065625
2 0.07578125 0.58984375 0.0640625 0.0609375
2 0.09921875 0.5671875 0.0578125 0.046875
2 0.00859375 0.56953125 0.0171875 0.0609375
2 0.01953125 0.60234375 0.0390625 0.0609375
2 0.00546875 0.5140625 0.0109375 0.059375
2 0.1015625 0.45390625 0.053125 0.0546875
4 0.09296875 0.51171875 0.0640625 0.0609375
2 0.1484375 0.421875 0.0625 0.05625
2 0.040625 0.4234375 0.0625 0.05625
2 0.084375 0.4234375 0.0625 0.05625
2 0.303125 0.5453125 0.0625 0.05625
0 0.175 0.4328125 0.0625 0.05625
2 0.17421875 0.4046875 0.0546875 0.05625
3 0.1734375 0.4625 0.0625 0.05625
2 0.153125 0.525 0.0625 0.05625
2 0.30625 0.4484375 0.0625 0.05625
2 0.24375 0.36484375 0.071875 0.0640625
0 0.18125 0.34375 0.0625 0.05625
2 0.2359375 0.4203125 0.0625 0.05625
0 0.115625 0.30234375 0.05625 0.0484375
0 0.0609375 0.29609375 0.05625 0.0484375
2 0.146875 0.25078125 0.05625 0.0484375
2 0.10390625 0.29296875 0.0578125 0.0484375
4 0.0890625 0.3125 0.06875 0.05625
0 0.025 0.31171875 0.05 0.0484375
2 0.1046875 0.2046875 0.05625 0.053125
2 0.06875 0.20625 0.05625 0.053125
2 0.0421875 0.20625 0.05625 0.053125
2 0.0359375 0.0609375 0.05625 0.065625
2 0.0890625 0.0890625 0.0625 0.059375
2 0.0921875 0.0640625 0.0625 0.059375
2 0.134375 0.0828125 0.05625 0.053125
2 0.2640625 0.07578125 0.0625 0.0609375
2 0.1515625 0.1421875 0.05625 0.053125
2 0.01796875 0.82578125 0.0359375 0.0578125
2 0.00859375 0.73984375 0.0171875 0.0578125
2 0.0421875 0.65078125 0.059375 0.0578125
2 0.025 0.66328125 0.05 0.0578125
2 0.1125 0.67109375 0.059375 0.0578125
0 0.190625 0.253125 0.05625 0.053125
0 0.1484375 0.2421875 0.05625 0.053125
0 0.165625 0.1828125 0.05625 0.053125
2 0.10859375 0.73046875 0.0640625 0.0578125
2 0.12421875 0.53046875 0.0640625 0.0609375
2 0.103125 0.03671875 0.05625 0.0609375
2 0.0703125 0.02109375 0.05625 0.0421875
2 0.259375 0.11875 0.05625 0.053125
0 0.025 0.1953125 0.05 0.053125
2 0.009375 0.240625 0.01875 0.053125
0 0.07265625 0.2640625 0.0578125 0.05625
2 0.02265625 0.50234375 0.0453125 0.0609375
2 0.0828125 0.8078125 0.053125 0.046875
2 0.00625 0.8578125 0.0125 0.046875
2 0.01171875 0.046875 0.0234375 0.053125
2 0.02578125 0.0984375 0.0515625 0.053125
0 0.00390625 0.159375 0.0078125 0.053125
2 0.10625 0.1640625 0.05625 0.053125
0 0.10234375 0.37265625 0.0546875 0.0484375
2 0.025 0.38671875 0.05 0.0484375
2 0.08515625 0.36953125 0.0546875 0.0484375
2 0.159375 0.6546875 0.0625 0.05625
2 0.1609375 0.490625 0.0625 0.05625
4 0.21875 0.509375 0.0625 0.05625
2 0.00390625 0.2546875 0.0078125 0.053125
2 0.2734375 0.5046875 0.0625 0.05625
2 0.3015625 0.0828125 0.05625 0.053125
0 0.140625 0.190625 0.05625 0.053125
2 0.1796875 0.5390625 0.0625 0.05625
0 0.215625 0.32421875 0.05625 0.0484375
2 0.01015625 0.32890625 0.0203125 0.0484375
0 0.18125 0.32109375 0.05625 0.0484375
0 0.175 0.365625 0.0625 0.05625
2 0.1625 0.3578125 0.0625 0.05625
0 0.03203125 0.00625 0.0640625 0.0125