2 0.01484375 0.62578125 0.0296875 0.0609375
2 0.01953125 0.64765625 0.0390625 0.0515625
2 0.01953125 0.69609375 0.0390625 0.0515625
3 0.0265625 0.4140625 0.053125 0.059375
2 0.2328125 0.38671875 0.078125 0.0640625
2 0.1125 0.31171875 0.05625 0.0609375
2 0.14375 0.346875 0.06875 0.065625
4 0.02265625 0.36171875 0.0453125 0.0609375
2 0.0859375 0.5625 0.053125 0.05625
2 0.07265625 0.62578125 0.0640625 0.0546875
0 0.09765625 0.6796875 0.0546875 0.065625
2 0.0140625 0.72109375 0.028125 0.0578125
4 0.05625 0.7625 0.0625 0.05625
4 0.1421875 0.79296875 0.05625 0.0546875
2 0.25234375 0.7234375 0.0734375 0.075
2 0.24375 0.9015625 0.05625 0.053125
2 0.1453125 0.91015625 0.05625 0.0453125
2 0.0671875 0.8171875 0.059375 0.0625
2 0.09609375 0.83046875 0.0640625 0.0609375
2 0.16171875 0.93828125 0.0609375 0.0609375
2 0.0921875 0.921875 0.06875 0.05625
2 0.06328125 0.96484375 0.0609375 0.0515625
2 0.07109375 0.99609375 0.0640625 0.0078125
2 0.015625 0.9703125 0.03125 0.05625
2 0.0484375 0.88515625 0.0625 0.0578125
2 0.0359375 0.91953125 0.065625 0.0578125
2 0.0203125 0.87890625 0.040625 0.0546875
4 0.01484375 0.88203125 0.0296875 0.0484375
2 0.05390625 0.68671875 0.0640625 0.0578125
2 0.01796875 0.78359375 0.0359375 0.0609375
2 0.03046875 0.81640625 0.0609375 0.0578125
2 0.0171875 0.85 0.034375 0.065625
2 0.34453125 0.7484375 0.0734375 0.075
2 0.28359375 0.6546875 0.0734375 0.075
2 0.2609375 0.8671875 0.065625 0.059375
2 0.1546875 0.775 0.0625 0.05625
2 0.1609375 0.61640625 0.05625 0.0484375
2 0.1875 0.60625 0.065625 0.059375
2 0.1125 0.58671875 0.059375 0.0578125
4 0.125 0.6234375 0.059375 0.053125
0 0.08984375 0.571875 0.0734375 0.075
2 0.0328125 0.615625 0.0625 0.05625
2 0.059375 0.64375 0.059375 0.053125
2 0.33203125 0.6609375 0.0734375 0.075
2 0.22421875 0.88359375 0.0609375 0.0546875
2 0.17890625 0.97421875 0.0640625 0.0515625
2 0.23515625 0.825 0.0671875 0.065625
3 0.01484375 0.31796875 0.0296875 0.0609375
2 0.01171875 0.33984375 0.0234375 0.0609375
3 0.01015625 0.35234375 0.0203125 0.0609375
2 0.0484375 0.44375 0.05625 0.053125
2 0.12421875 0.4421875 0.0546875 0.053125
2 0.0390625 0.4921875 0.05625 0.053125
2 0.0125 0.5515625 0.025 0.05625
2 0.14375 0.990625 0.059375 0.01875
2 0.1296875 0.97109375 0.059375 0.0578125
2 0.02578125 0.95703125 0.0515625 0.0578125
2 0.00859375 0.73671875 0.0171875 0.0484375
2 0.07421875 0.73671875 0.0546875 0.0484375
4 0.14140625 0.73359375 0.0578125 0.0546875
0 0.07890625 0.70078125 0.0546875 0.0484375
2 0.134375 0.390625 0.0625 0.059375
2 0.1390625 0.353125 0.0625 0.059375
2 0.0828125 0.309375 0.0625 0.059375
2 0.15 0.428125 0.05625 0.053125
2 0.2390625 0.55703125 0.065625 0.0609375
2 0.0796875 0.46875 0.05625 0.053125
4 0.234375 0.6109375 0.05625 0.053125
0 0.028125 0.5140625 0.05625 0.053125
2 0.11875 0.5140625 0.05625 0.053125
2 0.0171875 0.74453125 0.034375 0.0546875
2 0.17109375 0.9421875 0.0640625 0.065625
2 0.10078125 0.9578125 0.0546875 0.059375
2 0.18984375 0.9546875 0.0640625 0.065625
2 0.07578125 0.92578125 0.0640625 0.0609375
2 0.09921875 0.903125 0.0578125 0.046875
2 0.00859375 0.90546875 0.0171875 0.0609375
2 0.01953125 0.93828125 0.0390625 0.0609375
2 0.00546875 0.85 0.0109375 0.059375
2 0.1015625 0.78984375 0.053125 0.0546875
4 0.09296875 0.84765625 0.0640625 0.0609375
2 0.1484375 0.7578125 0.0625 0.05625
2 0.040625 0.759375 0.0625 0.05625
2 0.084375 0.759375 0.0625 0.05625
2 0.303125 0.88125 0.0625 0.05625
0 0.175 0.76875 0.0625 0.05625
2 0.17421875 0.740625 0.0546875 0.05625
3 0.1734375 0.7984375 0.0625 0.05625
2 0.153125 0.8609375 0.0625 0.05625
2 0.30625 0.784375 0.0625 0.05625
2 0.24375 0.70078125 0.071875 0.0640625
0 0.18125 0.6796875 0.0625 0.05625
2 0.2359375 0.75625 0.0625 0.05625
0 0.115625 0.63828125 0.05625 0.0484375
0 0.0609375 0.63203125 0.05625 0.0484375
2 0.146875 0.58671875 0.05625 0.0484375
2 0.10390625 0.62890625 0.0578125 0.0484375
4 0.0890625 0.6484375 0.06875 0.05625
0 0.025 0.64765625 0.05 0.0484375
2 0.1046875 0.540625 0.05625 0.053125
2 0.06875 0.5421875 0.05625 0.053125
2 0.0421875 0.5421875 0.05625 0.053125
2 0.0359375 0.396875 0.05625 0.065625
2 0.0890625 0.425 0.0625 0.059375
2 0.0921875 0.4 0.0625 0.059375
2 0.134375 0.41875 0.05625 0.053125
2 0.2640625 0.41171875 0.0625 0.0609375
2 0.1515625 0.478125 0.05625 0.053125
2 0.0421875 0.97890625 0.059375 0.0421875
2 0.025 0.98515625 0.05 0.0296875
2 0.1125 0.9890625 0.059375 0.021875
0 0.190625 0.5890625 0.05625 0.053125
0 0.1484375 0.578125 0.05625 0.053125
0 0.165625 0.51875 0.05625 0.053125
2 0.12421875 0.86640625 0.0640625 0.0609375
2 0.103125 0.37265625 0.05625 0.0609375
2 0.0703125 0.34765625 0.05625 0.0609375
2 0.259375 0.4546875 0.05625 0.053125
0 0.025 0.53125 0.05 0.053125
2 0.009375 0.5765625 0.01875 0.053125
0 0.07265625 0.6 0.0578125 0.05625
2 0.02265625 0.83828125 0.0453125 0.0609375
2 0.01171875 0.3828125 0.0234375 0.053125
2 0.02578125 0.434375 0.0515625 0.053125
0 0.00390625 0.4953125 0.0078125 0.053125
2 0.10625 0.5 0.05625 0.053125
0 0.10234375 0.70859375 0.0546875 0.0484375
2 0.025 0.72265625 0.05 0.0484375
2 0.08515625 0.70546875 0.0546875 0.0484375
2 0.159375 0.98125 0.0625 0.0375
2 0.1609375 0.8265625 0.0625 0.05625
4 0.21875 0.8453125 0.0625 0.05625
2 0.00390625 0.590625 0.0078125 0.053125
2 0.2734375 0.840625 0.0625 0.05625
2 0.3015625 0.41875 0.05625 0.053125
0 0.140625 0.5265625 0.05625 0.053125
2 0.1796875 0.875 0.0625 0.05625
0 0.215625 0.66015625 0.05625 0.0484375
2 0.01015625 0.66484375 0.0203125 0.0484375
0 0.18125 0.65703125 0.05625 0.0484375
0 0.175 0.7015625 0.0625 0.05625
2 0.1625 0.69375 0.0625 0.05625
2 0.01796875 0.29453125 0.0359375 0.0609375
0 0.03203125 0.31796875 0.0640625 0.0609375