2 0.9296875 0.690625 0.05625 0.053125
2 0.95703125 0.6984375 0.0609375 0.059375
2 0.709375 0.74140625 0.05 0.0484375
2 0.67578125 0.703125 0.0640625 0.059375
2 0.99140625 0.93125 0.0171875 0.0625
2 0.64609375 0.8984375 0.0546875 0.05625
2 0.68046875 0.94375 0.0515625 0.05625
2 0.746875 0.975 0.0625 0.05
2 0.98828125 0.809375 0.0234375 0.053125
2 0.88359375 0.79921875 0.0515625 0.0546875
2 0.6796875 0.98671875 0.059375 0.0265625
2 0.73984375 0.9953125 0.0609375 0.009375
2 0.7265625 0.9578125 0.059375 0.05625
2 0.92109375 0.66328125 0.0578125 0.0484375
2 0.61484375 0.52734375 0.0671875 0.0609375
2 0.7734375 0.38515625 0.053125 0.0484375
2 0.9140625 0.3671875 0.05625 0.05625
2 0.63984375 0.80546875 0.0515625 0.0578125
2 0.67109375 0.8453125 0.0453125 0.040625
2 0.7078125 0.9734375 0.06875 0.053125
2 0.825 0.9765625 0.06875 0.046875
2 0.6625 0.70546875 0.04375 0.0390625
4 0.61640625 0.89296875 0.0546875 0.0578125
4 0.87734375 0.82890625 0.0578125 0.0484375
2 0.83203125 0.83359375 0.0578125 0.0578125
2 0.921875 0.8015625 0.059375 0.046875
2 0.92734375 0.7828125 0.0546875 0.046875
4 0.984375 0.6828125 0.03125 0.059375
2 0.915625 0.4 0.0625 0.065625
2 0.96875 0.4015625 0.059375 0.053125
2 0.79140625 0.47578125 0.0578125 0.0671875
2 0.8703125 0.70390625 0.053125 0.0484375
2 0.9078125 0.6921875 0.059375 0.053125
2 0.94375 0.86171875 0.059375 0.0484375
2 0.9625 0.9109375 0.05625 0.053125
2 0.9328125 0.928125 0.05625 0.05
2 0.94296875 0.66640625 0.0609375 0.0546875
2 0.709375 0.69609375 0.05625 0.0546875
2 0.97265625 0.4765625 0.0546875 0.059375
4 0.84609375 0.4125 0.0734375 0.065625
2 0.971875 0.4234375 0.05625 0.059375
2 0.83984375 0.45703125 0.0546875 0.0484375
2 0.8640625 0.53984375 0.059375 0.0546875
2 0.89375 0.5359375 0.05 0.053125
2 0.996875 0.57734375 0.00625 0.0453125
2 0.99453125 0.61328125 0.0109375 0.0703125
2 0.909375 0.57578125 0.053125 0.0546875
2 0.8765625 0.575 0.053125 0.053125
2 0.9796875 0.83125 0.040625 0.059375
2 0.86875 0.809375 0.053125 0.05625
4 0.63828125 0.746875 0.0578125 0.053125
2 0.9890625 0.8625 0.021875 0.05
2 0.71953125 0.9140625 0.0578125 0.05625
2 0.71015625 0.90390625 0.0734375 0.0640625
2 0.71328125 0.86484375 0.0734375 0.0609375
2 0.9125 0.9421875 0.05 0.053125
2 0.7265625 0.89140625 0.071875 0.0609375
2 0.75703125 0.84375 0.0578125 0.059375
2 0.93046875 0.734375 0.0640625 0.05
4 0.67421875 0.7640625 0.0578125 0.053125
4 0.85625 0.7625 0.059375 0.053125
4 0.8390625 0.78671875 0.05 0.0484375
2 0.6921875 0.8375 0.059375 0.05
2 0.78984375 0.80234375 0.0578125 0.0453125
2 0.74765625 0.70703125 0.0578125 0.0515625
2 0.828125 0.69296875 0.0625 0.0546875
2 0.8109375 0.64921875 0.059375 0.0546875
4 0.83984375 0.56796875 0.0640625 0.0546875
2 0.7828125 0.65546875 0.059375 0.0484375
4 0.73984375 0.6515625 0.0671875 0.05625
2 0.734375 0.66640625 0.05 0.0546875
2 0.74609375 0.5484375 0.0578125 0.05
2 0.7109375 0.65390625 0.053125 0.0546875
2 0.61484375 0.6328125 0.0671875 0.053125
2 0.68828125 0.534375 0.0609375 0.059375
2 0.92109375 0.4546875 0.0609375 0.05625
2 0.89296875 0.4765625 0.0546875 0.05
2 0.8296875 0.48125 0.059375 0.053125
2 0.82421875 0.55 0.0640625 0.059375
2 0.834375 0.503125 0.05625 0.046875
2 0.76875 0.48828125 0.0625 0.0640625
2 0.85390625 0.51875 0.0578125 0.053125
2 0.75 0.5125 0.0625 0.0625
2 0.73203125 0.53203125 0.0515625 0.0578125
2 0.978125 0.79765625 0.04375 0.0453125
2 0.96640625 0.746875 0.0640625 0.065625
2 0.98125 0.77265625 0.0375 0.0578125
4 0.98984375 0.7546875 0.0203125 0.053125
2 0.96640625 0.84375 0.0640625 0.05625
2 0.915625 0.74375 0.0625 0.05
2 0.88125 0.75625 0.0625 0.053125
2 0.80078125 0.825 0.0578125 0.05625
2 0.815625 0.7375 0.05625 0.05
4 0.7765625 0.78984375 0.053125 0.0453125
2 0.7203125 0.740625 0.065625 0.059375
2 0.85859375 0.67421875 0.0515625 0.0515625
2 0.80859375 0.60078125 0.0578125 0.0515625
2 0.82734375 0.6328125 0.0640625 0.059375
2 0.80390625 0.57265625 0.0640625 0.0578125
2 0.82421875 0.61796875 0.0640625 0.0578125
2 0.6890625 0.6015625 0.05 0.053125
2 0.81171875 0.67421875 0.0640625 0.0578125
2 0.78984375 0.75234375 0.0578125 0.0484375
2 0.69375 0.784375 0.065625 0.059375
2 0.625 0.6828125 0.065625 0.059375
2 0.70078125 0.82265625 0.0546875 0.0484375
2 0.76328125 0.68359375 0.0640625 0.0578125
2 0.7 0.63125 0.059375 0.053125
2 0.71171875 0.61171875 0.0546875 0.0515625
2 0.7609375 0.584375 0.053125 0.046875
2 0.68828125 0.9125 0.0546875 0.046875
2 0.884375 0.95625 0.059375 0.05625
4 0.63828125 0.95078125 0.0640625 0.0578125
2 0.8015625 0.91875 0.059375 0.053125
2 0.71875 0.8453125 0.06875 0.05625
4 0.7921875 0.984375 0.059375 0.03125
2 0.803125 0.87109375 0.05625 0.0421875
2 0.928125 0.43125 0.065625 0.05625
2 0.8078125 0.51640625 0.05 0.0515625
4 0.990625 0.40703125 0.01875 0.0484375
2 0.90234375 0.5 0.0546875 0.05
2 0.87890625 0.45546875 0.0578125 0.0546875
2 0.62109375 0.48828125 0.0671875 0.0609375
2 0.6265625 0.6234375 0.053125 0.05625
4 0.86015625 0.42421875 0.0671875 0.0609375
2 0.58828125 0.55390625 0.0671875 0.0609375
2 0.58515625 0.66015625 0.0671875 0.0609375
2 0.73984375 0.72890625 0.0515625 0.0546875
4 0.86484375 0.8859375 0.0515625 0.05625
4 0.8375 0.9265625 0.06875 0.05625
2 0.8765625 0.96875 0.06875 0.05625
4 0.8390625 0.9 0.06875 0.05625
2 0.98671875 0.96328125 0.0265625 0.0515625
2 0.65859375 0.72734375 0.0484375 0.0453125
2 0.93203125 0.89921875 0.0578125 0.0515625
2 0.9859375 0.890625 0.028125 0.05625
2 0.98828125 0.98828125 0.0234375 0.0234375
2 0.98671875 0.62265625 0.0265625 0.0546875
2 0.8140625 0.815625 0.05625 0.053125
2 0.95390625 0.80625 0.0515625 0.053125
2 0.921875 0.48046875 0.05 0.0515625
2 0.94140625 0.596875 0.0515625 0.053125
2 0.865625 0.49453125 0.05 0.0515625
2 0.93515625 0.559375 0.0515625 0.053125
2 0.87890625 0.61796875 0.0515625 0.0515625
4 0.9640625 0.62265625 0.05 0.0515625
4 0.8359375 0.61171875 0.05 0.0515625
2 0.9015625 0.64609375 0.05 0.0515625
2 0.89375 0.59140625 0.05 0.0515625
2 0.7703125 0.65546875 0.05 0.0515625
2 0.98984375 0.61640625 0.0203125 0.0515625
2 0.671875 0.66953125 0.05 0.0515625
4 0.76484375 0.76640625 0.0484375 0.0453125
2 0.93515625 0.82890625 0.0484375 0.0453125
2 0.91328125 0.84453125 0.0484375 0.0453125
2 0.6828125 0.575 0.059375 0.053125
2 0.64453125 0.52890625 0.0578125 0.0515625
2 0.64453125 0.51171875 0.0671875 0.0609375
0 0.7234375 0.5578125 0.05625 0.053125
2 0.77734375 0.5296875 0.0671875 0.059375
2 0.7203125 0.59296875 0.059375 0.0515625
3 0.659375 0.66484375 0.059375 0.0578125
4 0.73046875 0.77890625 0.0546875 0.0515625
2 0.86953125 0.73671875 0.0546875 0.0546875
2 0.8953125 0.878125 0.05625 0.05625
2 0.55703125 0.80390625 0.0515625 0.0515625
2 0.75703125 0.74375 0.0515625 0.05
2 0.70078125 0.67421875 0.0546875 0.0546875
2 0.8 0.7234375 0.05625 0.05
2 0.85625 0.9921875 0.059375 0.015625
2 0.98046875 0.86328125 0.0390625 0.0515625
2 0.94375 0.94921875 0.059375 0.0515625
2 0.9375 0.9890625 0.059375 0.021875
2 0.9625 0.96796875 0.053125 0.0515625
2 0.9546875 0.6015625 0.05 0.053125
2 0.98203125 0.5796875 0.0359375 0.059375
2 0.8484375 0.4828125 0.05 0.053125
2 0.9515625 0.54609375 0.05 0.0515625
2 0.996875 0.7796875 0.00625 0.05625
4 0.809375 0.77578125 0.053125 0.0484375
2 0.9734375 0.66796875 0.053125 0.0515625
2 0.98515625 0.71015625 0.0296875 0.0546875
2 0.9640625 0.56328125 0.05 0.0515625
2 0.871875 0.52109375 0.05 0.0453125
2 0.90546875 0.72109375 0.0609375 0.0546875
2 0.89609375 0.671875 0.0515625 0.053125
2 0.84453125 0.68203125 0.0484375 0.0484375
2 0.88203125 0.7671875 0.0578125 0.05
2 0.66875 0.54765625 0.059375 0.0546875
2 0.75859375 0.49296875 0.0671875 0.0609375
2 0.9625 0.50078125 0.05 0.0515625
0 0.940625 0.48828125 0.05 0.0515625
2 0.946875 0.43984375 0.0625 0.0546875
2 0.915625 0.54296875 0.05 0.0515625
0 0.7890625 0.53203125 0.05 0.0515625
2 0.8765625 0.63828125 0.05 0.0515625
2 0.7734375 0.57578125 0.05 0.0515625
2 0.996875 0.6625 0.00625 0.053125
2 0.7515625 0.61796875 0.059375 0.0546875
2 0.68984375 0.6078125 0.0609375 0.046875
2 0.7671875 0.94296875 0.059375 0.0515625
4 0.85 0.95078125 0.059375 0.0515625
2 0.7546875 0.984375 0.059375 0.03125
2 0.98046875 0.92890625 0.0390625 0.0515625
2 0.8171875 0.93828125 0.059375 0.0515625
2 0.98125 0.72421875 0.0375 0.0484375
2 0.903125 0.90546875 0.059375 0.0515625
2 0.95 0.88046875 0.059375 0.0515625
4 0.89609375 0.3921875 0.0578125 0.05625
2 0.7875 0.60234375 0.05 0.0515625
2 0.9609375 0.59140625 0.05 0.0515625
2 0.9140625 0.60390625 0.05 0.0515625
2 0.84765625 0.7203125 0.0609375 0.05
2 0.63515625 0.78515625 0.0484375 0.0453125
2 0.59765625 0.890625 0.0546875 0.053125
2 0.5703125 0.93515625 0.059375 0.0515625
4 0.803125 0.96640625 0.059375 0.0515625
2 0.78046875 0.8515625 0.0578125 0.053125
2 0.98671875 0.73515625 0.0265625 0.0515625
2 0.746875 0.91640625 0.059375 0.0515625
2 0.978125 0.9828125 0.04375 0.034375
2 0.98046875 0.53671875 0.0390625 0.0578125
2 0.59453125 0.57109375 0.0671875 0.0609375
2 0.6421875 0.609375 0.0625 0.05625
0 0.65546875 0.52421875 0.0671875 0.0609375
2 0.66953125 0.48671875 0.0671875 0.0609375
4 0.80859375 0.41015625 0.0671875 0.0609375
3 0.83828125 0.38515625 0.0671875 0.0609375
2 0.9765625 0.6328125 0.046875 0.053125
0 0.5953125 0.5890625 0.05625 0.053125
2 0.98515625 0.49609375 0.0296875 0.0515625
2 0.70546875 0.98359375 0.0546875 0.0328125
2 0.928125 0.49921875 0.05 0.0515625
2 0.9109375 0.96953125 0.059375 0.0515625
2 0.703125 0.81328125 0.059375 0.0515625
4 0.67109375 0.96328125 0.0640625 0.0515625
2 0.6640625 0.91171875 0.065625 0.0515625
2 0.9921875 0.48359375 0.015625 0.0515625
2 0.7421875 0.81640625 0.0625 0.0546875
2 0.68671875 0.73828125 0.0484375 0.0453125
0 0.990625 0.97734375 0.01875 0.0453125
2 0.6484375 0.84296875 0.05625 0.0546875
0 0.78359375 0.40546875 0.0671875 0.0609375
0 0.9453125 0.52734375 0.05 0.0515625
0 0.7078125 0.5609375 0.05625 0.053125
2 0.97890625 0.5875 0.0421875 0.05
0 0.859375 0.81796875 0.059375 0.0515625
0 0.9953125 0.69296875 0.009375 0.0515625
2 0.77890625 0.76640625 0.0546875 0.0546875
0 0.9328125 0.76953125 0.059375 0.0515625
0 0.940625 0.70703125 0.059375 0.0515625
2 0.8125 0.771875 0.05625 0.053125