2 0.0296875 0.690625 0.05625 0.053125
2 0.05703125 0.6984375 0.0609375 0.059375
2 0.11640625 0.93125 0.0671875 0.0625
2 0.21484375 0.46171875 0.0671875 0.0578125
2 0.475 0.62578125 0.059375 0.0609375
2 0.484375 0.64765625 0.059375 0.0515625
2 0.48203125 0.69609375 0.0640625 0.0515625
2 0.278125 0.79765625 0.059375 0.0484375
2 0.109375 0.809375 0.065625 0.053125
2 0.0046875 0.79921875 0.009375 0.0546875
2 0.025 0.66328125 0.05 0.0484375
2 0.02109375 0.3671875 0.0421875 0.05625
4 0.003125 0.82890625 0.00625 0.0484375
2 0.02578125 0.8015625 0.0515625 0.046875
2 0.02734375 0.7828125 0.0546875 0.046875
2 0.13359375 0.69375 0.0515625 0.053125
4 0.0984375 0.6828125 0.059375 0.059375
2 0.0234375 0.4 0.046875 0.065625
2 0.06875 0.4015625 0.059375 0.053125
2 0.01875 0.6921875 0.0375 0.053125
2 0.3515625 0.22109375 0.06875 0.0578125
2 0.296875 0.228125 0.053125 0.05625
2 0.04375 0.86171875 0.059375 0.0484375
2 0.0625 0.9109375 0.05625 0.053125
2 0.0328125 0.928125 0.05625 0.05
3 0.496875 0.4140625 0.0625 0.059375
2 0.7078125 0.38671875 0.078125 0.0640625
2 0.5875 0.31171875 0.05625 0.0609375
2 0.61875 0.346875 0.06875 0.065625
4 0.48671875 0.36171875 0.0671875 0.0609375
2 0.39375 0.4984375 0.05625 0.053125
2 0.40390625 0.3609375 0.0578125 0.059375
2 0.28359375 0.36015625 0.0609375 0.0484375
0 0.31171875 0.38359375 0.0703125 0.0734375
4 0.19453125 0.3328125 0.0609375 0.05625
2 0.22578125 0.41875 0.0734375 0.0625
2 0.17421875 0.42890625 0.0640625 0.0515625
2 0.23671875 0.49765625 0.0609375 0.0578125
4 0.34296875 0.4921875 0.0671875 0.05625
2 0.20078125 0.25234375 0.0640625 0.0609375
2 0.32578125 0.26640625 0.0578125 0.0515625
2 0.23515625 0.259375 0.0671875 0.065625
4 0.42890625 0.2953125 0.0640625 0.053125
4 0.42578125 0.36171875 0.0546875 0.0578125
2 0.4125 0.47265625 0.0625 0.0546875
2 0.45078125 0.48046875 0.0578125 0.0578125
4 0.26015625 0.4546875 0.0671875 0.059375
4 0.2578125 0.428125 0.06875 0.059375
2 0.5609375 0.5625 0.053125 0.05625
2 0.54765625 0.62578125 0.0640625 0.0546875
0 0.57265625 0.6796875 0.0546875 0.065625
2 0.12421875 0.61328125 0.0453125 0.0484375
2 0.215625 0.5921875 0.065625 0.059375
2 0.3109375 0.5609375 0.065625 0.06875
2 0.3609375 0.540625 0.06875 0.059375
2 0.2265625 0.47109375 0.065625 0.0515625
2 0.20703125 0.53046875 0.0609375 0.0515625
2 0.04296875 0.66640625 0.0609375 0.0546875
2 0.23515625 0.6125 0.0609375 0.0625
2 0.07578125 0.4765625 0.0609375 0.059375
2 0.07734375 0.4234375 0.0671875 0.059375
2 0.009375 0.5359375 0.01875 0.053125
2 0.12109375 0.57734375 0.0546875 0.0453125
2 0.12578125 0.61328125 0.0734375 0.0703125
2 0.01796875 0.57578125 0.0359375 0.0546875
2 0.22265625 0.665625 0.0578125 0.05625
2 0.3140625 0.64296875 0.05625 0.0484375
2 0.32734375 0.7390625 0.0578125 0.05
2 0.46875 0.72109375 0.06875 0.0578125
4 0.53125 0.7625 0.0625 0.05625
4 0.6171875 0.79296875 0.05625 0.0546875
2 0.72734375 0.7234375 0.0734375 0.075
2 0.71875 0.9015625 0.05625 0.053125
2 0.6203125 0.91015625 0.05625 0.0453125
2 0.5421875 0.8171875 0.059375 0.0625
2 0.57109375 0.83046875 0.0640625 0.0609375
2 0.63671875 0.93828125 0.0609375 0.0609375
2 0.5671875 0.921875 0.06875 0.05625
2 0.53828125 0.96484375 0.0609375 0.0515625
2 0.54609375 0.99609375 0.0640625 0.0078125
2 0.47578125 0.9703125 0.0609375 0.05625
2 0.43046875 0.85625 0.0703125 0.065625
4 0.3734375 0.8703125 0.05625 0.05625
2 0.353125 0.840625 0.059375 0.059375
2 0.5234375 0.88515625 0.0625 0.0578125
2 0.5109375 0.91953125 0.065625 0.0578125
2 0.484375 0.87890625 0.0625 0.0546875
4 0.48125 0.88203125 0.046875 0.0484375
2 0.42578125 0.9453125 0.0609375 0.053125
4 0.340625 0.934375 0.05 0.05625
2 0.3359375 0.9953125 0.059375 0.009375
2 0.44296875 0.9828125 0.0578125 0.034375
2 0.296875 0.9375 0.059375 0.059375
2 0.090625 0.83125 0.0625 0.059375
4 0.31953125 0.80625 0.0546875 0.05625
2 0.271875 0.7546875 0.0625 0.05625
2 0.3140625 0.78828125 0.065625 0.0609375
2 0.15 0.64375 0.05 0.05
2 0.22578125 0.70234375 0.0578125 0.0546875
2 0.1671875 0.8171875 0.05625 0.05625
2 0.1046875 0.8625 0.053125 0.05
4 0.38828125 0.83203125 0.0578125 0.0515625
2 0.12578125 0.89921875 0.0515625 0.0515625
2 0.1875 0.94140625 0.05625 0.0515625
2 0.1609375 0.95546875 0.059375 0.0609375
2 0.17578125 0.98046875 0.0578125 0.0390625
2 0.20625 0.97734375 0.059375 0.0453125
2 0.19609375 0.99296875 0.0609375 0.0140625
2 0.1375 0.99609375 0.059375 0.0078125
2 0.16953125 0.9890625 0.0640625 0.021875
2 0.01875 0.9421875 0.0375 0.053125
2 0.03125 0.734375 0.0625 0.05
2 0.02578125 0.4546875 0.0515625 0.05625
2 0.01015625 0.4765625 0.0203125 0.05
2 0.265625 0.51484375 0.059375 0.0578125
2 0.2171875 0.55703125 0.059375 0.0640625
2 0.2765625 0.54453125 0.065625 0.0578125
2 0.3234375 0.51796875 0.0625 0.0578125
2 0.52890625 0.68671875 0.0640625 0.0578125
2 0.421875 0.7984375 0.0625 0.059375
2 0.20625 0.7234375 0.065625 0.0625
2 0.47890625 0.78359375 0.0640625 0.0609375
2 0.503125 0.81640625 0.065625 0.0578125
2 0.4734375 0.85 0.071875 0.065625
2 0.2234375 0.82890625 0.0625 0.0578125
4 0.30625 0.8390625 0.059375 0.059375
2 0.2609375 0.77265625 0.053125 0.0546875
2 0.2609375 0.8203125 0.059375 0.05
2 0.31640625 0.77578125 0.0546875 0.0484375
2 0.08359375 0.79765625 0.0546875 0.0453125
2 0.06640625 0.746875 0.0640625 0.065625
2 0.09375 0.77265625 0.0625 0.0578125
4 0.1078125 0.7546875 0.05625 0.053125
2 0.15390625 0.7609375 0.0546875 0.04375
2 0.06640625 0.84375 0.0640625 0.05625
4 0.26328125 0.871875 0.0546875 0.05
2 0.27421875 0.92578125 0.0515625 0.0578125
2 0.0234375 0.74375 0.046875 0.05
2 0.00625 0.75625 0.0125 0.053125
2 0.00703125 0.95625 0.0140625 0.05625
2 0.03046875 0.43125 0.0609375 0.05625
4 0.10625 0.40703125 0.05 0.0484375
2 0.01484375 0.5 0.0296875 0.05
2 0.00390625 0.45546875 0.0078125 0.0546875
2 0.00546875 0.96875 0.0109375 0.05625
2 0.103125 0.96328125 0.059375 0.0515625
2 0.03203125 0.89921875 0.0578125 0.0515625
2 0.1359375 0.86640625 0.05625 0.0546875
2 0.10625 0.890625 0.06875 0.05625
2 0.11015625 0.98828125 0.0671875 0.0234375
2 0.23984375 0.95390625 0.0515625 0.0421875
2 0.81953125 0.7484375 0.0734375 0.075
2 0.75859375 0.6546875 0.0734375 0.075
2 0.7359375 0.8671875 0.065625 0.059375
2 0.6296875 0.775 0.0625 0.05625
2 0.6359375 0.61640625 0.05625 0.0484375
2 0.6625 0.60625 0.065625 0.059375
2 0.5875 0.58671875 0.059375 0.0578125
4 0.6 0.6234375 0.059375 0.053125
0 0.56484375 0.571875 0.0734375 0.075
2 0.5078125 0.615625 0.0625 0.05625
2 0.534375 0.64375 0.059375 0.053125
2 0.80703125 0.6609375 0.0734375 0.075
2 0.69921875 0.88359375 0.0609375 0.0546875
2 0.65390625 0.97421875 0.0640625 0.0515625
2 0.71015625 0.825 0.0671875 0.065625
2 0.184375 0.575 0.05625 0.053125
2 0.09921875 0.62265625 0.0515625 0.0546875
2 0.1625 0.74921875 0.0625 0.0546875
2 0.27578125 0.28984375 0.0640625 0.0609375
2 0.28984375 0.33359375 0.0640625 0.0609375
2 0.35390625 0.27109375 0.0640625 0.0609375
2 0.39609375 0.27578125 0.0640625 0.0609375
3 0.47265625 0.31796875 0.0640625 0.0609375
2 0.36640625 0.29296875 0.0640625 0.0609375
2 0.46640625 0.33984375 0.0640625 0.0609375
3 0.46328125 0.35234375 0.0640625 0.0609375
0 0.25859375 0.26640625 0.0640625 0.0609375
2 0.24296875 0.33046875 0.0765625 0.0671875
4 0.265625 0.4453125 0.053125 0.053125
4 0.27265625 0.37890625 0.0765625 0.0671875
2 0.40625 0.446875 0.05625 0.053125
0 0.4359375 0.4046875 0.05625 0.053125
2 0.365625 0.4578125 0.05625 0.053125
2 0.409375 0.3890625 0.05625 0.053125
4 0.378125 0.534375 0.05625 0.053125
2 0.446875 0.39375 0.05625 0.053125
2 0.2625 0.5734375 0.05625 0.053125
0 0.434375 0.528125 0.05625 0.053125
2 0.5234375 0.44375 0.05625 0.053125
2 0.59921875 0.4421875 0.0546875 0.053125
2 0.41484375 0.56171875 0.0546875 0.0546875
2 0.5140625 0.4921875 0.05625 0.053125
0 0.4359375 0.565625 0.05625 0.05625
0 0.43828125 0.63828125 0.0546875 0.0546875
2 0.46953125 0.5515625 0.0609375 0.05625
2 0.4171875 0.5921875 0.05625 0.053125
2 0.2875 0.5984375 0.05625 0.053125
2 0.4 0.596875 0.05625 0.053125
2 0.375 0.60078125 0.05625 0.0546875
0 0.415625 0.6578125 0.05625 0.053125
0 0.34375 0.634375 0.05625 0.053125
2 0.1921875 0.5953125 0.05625 0.053125
2 0.3953125 0.6578125 0.05625 0.053125
0 0.3515625 0.6703125 0.05625 0.053125
2 0.159375 0.6203125 0.05625 0.053125
2 0.15625 0.6078125 0.05625 0.053125
2 0.19765625 0.6734375 0.0546875 0.053125
2 0.14375 0.6015625 0.046875 0.046875
4 0.1828125 0.6375 0.05625 0.053125
2 0.23125 0.675 0.05625 0.053125
2 0.2921875 0.68125 0.05625 0.053125
2 0.2953125 0.7421875 0.05625 0.053125
2 0.13828125 0.74375 0.0546875 0.05
2 0.225 0.76171875 0.053125 0.0484375
2 0.05390625 0.80625 0.0515625 0.053125
2 0.0234375 0.48046875 0.046875 0.0515625
2 0.04140625 0.596875 0.0515625 0.053125
2 0.1546875 0.55078125 0.05 0.0515625
2 0.03515625 0.559375 0.0515625 0.053125
4 0.0640625 0.62265625 0.05 0.0515625
2 0.01328125 0.64609375 0.0265625 0.0515625
2 0.009375 0.59140625 0.01875 0.0515625
2 0.1046875 0.61640625 0.05 0.0515625
2 0.03515625 0.82890625 0.0484375 0.0453125
2 0.01875 0.84453125 0.0375 0.0453125
2 0.01171875 0.878125 0.0234375 0.05625
3 0.3734375 0.3453125 0.06875 0.05625
0 0.3390625 0.35703125 0.059375 0.0546875
4 0.3484375 0.37890625 0.059375 0.0546875
2 0.090625 0.86328125 0.059375 0.0515625
2 0.04375 0.94921875 0.059375 0.0515625
2 0.0375 0.9890625 0.059375 0.021875
4 0.3796875 0.97734375 0.059375 0.0453125
2 0.29296875 0.98046875 0.0609375 0.0390625
2 0.0625 0.96796875 0.053125 0.0515625
2 0.24921875 0.92265625 0.0515625 0.0515625
2 0.228125 0.96796875 0.065625 0.0609375
2 0.2734375 0.9640625 0.05625 0.046875
2 0.259375 0.946875 0.05 0.05
2 0.1859375 0.96796875 0.05625 0.0515625
4 0.215625 0.92421875 0.05625 0.0546875
2 0.61875 0.990625 0.059375 0.01875
2 0.6046875 0.97109375 0.059375 0.0578125
2 0.496875 0.95703125 0.059375 0.0578125
2 0.46484375 0.73671875 0.0546875 0.0484375
2 0.54921875 0.73671875 0.0546875 0.0484375
4 0.61640625 0.73359375 0.0578125 0.0546875
0 0.55390625 0.70078125 0.0546875 0.0484375
2 0.365625 0.4234375 0.05625 0.053125
2 0.415625 0.4140625 0.05625 0.053125
4 0.30625 0.5078125 0.05625 0.053125
2 0.609375 0.390625 0.0625 0.059375
2 0.6140625 0.353125 0.0625 0.059375
2 0.5578125 0.309375 0.0625 0.059375
2 0.625 0.428125 0.05625 0.053125
2 0.7140625 0.55703125 0.065625 0.0609375
2 0.5546875 0.46875 0.05625 0.053125
4 0.709375 0.6109375 0.05625 0.053125
0 0.503125 0.5140625 0.05625 0.053125
2 0.59375 0.5140625 0.05625 0.053125
2 0.1359375 0.53046875 0.05 0.0515625
2 0.0546875 0.6015625 0.05 0.053125
2 0.090625 0.5796875 0.053125 0.059375
2 0.18515625 0.53671875 0.0578125 0.0578125
2 0.0515625 0.54609375 0.05 0.0515625
2 0.375 0.85234375 0.053125 0.0578125
2 0.3859375 0.92734375 0.053125 0.0546875
2 0.309375 0.84921875 0.053125 0.0546875
2 0.2375 0.853125 0.053125 0.05625
0 0.2703125 0.8515625 0.053125 0.05625
2 0.28671875 0.89609375 0.0578125 0.0578125
2 0.125 0.7796875 0.0625 0.05625
2 0.1734375 0.77734375 0.0625 0.0546875
2 0.16640625 0.70078125 0.0640625 0.0546875
2 0.175 0.67265625 0.0625 0.0546875
2 0.07890625 0.66796875 0.0640625 0.0515625
2 0.1015625 0.71015625 0.0625 0.0546875
2 0.3171875 0.665625 0.0625 0.05
4 0.378125 0.79140625 0.0625 0.0546875
2 0.3 0.73984375 0.0625 0.0546875
2 0.378125 0.69609375 0.0625 0.0546875
2 0.478125 0.74453125 0.0625 0.0546875
2 0.0640625 0.56328125 0.05 0.0515625
2 0.334375 0.56328125 0.05 0.0515625
2 0.01796875 0.72109375 0.0359375 0.0546875
2 0.0109375 0.671875 0.021875 0.053125
2 0.14296875 0.7921875 0.0546875 0.04375
2 0.16484375 0.771875 0.0546875 0.04375
2 0.15390625 0.896875 0.0578125 0.053125
2 0.00546875 0.7671875 0.0109375 0.05
2 0.18203125 0.8515625 0.0578125 0.053125
2 0.0625 0.50078125 0.05 0.0515625
4 0.1359375 0.41328125 0.05 0.0515625
0 0.040625 0.48828125 0.05 0.0515625
2 0.1546875 0.49296875 0.05 0.0515625
2 0.046875 0.43984375 0.0625 0.0546875
0 0.13125 0.43984375 0.05 0.0515625
2 0.0203125 0.54296875 0.040625 0.0515625
2 0.11875 0.6625 0.05 0.053125
2 0.12421875 0.515625 0.0484375 0.053125
2 0.33046875 0.721875 0.0578125 0.05
2 0.27265625 0.7109375 0.0578125 0.05
2 0.43203125 0.68828125 0.0640625 0.0578125
2 0.090625 0.92890625 0.059375 0.0515625
2 0.64609375 0.9421875 0.0640625 0.065625
2 0.57578125 0.9578125 0.0546875 0.059375
2 0.66484375 0.9546875 0.0640625 0.065625
2 0.55078125 0.92578125 0.0640625 0.0609375
2 0.57421875 0.903125 0.0578125 0.046875
2 0.43203125 0.90703125 0.0640625 0.0609375
2 0.46015625 0.90546875 0.0640625 0.0609375
2 0.48203125 0.93828125 0.0640625 0.0609375
2 0.45390625 0.85 0.0640625 0.059375
2 0.5765625 0.78984375 0.053125 0.0546875
2 0.40703125 0.84609375 0.0640625 0.0609375
4 0.56796875 0.84765625 0.0640625 0.0609375
2 0.6234375 0.7578125 0.0625 0.05625
2 0.515625 0.759375 0.0625 0.05625
2 0.559375 0.759375 0.0625 0.05625
2 0.778125 0.88125 0.0625 0.05625
0 0.65 0.76875 0.0625 0.05625
2 0.64921875 0.740625 0.0546875 0.05625
3 0.6484375 0.7984375 0.0625 0.05625
2 0.628125 0.8609375 0.0625 0.05625
2 0.78125 0.784375 0.0625 0.05625
2 0.71875 0.70078125 0.071875 0.0640625
0 0.65625 0.6796875 0.0625 0.05625
2 0.7109375 0.75625 0.0625 0.05625
0 0.590625 0.63828125 0.05625 0.0484375
0 0.5359375 0.63203125 0.05625 0.0484375
2 0.621875 0.58671875 0.05625 0.0484375
2 0.57890625 0.62890625 0.0578125 0.0484375
4 0.5640625 0.6484375 0.06875 0.05625
0 0.496875 0.64765625 0.05625 0.0484375
0 0.434375 0.5625 0.05625 0.053125
2 0.5796875 0.540625 0.05625 0.053125
2 0.37421875 0.575 0.0546875 0.053125
2 0.41875 0.5375 0.05625 0.053125
2 0.54375 0.5421875 0.05625 0.053125
2 0.5171875 0.5421875 0.05625 0.053125
2 0.309375 0.6171875 0.05625 0.053125
2 0.2671875 0.66875 0.05625 0.053125
2 0.3125 0.578125 0.05625 0.053125
2 0.15234375 0.81015625 0.0546875 0.0453125
2 0.09140625 0.72421875 0.0578125 0.0484375
2 0.13515625 0.83671875 0.0546875 0.0453125
2 0.20625 0.74296875 0.059375 0.0546875
0 0.353125 0.72890625 0.053125 0.0484375
2 0.26875 0.78046875 0.053125 0.0484375
2 0.16875 0.92734375 0.05625 0.0546875
2 0.196875 0.92421875 0.05625 0.0546875
2 0.23515625 0.9953125 0.0578125 0.009375
2 0.01640625 0.90546875 0.0328125 0.0515625
2 0.146875 0.91640625 0.059375 0.0515625
2 0.05 0.88046875 0.059375 0.0515625
2 0.31796875 0.31484375 0.0640625 0.0609375
2 0.4328125 0.440625 0.05625 0.053125
2 0.4265625 0.5171875 0.05625 0.053125
0 0.4078125 0.5 0.05625 0.053125
2 0.5109375 0.396875 0.05625 0.065625
2 0.5640625 0.425 0.0625 0.059375
2 0.5671875 0.4 0.0625 0.059375
2 0.609375 0.41875 0.05625 0.053125
2 0.7390625 0.41171875 0.0625 0.0609375
2 0.6265625 0.478125 0.05625 0.053125
2 0.321875 0.97890625 0.059375 0.0421875
2 0.340625 0.95234375 0.059375 0.0578125
2 0.4109375 0.99609375 0.059375 0.0078125
2 0.5171875 0.97890625 0.059375 0.0421875
2 0.4953125 0.98515625 0.059375 0.0296875
2 0.5875 0.9890625 0.059375 0.021875
2 0.2265625 0.5421875 0.05 0.053125
4 0.0125 0.3921875 0.025 0.05625
4 0.1578125 0.52421875 0.05 0.0515625
2 0.31875 0.75546875 0.0625 0.0546875
2 0.28671875 0.72734375 0.0609375 0.0546875
0 0.3921875 0.74296875 0.0625 0.0546875
2 0.19609375 0.80625 0.0609375 0.05625
2 0.2734375 0.63828125 0.05625 0.0546875
0 0.2515625 0.6421875 0.05625 0.053125
2 0.290625 0.559375 0.05625 0.053125
4 0.190625 0.4359375 0.05 0.053125
0 0.2390625 0.36015625 0.05 0.0515625
2 0.1578125 0.44453125 0.05 0.0515625
2 0.2515625 0.6828125 0.05625 0.053125
2 0.0609375 0.59140625 0.05 0.0515625
2 0.01953125 0.60390625 0.0390625 0.0515625
2 0.103125 0.73515625 0.059375 0.0515625
2 0.0859375 0.9828125 0.059375 0.034375
2 0.0921875 0.53671875 0.0625 0.0578125
2 0.12734375 0.81796875 0.0515625 0.0453125
2 0.26875 0.79609375 0.05 0.0484375
2 0.23671875 0.7921875 0.0609375 0.05625
2 0.340625 0.59375 0.05625 0.053125
2 0.3921875 0.45 0.05625 0.053125
2 0.278125 0.865625 0.053125 0.05625
2 0.2625 0.8953125 0.053125 0.05625
2 0.31171875 0.88125 0.0515625 0.05625
0 0.3421875 0.89453125 0.053125 0.0546875
2 0.3703125 0.90234375 0.053125 0.0546875
0 0.3890625 0.91484375 0.053125 0.0546875
2 0.39765625 0.984375 0.0609375 0.03125
0 0.38046875 0.9421875 0.0609375 0.053125
0 0.665625 0.5890625 0.05625 0.053125
0 0.6234375 0.578125 0.05625 0.053125
0 0.640625 0.51875 0.05625 0.053125
2 0.08125 0.6328125 0.05625 0.053125
0 0.16875 0.48828125 0.05 0.0515625
4 0.1328125 0.47890625 0.05 0.0515625
2 0.0953125 0.49609375 0.05 0.0515625
0 0.1671875 0.4859375 0.05 0.053125
2 0.59921875 0.86640625 0.0640625 0.0609375
2 0.578125 0.37265625 0.05625 0.0609375
2 0.5453125 0.34765625 0.05625 0.0609375
2 0.734375 0.4546875 0.05625 0.053125
0 0.39921875 0.26796875 0.0640625 0.0609375
0 0.496875 0.53125 0.05625 0.053125
2 0.34375 0.4609375 0.05625 0.053125
2 0.465625 0.5765625 0.05625 0.053125
0 0.54765625 0.6 0.0578125 0.05625
2 0.421875 0.621875 0.05625 0.053125
2 0.4171875 0.6421875 0.05625 0.053125
2 0.340625 0.88046875 0.053125 0.0546875
0 0.2953125 0.82734375 0.053125 0.0546875
2 0.44765625 0.8078125 0.0671875 0.0625
2 0.48828125 0.83828125 0.0640625 0.0609375
2 0.259375 0.71796875 0.0625 0.0546875
2 0.23359375 0.715625 0.0578125 0.046875
0 0.36015625 0.7453125 0.0609375 0.05625
2 0.384375 0.6171875 0.05625 0.053125
2 0.028125 0.49921875 0.05 0.0515625
2 0.1375 0.95859375 0.059375 0.0515625
2 0.0203125 0.96953125 0.040625 0.0515625
2 0.22109375 0.20546875 0.0640625 0.0609375
2 0.109375 0.48359375 0.05 0.0515625
2 0.26015625 0.98203125 0.0546875 0.0359375
2 0.140625 0.46953125 0.05 0.0515625
2 0.4703125 0.3828125 0.05625 0.053125
2 0.4984375 0.434375 0.05625 0.053125
0 0.4546875 0.4953125 0.05625 0.053125
2 0.58125 0.5 0.05625 0.053125
0 0.57734375 0.70859375 0.0546875 0.0484375
2 0.49765625 0.72265625 0.0546875 0.0484375
2 0.56015625 0.70546875 0.0546875 0.0484375
2 0.634375 0.98125 0.0625 0.0375
2 0.6359375 0.8265625 0.0625 0.05625
4 0.69375 0.8453125 0.0625 0.05625
0 0.10859375 0.97734375 0.0546875 0.0453125
2 0.4546875 0.590625 0.05625 0.053125
2 0.7484375 0.840625 0.0625 0.05625
2 0.1859375 0.49375 0.05 0.053125
0 0.32890625 0.34140625 0.0640625 0.0609375
2 0.41015625 0.20859375 0.0640625 0.0609375
2 0.38828125 0.29921875 0.0640625 0.0609375
2 0.42890625 0.19140625 0.0640625 0.0609375
2 0.2015625 0.29140625 0.046875 0.0546875
2 0.325 0.4515625 0.05625 0.053125
2 0.390625 0.6796875 0.05625 0.053125
2 0.4265625 0.76171875 0.0625 0.0546875
2 0.7765625 0.41875 0.05625 0.053125
0 0.615625 0.5265625 0.05625 0.053125
2 0.6546875 0.875 0.0625 0.05625
2 0.44765625 0.25234375 0.0640625 0.0609375
0 0.36953125 0.32109375 0.0640625 0.0609375
2 0.40390625 0.9484375 0.0609375 0.053125
2 0.1265625 0.84921875 0.05625 0.0515625
0 0.0453125 0.52734375 0.05 0.0515625
2 0.1796875 0.7375 0.05625 0.053125
2 0.0875 0.5875 0.059375 0.05
2 0.20546875 0.8765625 0.0578125 0.053125
0 0.690625 0.66015625 0.05625 0.0484375
2 0.4671875 0.66484375 0.05625 0.0484375
0 0.65625 0.65703125 0.05625 0.0484375
0 0.65 0.7015625 0.0625 0.05625
2 0.6375 0.69375 0.0625 0.05625
0 0.1203125 0.69296875 0.059375 0.0515625
0 0.0328125 0.76953125 0.059375 0.0515625
0 0.040625 0.70703125 0.059375 0.0515625
2 0.47890625 0.29453125 0.0640625 0.0609375
0 0.50703125 0.31796875 0.0640625 0.0609375
0 0.39609375 0.32421875 0.0640625 0.0609375