2 0.0296875 0.3546875 0.05625 0.053125
2 0.05703125 0.3625 0.0609375 0.059375
2 0.11640625 0.5953125 0.0671875 0.0625
2 0.1390625 0.71328125 0.0625 0.0578125
2 0.0359375 0.7671875 0.05625 0.05
2 0.21484375 0.12578125 0.0671875 0.0578125
2 0.475 0.28984375 0.059375 0.0609375
2 0.484375 0.31171875 0.059375 0.0515625
2 0.48203125 0.36015625 0.0640625 0.0515625
2 0.278125 0.46171875 0.059375 0.0484375
2 0.109375 0.4734375 0.065625 0.053125
2 0.0046875 0.46328125 0.009375 0.0546875
2 0.05390625 0.80390625 0.0671875 0.0578125
2 0.15546875 0.90859375 0.0546875 0.0484375
2 0.01640625 0.78203125 0.0328125 0.0609375
2 0.153125 0.74453125 0.059375 0.0640625
2 0.025 0.32734375 0.05 0.0484375
2 0.02109375 0.03125 0.0421875 0.05625
4 0.27421875 0.97265625 0.0546875 0.0453125
2 0.04453125 0.7546875 0.0484375 0.046875
2 0.02421875 0.884375 0.0484375 0.059375
2 0.015625 0.8828125 0.03125 0.05625
2 0.00703125 0.76015625 0.0140625 0.0546875
4 0.003125 0.49296875 0.00625 0.0484375
2 0.02578125 0.465625 0.0515625 0.046875
2 0.02734375 0.446875 0.0546875 0.046875
2 0.13359375 0.3578125 0.0515625 0.053125
4 0.0984375 0.346875 0.059375 0.059375
2 0.0234375 0.0640625 0.046875 0.065625
2 0.06875 0.065625 0.059375 0.053125
2 0.01875 0.35625 0.0375 0.053125
2 0.378125 0.84765625 0.059375 0.0578125
2 0.04375 0.52578125 0.059375 0.0484375
2 0.0625 0.575 0.05625 0.053125
2 0.0328125 0.5921875 0.05625 0.05
3 0.496875 0.078125 0.0625 0.059375
2 0.7078125 0.05078125 0.078125 0.0640625
2 0.5875 0.003125 0.05625 0.00625
2 0.61875 0.021875 0.06875 0.04375
4 0.48671875 0.028125 0.0671875 0.05625
2 0.39375 0.1625 0.05625 0.053125
2 0.40390625 0.02734375 0.0578125 0.0546875
2 0.28359375 0.02421875 0.0609375 0.0484375
0 0.31171875 0.04765625 0.0703125 0.0734375
4 0.19453125 0.0125 0.0609375 0.025
2 0.22578125 0.0828125 0.0734375 0.0625
2 0.17421875 0.09296875 0.0640625 0.0515625
2 0.23671875 0.16171875 0.0609375 0.0578125
4 0.34296875 0.15625 0.0671875 0.05625
4 0.42578125 0.02734375 0.0546875 0.0546875
2 0.4125 0.13671875 0.0625 0.0546875
2 0.45078125 0.14453125 0.0578125 0.0578125
4 0.26015625 0.11875 0.0671875 0.059375
4 0.2578125 0.0921875 0.06875 0.059375
2 0.5609375 0.2265625 0.053125 0.05625
2 0.54765625 0.28984375 0.0640625 0.0546875
0 0.57265625 0.34375 0.0546875 0.065625
2 0.12421875 0.27734375 0.0453125 0.0484375
2 0.215625 0.25625 0.065625 0.059375
2 0.3109375 0.225 0.065625 0.06875
2 0.3609375 0.2046875 0.06875 0.059375
2 0.2265625 0.13515625 0.065625 0.0515625
2 0.20703125 0.19453125 0.0609375 0.0515625
2 0.04296875 0.33046875 0.0609375 0.0546875
2 0.23515625 0.2765625 0.0609375 0.0625
2 0.07578125 0.140625 0.0609375 0.059375
2 0.07734375 0.0875 0.0671875 0.059375
2 0.009375 0.2 0.01875 0.053125
2 0.12109375 0.24140625 0.0546875 0.0453125
2 0.12578125 0.27734375 0.0734375 0.0703125
2 0.01796875 0.23984375 0.0359375 0.0546875
2 0.22265625 0.3296875 0.0578125 0.05625
2 0.3140625 0.30703125 0.05625 0.0484375
2 0.32734375 0.403125 0.0578125 0.05
2 0.46875 0.38515625 0.06875 0.0578125
4 0.53125 0.4265625 0.0625 0.05625
4 0.6171875 0.45703125 0.05625 0.0546875
2 0.72734375 0.3875 0.0734375 0.075
2 0.71875 0.565625 0.05625 0.053125
2 0.6203125 0.57421875 0.05625 0.0453125
2 0.5421875 0.48125 0.059375 0.0625
2 0.57109375 0.49453125 0.0640625 0.0609375
2 0.63671875 0.60234375 0.0609375 0.0609375
2 0.5671875 0.5859375 0.06875 0.05625
2 0.53828125 0.62890625 0.0609375 0.0515625
2 0.5421875 0.746875 0.059375 0.059375
2 0.54609375 0.6859375 0.0640625 0.059375
2 0.47578125 0.634375 0.0609375 0.05625
2 0.43046875 0.5203125 0.0703125 0.065625
4 0.3734375 0.534375 0.05625 0.05625
2 0.353125 0.5046875 0.059375 0.059375
2 0.5234375 0.54921875 0.0625 0.0578125
2 0.5109375 0.58359375 0.065625 0.0578125
2 0.484375 0.54296875 0.0625 0.0546875
4 0.48125 0.54609375 0.046875 0.0484375
2 0.42578125 0.609375 0.0609375 0.053125
4 0.340625 0.5984375 0.05 0.05625
2 0.3359375 0.68125 0.059375 0.053125
2 0.490625 0.71015625 0.065625 0.0578125
2 0.44296875 0.65390625 0.0578125 0.0484375
2 0.41015625 0.69921875 0.0578125 0.0578125
2 0.46328125 0.77578125 0.0578125 0.0546875
4 0.346875 0.72421875 0.0625 0.0609375
2 0.32265625 0.70859375 0.0515625 0.0515625
2 0.25 0.71484375 0.059375 0.0546875
2 0.296875 0.6015625 0.059375 0.059375
2 0.090625 0.4953125 0.0625 0.059375
4 0.31953125 0.4703125 0.0546875 0.05625
2 0.271875 0.41875 0.0625 0.05625
2 0.3140625 0.45234375 0.065625 0.0609375
2 0.15 0.3078125 0.05 0.05
2 0.22578125 0.36640625 0.0578125 0.0546875
2 0.1671875 0.48125 0.05625 0.05625
2 0.1046875 0.5265625 0.053125 0.05
4 0.38828125 0.49609375 0.0578125 0.0515625
2 0.12578125 0.56328125 0.0515625 0.0515625
2 0.1875 0.60546875 0.05625 0.0515625
2 0.1609375 0.61953125 0.059375 0.0609375
2 0.17578125 0.65390625 0.0578125 0.0578125
2 0.20625 0.646875 0.059375 0.05625
2 0.19609375 0.67578125 0.0609375 0.0515625
2 0.1375 0.68203125 0.059375 0.0515625
2 0.16953125 0.67109375 0.0640625 0.0578125
2 0.1890625 0.72734375 0.059375 0.0640625
2 0.31875 0.784375 0.05625 0.05625
2 0.12734375 0.76171875 0.0609375 0.0546875
2 0.20625 0.8515625 0.05625 0.05
2 0.284375 0.88671875 0.0625 0.0546875
4 0.25703125 0.89140625 0.0578125 0.0421875
2 0.11328125 0.8046875 0.0609375 0.059375
2 0.0453125 0.6890625 0.059375 0.059375
2 0.20546875 0.82109375 0.0640625 0.0609375
2 0.2046875 0.8890625 0.0625 0.05625
2 0.2375 0.890625 0.053125 0.046875
2 0.01953125 0.80703125 0.0390625 0.0515625
2 0.01875 0.60625 0.0375 0.053125
2 0.03125 0.3984375 0.0625 0.05
2 0.02578125 0.11875 0.0515625 0.05625
2 0.01015625 0.140625 0.0203125 0.05
2 0.265625 0.17890625 0.059375 0.0578125
2 0.2171875 0.22109375 0.059375 0.0640625
2 0.2765625 0.20859375 0.065625 0.0578125
2 0.3234375 0.18203125 0.0625 0.0578125
2 0.52890625 0.35078125 0.0640625 0.0578125
2 0.421875 0.4625 0.0625 0.059375
2 0.20625 0.3875 0.065625 0.0625
2 0.47890625 0.44765625 0.0640625 0.0609375
2 0.503125 0.48046875 0.065625 0.0578125
2 0.4734375 0.5140625 0.071875 0.065625
2 0.2234375 0.49296875 0.0625 0.0578125
4 0.30625 0.503125 0.059375 0.059375
2 0.2609375 0.43671875 0.053125 0.0546875
2 0.2609375 0.484375 0.059375 0.05
2 0.31640625 0.43984375 0.0546875 0.0484375
2 0.08359375 0.46171875 0.0546875 0.0453125
2 0.06640625 0.4109375 0.0640625 0.065625
2 0.09375 0.43671875 0.0625 0.0578125
4 0.1078125 0.41875 0.05625 0.053125
2 0.15390625 0.425 0.0546875 0.04375
2 0.06640625 0.5078125 0.0640625 0.05625
4 0.26328125 0.5359375 0.0546875 0.05
2 0.27421875 0.58984375 0.0515625 0.0578125
2 0.0234375 0.4078125 0.046875 0.05
2 0.00625 0.4203125 0.0125 0.053125
2 0.00703125 0.6203125 0.0140625 0.05625
2 0.021875 0.73203125 0.04375 0.0515625
2 0.01875 0.690625 0.0375 0.05625
2 0.065625 0.78046875 0.05625 0.0484375
2 0.03046875 0.0953125 0.0609375 0.05625
4 0.10625 0.07109375 0.05 0.0484375
2 0.01484375 0.1640625 0.0296875 0.05
2 0.00390625 0.11953125 0.0078125 0.0546875
2 0.00546875 0.6328125 0.0109375 0.05625
2 0.103125 0.62734375 0.059375 0.0515625
2 0.03203125 0.56328125 0.0578125 0.0515625
2 0.1359375 0.53046875 0.05625 0.0546875
2 0.10625 0.5546875 0.06875 0.05625
2 0.00546875 0.84765625 0.0109375 0.0484375
2 0.12890625 0.87421875 0.0640625 0.0515625
2 0.009375 0.8890625 0.01875 0.053125
2 0.1734375 0.8140625 0.0625 0.053125
2 0.06875 0.88359375 0.075 0.0609375
2 0.040625 0.8828125 0.075 0.0625
2 0.07578125 0.8875 0.0578125 0.05
2 0.0453125 0.87578125 0.065625 0.0546875
2 0.109375 0.84765625 0.05625 0.0515625
4 0.090625 0.8859375 0.05625 0.053125
4 0.17421875 0.90625 0.0546875 0.05
2 0.23984375 0.8921875 0.0578125 0.046875
4 0.13515625 0.9015625 0.0578125 0.04375
2 0.23125 0.88828125 0.065625 0.0546875
2 0.3390625 0.88203125 0.06875 0.0671875
2 0.17109375 0.88828125 0.0703125 0.0546875
2 0.24921875 0.790625 0.0578125 0.053125
2 0.09296875 0.73515625 0.0578125 0.0546875
2 0.09296875 0.7 0.0703125 0.0625
2 0.1875 0.75703125 0.059375 0.0546875
2 0.11015625 0.66640625 0.0671875 0.0515625
2 0.23984375 0.61796875 0.0515625 0.0421875
2 0.5140625 0.83203125 0.059375 0.0578125
2 0.39375 0.76796875 0.059375 0.0578125
2 0.3859375 0.84140625 0.059375 0.0578125
2 0.81953125 0.4125 0.0734375 0.075
2 0.75859375 0.31875 0.0734375 0.075
2 0.7359375 0.53125 0.065625 0.059375
2 0.6296875 0.4390625 0.0625 0.05625
2 0.6359375 0.28046875 0.05625 0.0484375
2 0.6625 0.2703125 0.065625 0.059375
2 0.5875 0.25078125 0.059375 0.0578125
4 0.6 0.2875 0.059375 0.053125
0 0.56484375 0.2359375 0.0734375 0.075
2 0.5078125 0.2796875 0.0625 0.05625
2 0.534375 0.3078125 0.059375 0.053125
2 0.80703125 0.325 0.0734375 0.075
2 0.69921875 0.54765625 0.0609375 0.0546875
2 0.65390625 0.6453125 0.0640625 0.065625
2 0.71015625 0.4890625 0.0671875 0.065625
2 0.184375 0.2390625 0.05625 0.053125
2 0.09921875 0.28671875 0.0515625 0.0546875
2 0.1625 0.41328125 0.0625 0.0546875
2 0.28984375 0.0140625 0.0640625 0.028125
3 0.47265625 0.00625 0.0640625 0.0125
2 0.46640625 0.0171875 0.0640625 0.034375
3 0.46328125 0.0234375 0.0640625 0.046875
2 0.24296875 0.0140625 0.0765625 0.028125
4 0.265625 0.109375 0.053125 0.053125
4 0.27265625 0.04296875 0.0765625 0.0671875
2 0.40625 0.1109375 0.05625 0.053125
0 0.4359375 0.06875 0.05625 0.053125
2 0.365625 0.121875 0.05625 0.053125
2 0.409375 0.053125 0.05625 0.053125
4 0.378125 0.1984375 0.05625 0.053125
2 0.446875 0.0578125 0.05625 0.053125
2 0.2625 0.2375 0.05625 0.053125
0 0.434375 0.1921875 0.05625 0.053125
2 0.5234375 0.1078125 0.05625 0.053125
2 0.59921875 0.10625 0.0546875 0.053125
2 0.41484375 0.22578125 0.0546875 0.0546875
2 0.5140625 0.15625 0.05625 0.053125
0 0.4359375 0.2296875 0.05625 0.05625
0 0.43828125 0.30234375 0.0546875 0.0546875
2 0.46953125 0.215625 0.0609375 0.05625
2 0.4171875 0.25625 0.05625 0.053125
2 0.2875 0.2625 0.05625 0.053125
2 0.4 0.2609375 0.05625 0.053125
2 0.375 0.26484375 0.05625 0.0546875
0 0.415625 0.321875 0.05625 0.053125
0 0.34375 0.2984375 0.05625 0.053125
2 0.1921875 0.259375 0.05625 0.053125
2 0.3953125 0.321875 0.05625 0.053125
0 0.3515625 0.334375 0.05625 0.053125
2 0.159375 0.284375 0.05625 0.053125
2 0.15625 0.271875 0.05625 0.053125
2 0.19765625 0.3375 0.0546875 0.053125
2 0.14375 0.265625 0.046875 0.046875
4 0.1828125 0.3015625 0.05625 0.053125
2 0.23125 0.3390625 0.05625 0.053125
2 0.2921875 0.3453125 0.05625 0.053125
2 0.2953125 0.40625 0.05625 0.053125
2 0.13828125 0.4078125 0.0546875 0.05
2 0.225 0.42578125 0.053125 0.0484375
2 0.05390625 0.4703125 0.0515625 0.053125
2 0.0234375 0.14453125 0.046875 0.0515625
2 0.04140625 0.2609375 0.0515625 0.053125
2 0.1546875 0.21484375 0.05 0.0515625
2 0.03515625 0.2234375 0.0515625 0.053125
4 0.0640625 0.28671875 0.05 0.0515625
2 0.01328125 0.31015625 0.0265625 0.0515625
2 0.009375 0.25546875 0.01875 0.0515625
2 0.1046875 0.28046875 0.05 0.0515625
2 0.03515625 0.49296875 0.0484375 0.0453125
2 0.01875 0.50859375 0.0375 0.0453125
2 0.01171875 0.5421875 0.0234375 0.05625
3 0.3734375 0.01875 0.06875 0.0375
0 0.3390625 0.02421875 0.059375 0.0484375
4 0.3484375 0.04296875 0.059375 0.0546875
2 0.03359375 0.71796875 0.0609375 0.0515625
2 0.05625 0.71328125 0.059375 0.0515625
2 0.090625 0.52734375 0.059375 0.0515625
2 0.04375 0.61328125 0.059375 0.0515625
2 0.0375 0.66796875 0.059375 0.0515625
2 0.0953125 0.70390625 0.059375 0.0515625
2 0.1078125 0.81328125 0.059375 0.0515625
2 0.1078125 0.76796875 0.059375 0.0515625
2 0.12265625 0.88125 0.0671875 0.065625
2 0.1796875 0.88984375 0.059375 0.0515625
2 0.0859375 0.76015625 0.059375 0.0515625
2 0.1296875 0.79296875 0.059375 0.0515625
2 0.14375 0.79609375 0.059375 0.0515625
2 0.01171875 0.86796875 0.0234375 0.0515625
2 0.01484375 0.8171875 0.0296875 0.05
2 0.3171875 0.884375 0.065625 0.053125
2 0.2046875 0.88828125 0.06875 0.0515625
4 0.084375 0.9203125 0.059375 0.04375
2 0.34140625 0.87578125 0.0578125 0.0578125
2 0.27734375 0.775 0.0578125 0.059375
2 0.19609375 0.78671875 0.0578125 0.0484375
2 0.2109375 0.77578125 0.059375 0.0546875
2 0.278125 0.73125 0.05625 0.05
2 0.27265625 0.7390625 0.0703125 0.0625
2 0.2703125 0.890625 0.05625 0.05
2 0.34609375 0.70625 0.0640625 0.05625
2 0.3140625 0.6890625 0.059375 0.05625
4 0.3765625 0.73125 0.05625 0.05625
4 0.3796875 0.64453125 0.059375 0.0515625
2 0.29296875 0.653125 0.0609375 0.05625
2 0.0625 0.63203125 0.053125 0.0515625
2 0.24921875 0.58671875 0.0515625 0.0515625
2 0.228125 0.63203125 0.065625 0.0609375
2 0.2734375 0.628125 0.05625 0.046875
2 0.259375 0.6109375 0.05 0.05
2 0.1859375 0.63203125 0.05625 0.0515625
4 0.215625 0.58828125 0.05625 0.0546875
4 0.5265625 0.76328125 0.059375 0.0578125
4 0.446875 0.79296875 0.059375 0.0578125
4 0.475 0.85546875 0.059375 0.0578125
2 0.5171875 0.74296875 0.059375 0.0578125
2 0.5015625 0.77421875 0.059375 0.0578125
2 0.55625 0.78046875 0.059375 0.0578125
2 0.61875 0.67421875 0.059375 0.0578125
2 0.5078125 0.72265625 0.059375 0.0578125
2 0.528125 0.82109375 0.059375 0.0578125
2 0.59375 0.70078125 0.059375 0.0578125
2 0.6046875 0.6359375 0.059375 0.059375
0 0.3828125 0.88828125 0.0625 0.0390625
2 0.496875 0.62109375 0.059375 0.0578125
2 0.4640625 0.70859375 0.059375 0.0578125
2 0.578125 0.78984375 0.059375 0.0578125
2 0.46484375 0.40078125 0.0546875 0.0484375
2 0.54921875 0.40078125 0.0546875 0.0484375
4 0.61640625 0.39765625 0.0578125 0.0546875
0 0.55390625 0.36484375 0.0546875 0.0484375
2 0.365625 0.0875 0.05625 0.053125
2 0.415625 0.078125 0.05625 0.053125
4 0.30625 0.171875 0.05625 0.053125
2 0.609375 0.0546875 0.0625 0.059375
2 0.6140625 0.0234375 0.0625 0.046875
2 0.625 0.0921875 0.05625 0.053125
2 0.7140625 0.22109375 0.065625 0.0609375
2 0.5546875 0.1328125 0.05625 0.053125
4 0.709375 0.275 0.05625 0.053125
0 0.503125 0.178125 0.05625 0.053125
2 0.59375 0.178125 0.05625 0.053125
2 0.1359375 0.19453125 0.05 0.0515625
2 0.0546875 0.265625 0.05 0.053125
2 0.090625 0.24375 0.053125 0.059375
2 0.18515625 0.20078125 0.0578125 0.0578125
2 0.0515625 0.21015625 0.05 0.0515625
2 0.19609375 0.86171875 0.0640625 0.0578125
2 0.21953125 0.784375 0.0640625 0.059375
2 0.146875 0.88828125 0.059375 0.0515625
2 0.375 0.51640625 0.053125 0.0578125
2 0.3859375 0.59140625 0.053125 0.0546875
2 0.309375 0.51328125 0.053125 0.0546875
2 0.2375 0.5171875 0.053125 0.05625
0 0.2703125 0.515625 0.053125 0.05625
2 0.28671875 0.56015625 0.0578125 0.0578125
2 0.125 0.44375 0.0625 0.05625
2 0.1734375 0.44140625 0.0625 0.0546875
2 0.16640625 0.36484375 0.0640625 0.0546875
2 0.175 0.33671875 0.0625 0.0546875
2 0.07890625 0.33203125 0.0640625 0.0515625
2 0.1015625 0.37421875 0.0625 0.0546875
2 0.3171875 0.3296875 0.0625 0.05
4 0.378125 0.45546875 0.0625 0.0546875
2 0.3 0.40390625 0.0625 0.0546875
2 0.378125 0.36015625 0.0625 0.0546875
2 0.478125 0.40859375 0.0625 0.0546875
2 0.0640625 0.22734375 0.05 0.0515625
2 0.334375 0.22734375 0.05 0.0515625
2 0.01796875 0.38515625 0.0359375 0.0546875
2 0.0109375 0.3359375 0.021875 0.053125
2 0.14296875 0.45625 0.0546875 0.04375
2 0.16484375 0.4359375 0.0546875 0.04375
2 0.15390625 0.5609375 0.0578125 0.053125
2 0.00546875 0.43125 0.0109375 0.05
2 0.18203125 0.515625 0.0578125 0.053125
2 0.0296875 0.85390625 0.059375 0.0515625
2 0.17890625 0.87265625 0.0640625 0.0515625
2 0.0625 0.16484375 0.05 0.0515625
4 0.1359375 0.07734375 0.05 0.0515625
0 0.040625 0.15234375 0.05 0.0515625
2 0.1546875 0.15703125 0.05 0.0515625
2 0.046875 0.10390625 0.0625 0.0546875
0 0.13125 0.10390625 0.05 0.0515625
2 0.0203125 0.20703125 0.040625 0.0515625
2 0.11875 0.3265625 0.05 0.053125
2 0.12421875 0.1796875 0.0484375 0.053125
2 0.33046875 0.3859375 0.0578125 0.05
2 0.27265625 0.375 0.0578125 0.05
2 0.43203125 0.35234375 0.0640625 0.0578125
2 0.090625 0.59296875 0.059375 0.0515625
2 0.01171875 0.72109375 0.0234375 0.0515625
2 0.2359375 0.878125 0.059375 0.053125
2 0.11328125 0.82265625 0.0671875 0.0578125
2 0.29765625 0.7296875 0.0484375 0.046875
2 0.290625 0.68828125 0.05625 0.0515625
2 0.20703125 0.7140625 0.0578125 0.053125
2 0.2625 0.82578125 0.059375 0.0484375
4 0.4375 0.81796875 0.059375 0.0578125
2 0.478125 0.79921875 0.059375 0.0578125
2 0.4359375 0.86796875 0.059375 0.0578125
2 0.64609375 0.60625 0.0640625 0.065625
2 0.57578125 0.621875 0.0546875 0.059375
2 0.66484375 0.61875 0.0640625 0.065625
2 0.55078125 0.58984375 0.0640625 0.0609375
2 0.57421875 0.5671875 0.0578125 0.046875
2 0.43203125 0.57109375 0.0640625 0.0609375
2 0.46015625 0.56953125 0.0640625 0.0609375
2 0.48203125 0.60234375 0.0640625 0.0609375
2 0.45390625 0.5140625 0.0640625 0.059375
2 0.5765625 0.45390625 0.053125 0.0546875
2 0.40703125 0.51015625 0.0640625 0.0609375
4 0.56796875 0.51171875 0.0640625 0.0609375
2 0.6234375 0.421875 0.0625 0.05625
2 0.515625 0.4234375 0.0625 0.05625
2 0.559375 0.4234375 0.0625 0.05625
2 0.778125 0.5453125 0.0625 0.05625
0 0.65 0.4328125 0.0625 0.05625
2 0.64921875 0.4046875 0.0546875 0.05625
3 0.6484375 0.4625 0.0625 0.05625
2 0.628125 0.525 0.0625 0.05625
2 0.78125 0.4484375 0.0625 0.05625
2 0.71875 0.36484375 0.071875 0.0640625
0 0.65625 0.34375 0.0625 0.05625
2 0.7109375 0.4203125 0.0625 0.05625
0 0.590625 0.30234375 0.05625 0.0484375
0 0.5359375 0.29609375 0.05625 0.0484375
2 0.621875 0.25078125 0.05625 0.0484375
2 0.57890625 0.29296875 0.0578125 0.0484375
4 0.5640625 0.3125 0.06875 0.05625
0 0.496875 0.31171875 0.05625 0.0484375
0 0.434375 0.2265625 0.05625 0.053125
2 0.5796875 0.2046875 0.05625 0.053125
2 0.37421875 0.2390625 0.0546875 0.053125
2 0.41875 0.2015625 0.05625 0.053125
2 0.54375 0.20625 0.05625 0.053125
2 0.5171875 0.20625 0.05625 0.053125
2 0.309375 0.28125 0.05625 0.053125
2 0.2671875 0.3328125 0.05625 0.053125
2 0.3125 0.2421875 0.05625 0.053125
2 0.15234375 0.47421875 0.0546875 0.0453125
2 0.09140625 0.38828125 0.0578125 0.0484375
2 0.13515625 0.50078125 0.0546875 0.0453125
2 0.20625 0.40703125 0.059375 0.0546875
0 0.353125 0.39296875 0.053125 0.0484375
2 0.26875 0.44453125 0.053125 0.0484375
2 0.16875 0.59140625 0.05625 0.0546875
2 0.196875 0.58828125 0.05625 0.0546875
2 0.2140625 0.7421875 0.0625 0.059375
2 0.23515625 0.68046875 0.0578125 0.0515625
2 0.2609375 0.69375 0.05625 0.053125
2 0.01640625 0.56953125 0.0328125 0.0515625
2 0.146875 0.58046875 0.059375 0.0515625
2 0.05 0.54453125 0.059375 0.0515625
2 0.31796875 0.0046875 0.0640625 0.009375
2 0.4328125 0.1046875 0.05625 0.053125
2 0.4265625 0.18125 0.05625 0.053125
0 0.4078125 0.1640625 0.05625 0.053125
2 0.5109375 0.0609375 0.05625 0.065625
2 0.5640625 0.0890625 0.0625 0.059375
2 0.5671875 0.0640625 0.0625 0.059375
2 0.609375 0.0828125 0.05625 0.053125
2 0.7390625 0.07578125 0.0625 0.0609375
2 0.6265625 0.1421875 0.05625 0.053125
2 0.48125 0.82578125 0.059375 0.0578125
2 0.434375 0.73828125 0.059375 0.0578125
2 0.4625 0.73984375 0.059375 0.0578125
2 0.321875 0.65078125 0.059375 0.0578125
2 0.340625 0.61640625 0.059375 0.0578125
2 0.4109375 0.68515625 0.059375 0.0578125
2 0.5171875 0.65078125 0.059375 0.0578125
2 0.4953125 0.66328125 0.059375 0.0578125
2 0.5875 0.67109375 0.059375 0.0578125
2 0.2265625 0.20625 0.05 0.053125
4 0.0125 0.05625 0.025 0.05625
4 0.1578125 0.18828125 0.05 0.0515625
2 0.31875 0.41953125 0.0625 0.0546875
2 0.28671875 0.39140625 0.0609375 0.0546875
0 0.3921875 0.40703125 0.0625 0.0546875
2 0.19609375 0.4703125 0.0609375 0.05625
2 0.2734375 0.30234375 0.05625 0.0546875
0 0.2515625 0.30625 0.05625 0.053125
2 0.290625 0.2234375 0.05625 0.053125
4 0.190625 0.1 0.05 0.053125
0 0.2390625 0.025 0.05 0.05
2 0.1578125 0.10859375 0.05 0.0515625
2 0.2515625 0.346875 0.05625 0.053125
2 0.0609375 0.25546875 0.05 0.0515625
2 0.01953125 0.26796875 0.0390625 0.0515625
2 0.103125 0.39921875 0.059375 0.0515625
2 0.0859375 0.65546875 0.059375 0.0515625
2 0.0921875 0.20078125 0.0625 0.0578125
2 0.06484375 0.84921875 0.0640625 0.0515625
2 0.07578125 0.8890625 0.0640625 0.053125
2 0.12734375 0.48203125 0.0515625 0.0453125
2 0.26875 0.46015625 0.05 0.0484375
2 0.23671875 0.45625 0.0609375 0.05625
2 0.340625 0.2578125 0.05625 0.053125
2 0.3921875 0.1140625 0.05625 0.053125
2 0.278125 0.5296875 0.053125 0.05625
2 0.2625 0.559375 0.053125 0.05625
2 0.31171875 0.5453125 0.0515625 0.05625
0 0.3421875 0.55859375 0.053125 0.0546875
2 0.3703125 0.56640625 0.053125 0.0546875
0 0.3890625 0.57890625 0.053125 0.0546875
2 0.39765625 0.659375 0.0609375 0.053125
0 0.37734375 0.896875 0.0546875 0.0375
0 0.38046875 0.60625 0.0609375 0.053125
2 0.225 0.8125 0.05625 0.05
2 0.07890625 0.76796875 0.0578125 0.0515625
2 0.38359375 0.74921875 0.0671875 0.0578125
0 0.665625 0.253125 0.05625 0.053125
0 0.6234375 0.2421875 0.05625 0.053125
0 0.640625 0.1828125 0.05625 0.053125
2 0.08125 0.296875 0.05625 0.053125
0 0.16875 0.15234375 0.05 0.0515625
4 0.1328125 0.14296875 0.05 0.0515625
2 0.0953125 0.16015625 0.05 0.0515625
0 0.1671875 0.15 0.05 0.053125
2 0.3109375 0.89140625 0.053125 0.0453125
2 0.58359375 0.73046875 0.0640625 0.0578125
2 0.59921875 0.53046875 0.0640625 0.0609375
2 0.578125 0.03671875 0.05625 0.0609375
2 0.5453125 0.02109375 0.05625 0.0421875
2 0.28125 0.81171875 0.059375 0.0578125
2 0.734375 0.11875 0.05625 0.053125
0 0.496875 0.1953125 0.05625 0.053125
2 0.34375 0.125 0.05625 0.053125
2 0.465625 0.240625 0.05625 0.053125
0 0.54765625 0.2640625 0.0578125 0.05625
2 0.421875 0.2859375 0.05625 0.053125
2 0.4171875 0.30625 0.05625 0.053125
2 0.340625 0.54453125 0.053125 0.0546875
0 0.2953125 0.49140625 0.053125 0.0546875
2 0.44765625 0.471875 0.0671875 0.0625
2 0.48828125 0.50234375 0.0640625 0.0609375
2 0.08671875 0.80234375 0.0671875 0.0578125
2 0.259375 0.38203125 0.0625 0.0546875
2 0.23359375 0.3796875 0.0578125 0.046875
0 0.36015625 0.409375 0.0609375 0.05625
2 0.384375 0.28125 0.05625 0.053125
2 0.028125 0.16328125 0.05 0.0515625
2 0.1375 0.62265625 0.059375 0.0515625
2 0.0203125 0.63359375 0.040625 0.0515625
2 0.08671875 0.87265625 0.0640625 0.0578125
2 0.109375 0.14765625 0.05 0.0515625
2 0.5578125 0.8078125 0.053125 0.046875
2 0.26015625 0.65234375 0.0546875 0.0484375
2 0.11484375 0.70390625 0.0546875 0.0484375
2 0.46171875 0.8578125 0.0515625 0.046875
2 0.140625 0.13359375 0.05 0.0515625
2 0.4703125 0.046875 0.05625 0.053125
2 0.4984375 0.0984375 0.05625 0.053125
0 0.4546875 0.159375 0.05625 0.053125
2 0.58125 0.1640625 0.05625 0.053125
0 0.57734375 0.37265625 0.0546875 0.0484375
2 0.49765625 0.38671875 0.0546875 0.0484375
2 0.56015625 0.36953125 0.0546875 0.0484375
2 0.634375 0.6546875 0.0625 0.05625
2 0.6359375 0.490625 0.0625 0.05625
4 0.69375 0.509375 0.0625 0.05625
0 0.10859375 0.64296875 0.0546875 0.0484375
2 0.4546875 0.2546875 0.05625 0.053125
2 0.7484375 0.5046875 0.0625 0.05625
2 0.29765625 0.83046875 0.0546875 0.0484375
2 0.1859375 0.1578125 0.05 0.053125
0 0.32890625 0.01796875 0.0640625 0.0359375
2 0.325 0.115625 0.05625 0.053125
2 0.390625 0.34375 0.05625 0.053125
2 0.4265625 0.42578125 0.0625 0.0546875
2 0.7765625 0.0828125 0.05625 0.053125
0 0.615625 0.190625 0.05625 0.053125
2 0.6546875 0.5390625 0.0625 0.05625
0 0.36953125 0.0078125 0.0640625 0.015625
2 0.40390625 0.6125 0.0609375 0.053125
2 0.1265625 0.51328125 0.05625 0.0515625
0 0.0453125 0.19140625 0.05 0.0515625
2 0.1796875 0.4015625 0.05625 0.053125
2 0.0875 0.2515625 0.059375 0.05
2 0.20546875 0.540625 0.0578125 0.053125
2 0.03515625 0.83828125 0.0640625 0.0515625
2 0.39453125 0.86015625 0.0515625 0.0453125
0 0.690625 0.32421875 0.05625 0.0484375
2 0.4671875 0.32890625 0.05625 0.0484375
0 0.65625 0.32109375 0.05625 0.0484375
0 0.65 0.365625 0.0625 0.05625
2 0.6375 0.3578125 0.0625 0.05625
0 0.1203125 0.35703125 0.059375 0.0515625
0 0.0328125 0.43359375 0.059375 0.0515625
0 0.040625 0.37109375 0.059375 0.0515625
0 0.50703125 0.00625 0.0640625 0.0125
0 0.25546875 0.86328125 0.0546875 0.0515625
0 0.39609375 0.009375 0.0640625 0.01875