2 0.11015625 0.38984375 0.0640625 0.0578125
2 0.18046875 0.11796875 0.0640625 0.0578125
2 0.21328125 0.45078125 0.0640625 0.0578125
3 0.0046875 0.11328125 0.009375 0.0578125
3 0.09296875 0.009375 0.0640625 0.01875
2 0.04453125 0.02421875 0.0640625 0.0484375
2 0.29765625 0.01171875 0.0640625 0.0234375
2 0.0046875 0.04296875 0.009375 0.0578125
2 0.0046875 0.33984375 0.009375 0.0578125
2 0.12890625 0.08984375 0.0640625 0.0578125
2 0.10390625 0.03984375 0.0640625 0.0578125
2 0.24921875 0.20703125 0.0640625 0.0578125
2 0.33203125 0.14296875 0.0640625 0.0578125
0 0.31328125 0.00859375 0.0640625 0.0171875
2 0.32109375 0.08828125 0.0640625 0.0578125
2 0.26796875 0.0109375 0.0640625 0.021875
3 0.09453125 0.08671875 0.0640625 0.0578125
3 0.00703125 0.06953125 0.0140625 0.0578125
2 0.02578125 0.69296875 0.0515625 0.0578125
2 0.03046875 0.18046875 0.0609375 0.0578125
2 0.03828125 0.19765625 0.0640625 0.0578125
2 0.13515625 0.38828125 0.0640625 0.0578125
2 0.09765625 0.39921875 0.0640625 0.0578125
2 0.0203125 0.35234375 0.040625 0.0578125
2 0.02265625 0.29921875 0.0453125 0.0578125
2 0.07265625 0.69609375 0.0640625 0.0578125
2 0.00859375 0.78359375 0.0171875 0.0578125
2 0.08359375 0.53828125 0.0640625 0.0578125
2 0.03671875 0.41640625 0.0640625 0.0578125
2 0.15859375 0.27734375 0.0640625 0.0578125
2 0.06953125 0.10546875 0.0640625 0.0578125
2 0.08203125 0.21796875 0.0640625 0.0578125
2 0.10390625 0.12890625 0.0640625 0.0578125
0 0.03671875 0.78984375 0.0640625 0.0578125
2 0.0140625 0.81015625 0.028125 0.0578125
3 0.04921875 0.67109375 0.0640625 0.0578125
2 0.24921875 0.43203125 0.0640625 0.0578125
2 0.08828125 0.46796875 0.0640625 0.0578125
2 0.14140625 0.25078125 0.0640625 0.0578125
2 0.21015625 0.12890625 0.0640625 0.0578125
2 0.04140625 0.21328125 0.0640625 0.0578125
2 0.04609375 0.24140625 0.0640625 0.0578125
2 0.16328125 0.14140625 0.0640625 0.0578125
2 0.00703125 0.18203125 0.0140625 0.0578125
2 0.28515625 0.09453125 0.0640625 0.0578125
2 0.06640625 0.0078125 0.0640625 0.015625
2 0.13359375 0.14140625 0.0640625 0.0578125
2 0.10078125 0.67421875 0.0640625 0.0578125
2 0.11015625 0.32265625 0.0640625 0.0578125
2 0.24453125 0.34140625 0.0640625 0.0578125
3 0.13984375 0.01640625 0.0640625 0.0328125
2 0.02578125 0.13984375 0.0515625 0.0578125
2 0.05390625 0.09296875 0.0640625 0.0578125
2 0.11953125 0.29609375 0.0640625 0.0578125
2 0.14921875 0.26171875 0.0640625 0.0578125
2 0.13984375 0.50703125 0.0640625 0.0578125
3 0.01875 0.67109375 0.0375 0.0578125
2 0.18515625 0.27265625 0.0640625 0.0578125
2 0.17578125 0.25390625 0.0640625 0.0578125
2 0.18359375 0.29921875 0.0640625 0.0578125
2 0.11796875 0.01953125 0.0640625 0.0390625
2 0.16328125 0.06953125 0.0640625 0.0578125
2 0.03359375 0.09609375 0.0640625 0.0578125
2 0.06953125 0.07421875 0.0640625 0.0578125
2 0.04609375 0.07734375 0.0640625 0.0578125
2 0.34921875 0.18515625 0.0640625 0.0578125
2 0.14296875 0.22734375 0.0640625 0.0578125
3 0.16171875 0.39765625 0.0640625 0.0578125
2 0.20234375 0.22421875 0.0640625 0.0578125
2 0.12421875 0.45078125 0.0640625 0.0578125
2 0.20546875 0.33359375 0.0640625 0.0578125
2 0.15859375 0.20234375 0.0640625 0.0578125
2 0.22265625 0.29921875 0.0640625 0.0578125
2 0.09140625 0.42734375 0.0640625 0.0578125
2 0.10390625 0.35703125 0.0640625 0.0578125
2 0.03984375 0.11328125 0.0640625 0.0578125
2 0.3296875 0.465625 0.065625 0.059375
2 0.20390625 0.24609375 0.0640625 0.0578125
2 0.11484375 0.51796875 0.0640625 0.0578125
2 0.23515625 0.46015625 0.0640625 0.0578125
3 0.01328125 0.28125 0.0265625 0.05625
2 0.23984375 0.17890625 0.0640625 0.0578125
2 0.00625 0.52890625 0.0125 0.0578125
2 0.28203125 0.2375 0.0640625 0.059375
2 0.30546875 0.2375 0.0640625 0.059375
0 0.16953125 0.02421875 0.0640625 0.0484375
2 0.3015625 0.4296875 0.065625 0.05625
2 0.221875 0.16015625 0.071875 0.0640625
0 0.35390625 0.03984375 0.0640625 0.0578125
0 0.33203125 0.01484375 0.0640625 0.0296875
0 0.32109375 0.02109375 0.0640625 0.0421875
2 0.2953125 0.153125 0.078125 0.0625