3 0.9390625 0.32265625 0.065625 0.0609375
2 0.9140625 0.78046875 0.065625 0.0609375
2 0.71171875 0.62265625 0.0671875 0.0609375
2 0.55 0.57890625 0.065625 0.0609375
2 0.7296875 0.49453125 0.065625 0.0609375
2 0.8453125 0.43515625 0.065625 0.0609375
2 0.8703125 0.46328125 0.065625 0.0609375
2 0.95625 0.47578125 0.065625 0.0609375
2 0.909375 0.4734375 0.065625 0.059375
2 0.8328125 0.34921875 0.065625 0.0609375
2 0.8453125 0.07265625 0.065625 0.0609375
2 0.7921875 0.06796875 0.065625 0.0609375
2 0.7609375 0.09609375 0.065625 0.0609375
2 0.690625 0.66796875 0.065625 0.0609375
2 0.4921875 0.68515625 0.065625 0.0609375
2 0.5515625 0.54453125 0.065625 0.0609375
2 0.50625 0.64609375 0.065625 0.0609375
2 0.8421875 0.09609375 0.065625 0.0609375
2 0.81875 0.07734375 0.065625 0.0609375
2 0.89609375 0.09765625 0.0671875 0.0609375
2 0.9109375 0.04609375 0.065625 0.0609375
3 0.8640625 0.15390625 0.065625 0.0609375
2 0.85625 0.17578125 0.065625 0.0609375
2 0.815625 0.55703125 0.065625 0.0609375
2 0.921875 0.27421875 0.065625 0.0609375
2 0.9671875 0.31328125 0.065625 0.0609375
2 0.65625 0.39296875 0.065625 0.0609375
2 0.8359375 0.42734375 0.065625 0.0609375
2 0.73125 0.47421875 0.065625 0.0609375
2 0.7625 0.49296875 0.065625 0.0609375
2 0.7921875 0.52109375 0.065625 0.0609375
2 0.7265625 0.60234375 0.065625 0.0609375
2 0.8234375 0.60234375 0.065625 0.0578125
2 0.8078125 0.62265625 0.065625 0.0609375
2 0.92578125 0.53984375 0.0640625 0.0578125
2 0.96953125 0.51484375 0.0609375 0.0578125
2 0.60390625 0.73359375 0.0640625 0.0578125
2 0.97890625 0.66015625 0.0421875 0.0578125
2 0.9 0.7 0.065625 0.05625
2 0.9859375 0.70859375 0.028125 0.0578125
3 0.74140625 0.64140625 0.0640625 0.0578125
2 0.9765625 0.63046875 0.046875 0.0578125
2 0.59296875 0.71171875 0.0640625 0.0578125
3 0.39296875 0.56328125 0.0640625 0.0578125
2 0.31015625 0.66484375 0.0640625 0.0578125
2 0.38984375 0.77578125 0.0640625 0.0578125
2 0.95546875 0.76484375 0.0640625 0.0578125
2 0.97109375 0.72890625 0.0578125 0.0578125
2 0.96953125 0.68828125 0.0609375 0.0578125
2 0.98359375 0.61328125 0.0328125 0.0578125
2 0.903125 0.10859375 0.065625 0.0609375
2 0.909375 0.07578125 0.065625 0.0609375
2 0.925 0.13359375 0.065625 0.0609375
2 0.9203125 0.12421875 0.065625 0.0609375
2 0.99453125 0.046875 0.0109375 0.0625
2 0.75625 0.13046875 0.065625 0.0609375
2 0.6984375 0.15859375 0.065625 0.0609375
3 0.5921875 0.07734375 0.065625 0.0609375
2 0.6109375 0.28203125 0.065625 0.0609375
2 0.8328125 0.24609375 0.065625 0.0609375
2 0.96796875 0.38359375 0.0640625 0.0609375
2 0.97421875 0.38515625 0.0515625 0.0609375
2 0.759375 0.53828125 0.065625 0.0609375
2 0.7359375 0.57734375 0.065625 0.0609375
2 0.5078125 0.67734375 0.065625 0.0609375
2 0.59609375 0.68203125 0.0640625 0.0578125
4 0.58828125 0.69609375 0.0640625 0.0578125
2 0.71484375 0.71640625 0.0640625 0.0546875
3 0.73359375 0.68046875 0.0640625 0.0578125
2 0.93359375 0.78515625 0.0640625 0.0578125
2 0.98984375 0.47421875 0.0203125 0.0578125
2 0.96484375 0.42265625 0.0640625 0.0578125
2 0.93203125 0.2390625 0.0640625 0.05625
3 0.81328125 0.29453125 0.0640625 0.0578125
2 0.97265625 0.05234375 0.0546875 0.0578125
2 0.9796875 0.23984375 0.040625 0.0578125
2 0.9703125 0.23671875 0.059375 0.0578125
2 0.86328125 0.23046875 0.0640625 0.0578125
2 0.90703125 0.21015625 0.0640625 0.0578125
2 0.98671875 0.04765625 0.0265625 0.0578125
2 0.94765625 0.04765625 0.0640625 0.0578125
2 0.95859375 0.0265625 0.0640625 0.021875
2 0.54921875 0.07890625 0.0640625 0.0578125
0 0.97421875 0.04453125 0.0515625 0.0578125
2 0.65078125 0.15859375 0.0671875 0.0609375
2 0.6375 0.12421875 0.065625 0.0609375
2 0.39765625 0.58984375 0.0640625 0.0578125
2 0.44296875 0.63984375 0.0640625 0.0578125
2 0.42890625 0.61796875 0.0640625 0.0578125
3 0.43828125 0.66171875 0.0640625 0.0578125
4 0.43515625 0.55234375 0.0640625 0.0578125
2 0.56328125 0.67578125 0.0640625 0.0578125
3 0.36953125 0.79609375 0.0640625 0.0578125
2 0.36640625 0.76171875 0.0640625 0.0578125
2 0.5828125 0.809375 0.0625 0.05625
2 0.55859375 0.78671875 0.0640625 0.0578125
2 0.53046875 0.76796875 0.0640625 0.0578125
2 0.58046875 0.75703125 0.0640625 0.0578125
2 0.98203125 0.76328125 0.0359375 0.0578125
2 0.88671875 0.67109375 0.0640625 0.0578125
2 0.99453125 0.90859375 0.0109375 0.0578125
2 0.96953125 0.90078125 0.0609375 0.0578125
2 0.80234375 0.975 0.0640625 0.05
2 0.99453125 0.73671875 0.0109375 0.0578125
2 0.81171875 0.19140625 0.0640625 0.0578125
2 0.90859375 0.40703125 0.0640625 0.0578125
2 0.91484375 0.37421875 0.0640625 0.0578125
2 0.93671875 0.41640625 0.0640625 0.0578125
3 0.87890625 0.28203125 0.0640625 0.0578125
2 0.77734375 0.22265625 0.0640625 0.0578125
2 0.65078125 0.12265625 0.0640625 0.0578125
2 0.86953125 0.07109375 0.0640625 0.0578125
2 0.91171875 0.17109375 0.0640625 0.0578125
2 0.98125 0.10078125 0.0375 0.0578125
3 0.76484375 0.0328125 0.0640625 0.059375
2 0.86171875 0.04453125 0.0609375 0.0578125
2 0.8 0.10703125 0.06875 0.0578125
2 0.81328125 0.2140625 0.0640625 0.059375
2 0.44375 0.47109375 0.065625 0.0609375
2 0.65234375 0.21015625 0.0640625 0.0578125
2 0.725 0.14765625 0.065625 0.0578125
2 0.74375 0.17109375 0.0625 0.0609375
2 0.6078125 0.12890625 0.065625 0.0609375
2 0.33046875 0.61328125 0.0640625 0.0578125
4 0.41953125 0.57890625 0.0640625 0.0578125
2 0.36640625 0.92578125 0.0640625 0.0578125
2 0.65234375 0.83046875 0.0640625 0.0578125
2 0.72734375 0.92578125 0.0640625 0.0578125
2 0.71328125 0.89140625 0.0640625 0.0578125
2 0.76796875 0.91484375 0.0640625 0.0578125
2 0.94921875 0.86640625 0.0640625 0.0578125
3 0.87578125 0.82265625 0.0640625 0.0578125
2 0.84140625 0.82890625 0.0640625 0.0578125
2 0.78671875 0.77421875 0.0640625 0.0578125
3 0.81328125 0.68046875 0.0640625 0.0578125
2 0.79140625 0.71328125 0.0640625 0.0578125
2 0.984375 0.75546875 0.03125 0.0546875
2 0.85234375 0.66015625 0.0640625 0.0578125
2 0.91640625 0.61328125 0.0640625 0.0578125
2 0.9359375 0.6203125 0.065625 0.059375
2 0.90390625 0.57890625 0.0640625 0.0578125
2 0.90390625 0.51796875 0.0640625 0.0578125
2 0.72578125 0.51171875 0.0640625 0.0578125
2 0.9734375 0.490625 0.053125 0.053125
2 0.93828125 0.28515625 0.0640625 0.0578125
2 0.9890625 0.42109375 0.021875 0.0578125
2 0.87890625 0.31484375 0.0640625 0.0578125
2 0.96328125 0.26015625 0.0640625 0.0578125
2 0.97890625 0.33828125 0.0421875 0.0609375
2 0.97265625 0.34296875 0.0546875 0.0609375
2 0.89609375 0.05 0.0640625 0.05625
2 0.82734375 0.04453125 0.0640625 0.0578125
2 0.81328125 0.05078125 0.0640625 0.0578125
2 0.303125 0.55703125 0.065625 0.0609375
2 0.6546875 0.32890625 0.065625 0.0609375
2 0.3296875 0.38046875 0.065625 0.0609375
3 0.2890625 0.37890625 0.065625 0.0609375
2 0.4015625 0.50234375 0.065625 0.0609375
2 0.3359375 0.52734375 0.065625 0.0609375
2 0.26875 0.57578125 0.065625 0.0609375
2 0.2609375 0.51953125 0.065625 0.0609375
2 0.2703125 0.44296875 0.065625 0.0609375
2 0.42265625 0.67421875 0.0640625 0.0578125
2 0.39296875 0.61796875 0.0640625 0.0578125
2 0.33828125 0.95390625 0.0640625 0.0578125
2 0.35078125 0.98515625 0.0640625 0.0296875
2 0.50546875 0.95859375 0.0640625 0.0578125
2 0.54609375 0.95234375 0.0640625 0.0546875
2 0.57421875 0.90234375 0.0640625 0.0578125
2 0.54296875 0.93359375 0.0640625 0.0578125
2 0.63203125 0.99140625 0.0640625 0.0171875
2 0.53203125 0.97734375 0.0640625 0.0453125
2 0.52265625 0.96171875 0.0640625 0.0578125
2 0.31171875 0.25078125 0.0640625 0.0578125
2 0.98828125 0.35859375 0.0234375 0.0609375
2 0.85859375 0.35859375 0.0640625 0.0578125
2 0.89296875 0.33203125 0.0640625 0.0578125
2 0.71796875 0.24453125 0.0640625 0.0578125
2 0.73984375 0.21171875 0.0640625 0.0578125
2 0.5421875 0.66796875 0.0625 0.0578125
2 0.525 0.69609375 0.065625 0.0609375
2 0.453125 0.75859375 0.065625 0.0609375
2 0.6390625 0.18203125 0.065625 0.0609375
2 0.590625 0.140625 0.065625 0.059375
2 0.7046875 0.21015625 0.065625 0.0609375
2 0.7 0.2328125 0.065625 0.059375
2 0.709375 0.18203125 0.065625 0.0609375
2 0.4203125 0.45390625 0.065625 0.0609375
3 0.41640625 0.70546875 0.0640625 0.0578125
2 0.38359375 0.65859375 0.0640625 0.0578125
2 0.36328125 0.62421875 0.0640625 0.0578125
2 0.534375 0.62265625 0.065625 0.0609375
2 0.6296875 0.59453125 0.065625 0.0609375
2 0.3453125 0.68984375 0.065625 0.0609375
2 0.3875 0.68046875 0.065625 0.0609375
2 0.3578125 0.99375 0.065625 0.0125
2 0.41328125 0.53046875 0.0640625 0.0578125
2 0.99140625 0.0921875 0.0171875 0.05625
2 0.9703125 0.12734375 0.059375 0.0578125
2 0.96640625 0.15078125 0.0640625 0.0578125
2 0.9109375 0.14453125 0.065625 0.0578125
2 0.97421875 0.06484375 0.0515625 0.0578125
2 0.77265625 0.25703125 0.0640625 0.0578125
2 0.990625 0.88046875 0.01875 0.0578125
2 0.81484375 0.97265625 0.0640625 0.0546875
2 0.8765625 0.41796875 0.065625 0.0609375
2 0.81484375 0.91328125 0.0640625 0.0578125
3 0.76796875 0.89765625 0.0640625 0.0578125
3 0.196875 0.53671875 0.065625 0.0609375
2 0.6921875 0.56328125 0.065625 0.0609375
2 0.384375 0.42578125 0.065625 0.0609375
2 0.3296875 0.48515625 0.065625 0.0609375
2 0.565625 0.56796875 0.065625 0.0609375
2 0.440625 0.721875 0.065625 0.059375
2 0.640625 0.08515625 0.065625 0.0609375
2 0.740625 0.30390625 0.065625 0.0609375
2 0.55625 0.23046875 0.065625 0.0609375
2 0.6203125 0.17578125 0.065625 0.0609375
2 0.290625 0.65078125 0.065625 0.0609375
2 0.48125 0.78046875 0.065625 0.0609375
3 0.30078125 0.95703125 0.0640625 0.0578125
2 0.765625 0.678125 0.0625 0.05625
2 0.909375 0.63984375 0.0625 0.0578125
2 0.84921875 0.56015625 0.0640625 0.0578125
2 0.7203125 0.43046875 0.065625 0.0609375
2 0.81328125 0.03359375 0.0671875 0.0609375
2 0.796875 0.11796875 0.06875 0.0578125
2 0.9890625 0.11484375 0.021875 0.0578125
2 0.9953125 0.93984375 0.009375 0.0578125
2 0.59140625 0.76796875 0.0640625 0.0578125
2 0.58828125 0.82421875 0.0640625 0.0578125
2 0.73515625 0.79765625 0.0640625 0.0578125
2 0.62265625 0.70859375 0.0640625 0.0578125
2 0.3171875 0.69453125 0.065625 0.0609375
2 0.72109375 0.04453125 0.0640625 0.0578125
3 0.71796875 0.04375 0.0640625 0.05625
2 0.71015625 0.09921875 0.0640625 0.0578125
2 0.60234375 0.04921875 0.0640625 0.0578125
2 0.425 0.83359375 0.065625 0.0609375
2 0.4046875 0.81015625 0.065625 0.0609375
2 0.5796875 0.17421875 0.065625 0.0609375
3 0.378125 0.72890625 0.065625 0.0609375
2 0.440625 0.77421875 0.065625 0.0609375
2 0.26796875 0.91953125 0.0640625 0.0578125
2 0.60859375 0.93984375 0.0640625 0.0578125
2 0.61015625 0.9890625 0.0640625 0.021875
2 0.88203125 0.89765625 0.0640625 0.0578125
2 0.89609375 0.62578125 0.0640625 0.0578125
2 0.3640625 0.34453125 0.065625 0.0609375
2 0.69453125 0.06484375 0.0640625 0.0578125
2 0.784375 0.42890625 0.065625 0.0609375
2 0.7875 0.40859375 0.065625 0.0609375
2 0.90703125 0.390625 0.0671875 0.0625
2 0.98359375 0.53046875 0.0328125 0.0578125
2 0.87890625 0.21484375 0.0640625 0.0578125
2 0.971875 0.26796875 0.05625 0.0578125
2 0.7203125 0.37890625 0.065625 0.0609375
2 0.3953125 0.42265625 0.065625 0.0609375
2 0.284375 0.32265625 0.065625 0.0609375
2 0.296875 0.29453125 0.065625 0.0609375
2 0.5921875 0.62421875 0.065625 0.0609375
2 0.3796875 0.46328125 0.065625 0.0609375
2 0.5546875 0.53671875 0.065625 0.0609375
2 0.5046875 0.58984375 0.065625 0.0609375
2 0.5546875 0.63203125 0.065625 0.0609375
2 0.6171875 0.97265625 0.05625 0.0546875
2 0.77734375 0.69609375 0.0640625 0.0578125
2 0.84140625 0.79296875 0.0640625 0.0578125
2 0.71171875 0.69765625 0.0640625 0.0578125
2 0.63203125 0.40546875 0.0578125 0.0515625
2 0.70390625 0.47109375 0.0578125 0.0515625
2 0.36875 0.31796875 0.065625 0.0609375
2 0.503125 0.08515625 0.065625 0.0609375
2 0.5015625 0.1125 0.065625 0.0625
2 0.4390625 0.14609375 0.065625 0.0609375
0 0.6484375 0.24609375 0.065625 0.0609375
2 0.6703125 0.06015625 0.065625 0.0609375
2 0.78203125 0.20703125 0.0640625 0.0578125
2 0.98984375 0.26640625 0.0203125 0.0578125
2 0.86953125 0.51796875 0.0640625 0.0578125
2 0.80546875 0.36640625 0.0640625 0.0578125
2 0.96171875 0.56796875 0.0640625 0.0578125
2 0.88046875 0.71171875 0.0640625 0.0578125
2 0.77734375 0.64609375 0.0640625 0.0578125
2 0.96875 0.85390625 0.0625 0.0578125
2 0.96953125 0.79765625 0.0609375 0.0578125
2 0.978125 0.68671875 0.04375 0.0578125
2 0.82890625 0.18203125 0.0703125 0.0609375
2 0.84765625 0.14609375 0.0703125 0.0609375
2 0.940625 0.203125 0.071875 0.0625
2 0.94375 0.18671875 0.065625 0.0609375
2 0.6484375 0.27890625 0.065625 0.0609375
2 0.65390625 0.29921875 0.0671875 0.0609375
2 0.44296875 0.08203125 0.0703125 0.0609375
2 0.4234375 0.21328125 0.075 0.0609375
2 0.4046875 0.43046875 0.065625 0.0609375
2 0.2140625 0.48515625 0.065625 0.0609375
2 0.2890625 0.51953125 0.065625 0.0609375
2 0.2390625 0.52890625 0.065625 0.0609375
2 0.646875 0.97265625 0.065625 0.0546875
2 0.3890625 0.86015625 0.065625 0.0609375
2 0.6671875 0.58359375 0.065625 0.0609375
2 0.565625 0.1015625 0.065625 0.0625
0 0.775 0.05546875 0.065625 0.0609375
2 0.896875 0.23671875 0.065625 0.0609375
0 0.84296875 0.47578125 0.0640625 0.0578125
0 0.81015625 0.48984375 0.0640625 0.0578125
0 0.83203125 0.50390625 0.0640625 0.0578125
0 0.88515625 0.59765625 0.0640625 0.0578125
0 0.88671875 0.58515625 0.0640625 0.0578125
2 0.84609375 0.86171875 0.0640625 0.0578125
2 0.82890625 0.93046875 0.0640625 0.0578125
2 0.84609375 0.98828125 0.0640625 0.0234375
2 0.99375 0.97734375 0.0125 0.0453125
2 0.4859375 0.30859375 0.065625 0.0640625
2 0.696875 0.50390625 0.065625 0.0609375
2 0.25625 0.48515625 0.065625 0.0609375
2 0.7 0.40859375 0.065625 0.0609375
2 0.6671875 0.45703125 0.065625 0.0609375
2 0.4515625 0.45703125 0.065625 0.0609375
2 0.521875 0.28515625 0.065625 0.0609375
2 0.48125 0.21015625 0.065625 0.0609375
2 0.2359375 0.56171875 0.065625 0.0609375
2 0.57578125 0.9828125 0.0640625 0.034375
2 0.68515625 0.69765625 0.0640625 0.0578125
2 0.76953125 0.98203125 0.0640625 0.0359375
2 0.63046875 0.74453125 0.0640625 0.0578125
2 0.4734375 0.22109375 0.065625 0.0609375
2 0.4703125 0.46953125 0.065625 0.0609375
2 0.56875 0.40703125 0.065625 0.0609375
2 0.9375 0.07578125 0.0625 0.0546875
2 0.9734375 0.08671875 0.053125 0.0546875
2 0.97109375 0.78359375 0.0578125 0.0578125
2 0.496875 0.18203125 0.065625 0.0609375
2 0.353125 0.45390625 0.065625 0.0609375
2 0.4109375 0.90703125 0.065625 0.0609375
2 0.64765625 0.94140625 0.0640625 0.0578125
2 0.5296875 0.83671875 0.065625 0.0609375
3 0.565625 0.86953125 0.065625 0.0609375
2 0.465625 0.56171875 0.065625 0.0609375
2 0.5734375 0.50859375 0.065625 0.0609375
2 0.2 0.56640625 0.065625 0.0609375
2 0.575 0.48671875 0.065625 0.0609375
2 0.1671875 0.50546875 0.065625 0.0609375
2 0.64375 0.50546875 0.065625 0.0609375
0 0.69453125 0.83515625 0.0640625 0.0578125
2 0.640625 0.03203125 0.065625 0.0578125