2 0.11015625 0.72578125 0.0640625 0.0578125
2 0.18046875 0.45390625 0.0640625 0.0578125
2 0.21328125 0.78671875 0.0640625 0.0578125
2 0.10703125 0.19765625 0.0640625 0.0578125
3 0.0046875 0.44921875 0.009375 0.0578125
3 0.09296875 0.32578125 0.0640625 0.0578125
2 0.04453125 0.35546875 0.0640625 0.0578125
2 0.29765625 0.33046875 0.0640625 0.0578125
2 0.0046875 0.37890625 0.009375 0.0578125
2 0.0046875 0.67578125 0.009375 0.0578125
2 0.12890625 0.42578125 0.0640625 0.0578125
2 0.10390625 0.37578125 0.0640625 0.0578125
2 0.24921875 0.54296875 0.0640625 0.0578125
2 0.33203125 0.47890625 0.0640625 0.0578125
0 0.31328125 0.32421875 0.0640625 0.0578125
2 0.32109375 0.42421875 0.0640625 0.0578125
2 0.26796875 0.32890625 0.0640625 0.0578125
2 0.07421875 0.29453125 0.0640625 0.0578125
3 0.09453125 0.42265625 0.0640625 0.0578125
3 0.00703125 0.40546875 0.0140625 0.0578125
2 0.10703125 0.25234375 0.0640625 0.0578125
2 0.03671875 0.26796875 0.0640625 0.0578125
2 0.0171875 0.28671875 0.034375 0.0578125
3 0.259375 0.16796875 0.065625 0.0578125
2 0.22578125 0.17109375 0.0640625 0.0578125
2 0.18203125 0.21171875 0.0640625 0.0578125
2 0.15625 0.21328125 0.0625 0.0578125
2 0.03046875 0.51640625 0.0609375 0.0578125
2 0.03828125 0.53359375 0.0640625 0.0578125
2 0.13515625 0.72421875 0.0640625 0.0578125
2 0.09765625 0.73515625 0.0640625 0.0578125
2 0.0203125 0.68828125 0.040625 0.0578125
2 0.02265625 0.63515625 0.0453125 0.0578125
2 0.08359375 0.87421875 0.0640625 0.0578125
2 0.03671875 0.75234375 0.0640625 0.0578125
2 0.15859375 0.61328125 0.0640625 0.0578125
2 0.06953125 0.44140625 0.0640625 0.0578125
2 0.08203125 0.55390625 0.0640625 0.0578125
2 0.10390625 0.46484375 0.0640625 0.0578125
2 0.07578125 0.23671875 0.0640625 0.0578125
3 0.04921875 0.9890625 0.0640625 0.021875
2 0.24921875 0.76796875 0.0640625 0.0578125
2 0.08828125 0.80390625 0.0640625 0.0578125
2 0.14140625 0.58671875 0.0640625 0.0578125
2 0.21015625 0.46484375 0.0640625 0.0578125
2 0.04140625 0.54921875 0.0640625 0.0578125
2 0.04609375 0.57734375 0.0640625 0.0578125
2 0.16328125 0.47734375 0.0640625 0.0578125
2 0.00703125 0.51796875 0.0140625 0.0578125
2 0.23359375 0.10078125 0.0640625 0.0578125
2 0.28515625 0.43046875 0.0640625 0.0578125
2 0.06640625 0.32265625 0.0640625 0.0578125
2 0.20078125 0.29453125 0.0640625 0.0578125
2 0.13359375 0.47734375 0.0640625 0.0578125
2 0.17578125 0.29921875 0.0640625 0.0578125
2 0.26484375 0.30390625 0.0640625 0.0578125
2 0.09140625 0.25703125 0.0640625 0.0578125
2 0.10390625 0.28828125 0.0640625 0.0578125
2 0.07421875 0.16796875 0.0640625 0.0578125
2 0.06171875 0.20234375 0.0640625 0.0578125
2 0.12734375 0.16796875 0.0640625 0.0578125
2 0.10078125 0.990625 0.0640625 0.01875
2 0.11015625 0.65859375 0.0640625 0.0578125
2 0.24453125 0.67734375 0.0640625 0.0578125
2 0.05546875 0.23828125 0.0640625 0.0578125
3 0.13984375 0.33984375 0.0640625 0.0578125
2 0.02578125 0.47578125 0.0515625 0.0578125
2 0.009375 0.09765625 0.01875 0.0578125
2 0.021875 0.196875 0.04375 0.05625
2 0.05390625 0.42890625 0.0640625 0.0578125
2 0.11953125 0.63203125 0.0640625 0.0578125
2 0.14921875 0.59765625 0.0640625 0.0578125
2 0.13984375 0.84296875 0.0640625 0.0578125
3 0.01875 0.9890625 0.0375 0.021875
2 0.18515625 0.60859375 0.0640625 0.0578125
2 0.17578125 0.58984375 0.0640625 0.0578125
2 0.18359375 0.63515625 0.0640625 0.0578125
2 0.11796875 0.34609375 0.0640625 0.0578125
2 0.16328125 0.40546875 0.0640625 0.0578125
2 0.04921875 0.17109375 0.0640625 0.0578125
2 0.08671875 0.22734375 0.0640625 0.0578125
2 0.27421875 0.12578125 0.0640625 0.0578125
2 0.04921875 0.06328125 0.0640625 0.0578125
2 0.03359375 0.43203125 0.0640625 0.0578125
2 0.06953125 0.41015625 0.0640625 0.0578125
2 0.04609375 0.41328125 0.0640625 0.0578125
2 0.34921875 0.52109375 0.0640625 0.0578125
2 0.17265625 0.15859375 0.0640625 0.0578125
2 0.14296875 0.56328125 0.0640625 0.0578125
3 0.16171875 0.73359375 0.0640625 0.0578125
2 0.20234375 0.56015625 0.0640625 0.0578125
2 0.12421875 0.78671875 0.0640625 0.0578125
2 0.20546875 0.66953125 0.0640625 0.0578125
2 0.15859375 0.53828125 0.0640625 0.0578125
2 0.22265625 0.63515625 0.0640625 0.0578125
2 0.20859375 0.21640625 0.0640625 0.0578125
2 0.04453125 0.09296875 0.0640625 0.0578125
3 0.18984375 0.17421875 0.0640625 0.0578125
2 0.09140625 0.76328125 0.0640625 0.0578125
2 0.10390625 0.69296875 0.0640625 0.0578125
2 0.20546875 0.184375 0.0640625 0.059375
2 0.04296875 0.1265625 0.0640625 0.059375
2 0.03984375 0.44921875 0.0640625 0.0578125
2 0.3296875 0.8015625 0.065625 0.059375
2 0.20390625 0.58203125 0.0640625 0.0578125
2 0.11484375 0.85390625 0.0640625 0.0578125
2 0.23515625 0.79609375 0.0640625 0.0578125
3 0.01328125 0.6171875 0.0265625 0.05625
2 0.23984375 0.51484375 0.0640625 0.0578125
2 0.00625 0.86484375 0.0125 0.0578125
2 0.28203125 0.5734375 0.0640625 0.059375
2 0.30546875 0.5734375 0.0640625 0.059375
0 0.16953125 0.35546875 0.0640625 0.0578125
2 0.3015625 0.765625 0.065625 0.05625
2 0.221875 0.49609375 0.071875 0.0640625
0 0.35390625 0.37578125 0.0640625 0.0578125
0 0.33203125 0.33671875 0.0640625 0.0578125
0 0.32109375 0.34921875 0.0640625 0.0578125
2 0.2953125 0.4890625 0.078125 0.0625