3 0.0390625 0.00859375 0.065625 0.0171875
2 0.0234375 0.44453125 0.046875 0.0609375
2 0.05625 0.13984375 0.065625 0.0609375
2 0.02109375 0.1375 0.0421875 0.059375
2 0.06796875 0.00390625 0.0671875 0.0078125
2 0.15546875 0.29453125 0.0640625 0.0578125
2 0.02890625 0.20390625 0.0578125 0.0578125
2 0.07109375 0.17890625 0.0640625 0.0578125
3 0.23359375 0.27890625 0.0640625 0.0578125
2 0.12734375 0.28046875 0.0640625 0.0578125
2 0.08984375 0.32421875 0.0640625 0.0578125
2 0.01640625 0.3640625 0.0328125 0.05625
2 0.10390625 0.37265625 0.0640625 0.0578125
2 0.08515625 0.29453125 0.0640625 0.0578125
2 0.05546875 0.42890625 0.0640625 0.0578125
2 0.07421875 0.39296875 0.0640625 0.0578125
2 0.07109375 0.35234375 0.0640625 0.0578125
2 0.09921875 0.27734375 0.0640625 0.0578125
2 0.06953125 0.04765625 0.0671875 0.0609375
2 0.08125 0.04921875 0.065625 0.0609375
2 0.31171875 0.08671875 0.0640625 0.0578125
2 0.03359375 0.44921875 0.0640625 0.0578125
2 0.38046875 0.41015625 0.0640625 0.0578125
2 0.38984375 0.36953125 0.0640625 0.0578125
2 0.36484375 0.39453125 0.0640625 0.0578125
2 0.16328125 0.25546875 0.0640625 0.0578125
3 0.39765625 0.55078125 0.0640625 0.0578125
2 0.58515625 0.38984375 0.0640625 0.0578125
2 0.34765625 0.09140625 0.0640625 0.0578125
2 0.31015625 0.61328125 0.0640625 0.0578125
2 0.44296875 0.37578125 0.0640625 0.0578125
2 0.65546875 0.11796875 0.0640625 0.0578125
2 0.68828125 0.45078125 0.0640625 0.0578125
3 0.45234375 0.11328125 0.0640625 0.0578125
2 0.33203125 0.06015625 0.0640625 0.0578125
2 0.30859375 0.03984375 0.0640625 0.0578125
2 0.25078125 0.05859375 0.0640625 0.0578125
2 0.2140625 0.04296875 0.065625 0.0578125
2 0.11171875 0.13828125 0.0640625 0.0578125
3 0.56796875 0.009375 0.0640625 0.01875
2 0.06484375 0.08671875 0.0640625 0.0578125
2 0.51953125 0.02421875 0.0640625 0.0484375
2 0.77265625 0.01171875 0.0640625 0.0234375
2 0.45234375 0.04296875 0.0640625 0.0578125
2 0.45234375 0.33984375 0.0640625 0.0578125
2 0.60390625 0.08984375 0.0640625 0.0578125
2 0.57890625 0.03984375 0.0640625 0.0578125
2 0.72421875 0.20703125 0.0640625 0.0578125
2 0.80703125 0.14296875 0.0640625 0.0578125
0 0.78828125 0.00859375 0.0640625 0.0171875
2 0.79609375 0.08828125 0.0640625 0.0578125
2 0.74296875 0.0109375 0.0640625 0.021875
3 0.56953125 0.08671875 0.0640625 0.0578125
2 0.43046875 0.06171875 0.0640625 0.0578125
3 0.45703125 0.06953125 0.0640625 0.0578125
2 0.14609375 0.38671875 0.0640625 0.0578125
2 0.09609375 0.42734375 0.0640625 0.0578125
2 0.009375 0.33515625 0.01875 0.0578125
2 0.20078125 0.50234375 0.0640625 0.0578125
2 0.19609375 0.53671875 0.0640625 0.0578125
2 0.14140625 0.52109375 0.0640625 0.0578125
2 0.12109375 0.57265625 0.0640625 0.0578125
2 0.21640625 0.54453125 0.0640625 0.0578125
2 0.07109375 0.56484375 0.0640625 0.0578125
2 0.20859375 0.38984375 0.0640625 0.0578125
2 0.27578125 0.54921875 0.0640625 0.0578125
2 0.12109375 0.40078125 0.0640625 0.0578125
2 0.0203125 0.07109375 0.040625 0.0578125
2 0.0234375 0.03828125 0.046875 0.0578125
2 0.03671875 0.08046875 0.0640625 0.0578125
2 0.49453125 0.69296875 0.0640625 0.0578125
2 0.34921875 0.4140625 0.0640625 0.05625
2 0.09921875 0.69453125 0.0640625 0.0578125
2 0.27578125 0.61640625 0.0640625 0.0578125
2 0.14453125 0.62265625 0.0640625 0.0578125
2 0.04921875 0.53046875 0.0640625 0.0578125
3 0.00390625 0.48671875 0.0078125 0.0578125
2 0.10078125 0.41953125 0.0640625 0.0546875
2 0.17890625 0.42578125 0.0640625 0.0578125
2 0.02421875 0.27734375 0.0484375 0.0578125
2 0.0359375 0.284375 0.065625 0.059375
2 0.01796875 0.24296875 0.0359375 0.0578125
2 0.01796875 0.18203125 0.0359375 0.0578125
2 0.20390625 0.06953125 0.0640625 0.0578125
2 0.07890625 0.1546875 0.0640625 0.053125
2 0.11015625 0.08515625 0.0640625 0.0578125
2 0.090625 0.01640625 0.065625 0.0328125
2 0.078125 0.01875 0.065625 0.0375
2 0.50390625 0.18046875 0.0640625 0.0578125
2 0.35390625 0.20546875 0.0640625 0.0578125
2 0.26015625 0.18359375 0.0640625 0.0578125
2 0.43671875 0.19453125 0.0640625 0.0578125
2 0.44453125 0.17265625 0.0640625 0.0578125
2 0.51328125 0.19765625 0.0640625 0.0578125
2 0.61015625 0.38828125 0.0640625 0.0578125
2 0.57265625 0.39921875 0.0640625 0.0578125
2 0.48359375 0.35234375 0.0640625 0.0578125
2 0.48828125 0.29921875 0.0640625 0.0578125
2 0.44296875 0.4546875 0.0640625 0.05625
2 0.42890625 0.47421875 0.0640625 0.0578125
2 0.40078125 0.59453125 0.0640625 0.0578125
2 0.30859375 0.63515625 0.0640625 0.0578125
2 0.31484375 0.69765625 0.0640625 0.0578125
2 0.54765625 0.69609375 0.0640625 0.0578125
2 0.46015625 0.78359375 0.0640625 0.0578125
2 0.55859375 0.53828125 0.0640625 0.0578125
2 0.51171875 0.41640625 0.0640625 0.0578125
2 0.63359375 0.27734375 0.0640625 0.0578125
3 0.36953125 0.25703125 0.0640625 0.0578125
3 0.3171875 0.48828125 0.065625 0.0578125
3 0.25859375 0.45078125 0.0640625 0.0578125
2 0.18046875 0.84921875 0.0640625 0.0578125
2 0.22421875 0.43828125 0.0640625 0.0578125
2 0.27109375 0.53203125 0.0640625 0.0578125
2 0.36015625 0.49140625 0.0640625 0.0578125
2 0.14609375 0.55234375 0.0640625 0.0578125
2 0.27734375 0.46796875 0.0640625 0.0578125
2 0.31640625 0.51328125 0.0640625 0.0578125
2 0.33984375 0.48359375 0.0640625 0.0578125
2 0.109375 0.0265625 0.065625 0.053125
2 0.0125 0.0125 0.025 0.025
2 0.22734375 0.0125 0.0640625 0.025
2 0.22265625 0.02734375 0.0640625 0.0546875
2 0.54453125 0.10546875 0.0640625 0.0578125
2 0.55703125 0.21796875 0.0640625 0.0578125
2 0.57890625 0.12890625 0.0640625 0.0578125
3 0.34140625 0.23984375 0.0640625 0.0578125
2 0.33515625 0.14140625 0.0640625 0.0578125
2 0.31796875 0.18203125 0.0640625 0.0578125
2 0.39453125 0.0125 0.0640625 0.025
2 0.17265625 0.69453125 0.0640625 0.0578125
2 0.21171875 0.71484375 0.0640625 0.0578125
2 0.39296875 0.82421875 0.0640625 0.0578125
2 0.03359375 0.74296875 0.0640625 0.0578125
2 0.11328125 0.54453125 0.0640625 0.0578125
2 0.275 0.503125 0.065625 0.05625
0 0.51171875 0.78984375 0.0640625 0.0578125
2 0.47109375 0.81015625 0.0640625 0.0578125
2 0.44765625 0.81484375 0.0640625 0.0578125
3 0.52421875 0.67109375 0.0640625 0.0578125
2 0.72421875 0.43203125 0.0640625 0.0578125
2 0.56328125 0.46796875 0.0640625 0.0578125
2 0.24921875 0.42109375 0.0640625 0.0578125
2 0.35078125 0.31796875 0.0640625 0.0578125
3 0.43984375 0.28046875 0.0640625 0.0578125
3 0.39140625 0.26484375 0.0640625 0.0578125
2 0.61640625 0.25078125 0.0640625 0.0578125
2 0.68515625 0.12890625 0.0640625 0.0578125
2 0.51640625 0.21328125 0.0640625 0.0578125
2 0.52109375 0.24140625 0.0640625 0.0578125
2 0.63828125 0.14140625 0.0640625 0.0578125
2 0.45703125 0.18203125 0.0640625 0.0578125
2 0.76015625 0.09453125 0.0640625 0.0578125
2 0.54140625 0.0078125 0.0640625 0.015625
2 0.60859375 0.14140625 0.0640625 0.0578125
2 0.35703125 0.36328125 0.0640625 0.0578125
2 0.39921875 0.57421875 0.0640625 0.0578125
2 0.57578125 0.67421875 0.0640625 0.0578125
2 0.0046875 0.08203125 0.009375 0.0609375
2 0.29765625 0.31171875 0.0640625 0.0578125
2 0.12890625 0.35703125 0.0640625 0.0578125
2 0.0203125 0.30390625 0.040625 0.0578125
2 0.14453125 0.00625 0.0640625 0.0125
2 0.41796875 0.17109375 0.0640625 0.0578125
2 0.25390625 0.0140625 0.0640625 0.028125
2 0.12265625 0.60390625 0.0640625 0.0578125
2 0.18984375 0.48828125 0.0640625 0.0578125
2 0.58515625 0.32265625 0.0640625 0.0578125
2 0.71953125 0.34140625 0.0640625 0.0578125
2 0.42265625 0.55546875 0.0640625 0.0578125
2 0.13828125 0.10859375 0.0640625 0.0578125
2 0.16953125 0.07734375 0.0640625 0.0578125
3 0.61484375 0.01640625 0.0640625 0.0328125
2 0.49375 0.13984375 0.065625 0.0578125
2 0.00703125 0.56171875 0.0140625 0.0578125
2 0.21015625 0.56953125 0.0640625 0.0578125
2 0.0140625 0.28984375 0.028125 0.0578125
2 0.0203125 0.0546875 0.040625 0.0625
2 0.09921875 0.19453125 0.0640625 0.0578125
2 0.17890625 0.28671875 0.0640625 0.0578125
2 0.14609375 0.86328125 0.0640625 0.0578125
2 0.16796875 0.87578125 0.0640625 0.0578125
2 0.1609375 0.12890625 0.0625 0.0578125
2 0.23984375 0.14140625 0.0640625 0.0578125
2 0.52890625 0.09296875 0.0640625 0.0578125
2 0.2765625 0.04921875 0.065625 0.0578125
2 0.36796875 0.0078125 0.0640625 0.015625
3 0.41953125 0.14609375 0.0640625 0.0578125
2 0.59453125 0.29609375 0.0640625 0.0578125
2 0.42734375 0.25703125 0.0640625 0.0578125
2 0.62421875 0.26171875 0.0640625 0.0578125
4 0.26015625 0.34609375 0.0640625 0.0578125
2 0.29921875 0.39453125 0.0640625 0.0578125
2 0.61484375 0.50703125 0.0640625 0.0578125
2 0.44140625 0.54765625 0.0640625 0.0578125
2 0.43671875 0.73984375 0.0640625 0.0578125
3 0.48046875 0.67109375 0.0640625 0.0578125
2 0.35859375 0.79296875 0.0640625 0.0578125
2 0.66015625 0.27265625 0.0640625 0.0578125
2 0.65078125 0.25390625 0.0640625 0.0578125
2 0.65859375 0.29921875 0.0640625 0.0578125
2 0.59296875 0.01953125 0.0640625 0.0390625
2 0.63828125 0.06953125 0.0640625 0.0578125
2 0.44609375 0.01171875 0.0640625 0.0234375
2 0.16796875 0.41484375 0.0640625 0.0578125
2 0.18515625 0.38046875 0.0640625 0.0578125
2 0.06171875 0.23203125 0.0640625 0.0578125
2 0.00625 0.37578125 0.0125 0.0578125
2 0.06953125 0.51796875 0.0640625 0.0578125
2 0.0046875 0.69921875 0.009375 0.0578125
2 0.24453125 0.59765625 0.0640625 0.0578125
2 0.07109375 0.46171875 0.0640625 0.0578125
2 0.21953125 0.25859375 0.0640625 0.0578125
2 0.28203125 0.33828125 0.0640625 0.0578125
2 0.38671875 0.18203125 0.0640625 0.0578125
2 0.31875 0.32890625 0.065625 0.0578125
2 0.08828125 0.35078125 0.0640625 0.0578125
2 0.28203125 0.11328125 0.0640625 0.0578125
2 0.15859375 0.01640625 0.0640625 0.0328125
2 0.21328125 0.46640625 0.0640625 0.0578125
2 0.50859375 0.09609375 0.0640625 0.0578125
2 0.54453125 0.07421875 0.0640625 0.0578125
2 0.52109375 0.07734375 0.0640625 0.0578125
2 0.19765625 0.0203125 0.0640625 0.040625
2 0.82421875 0.18515625 0.0640625 0.0578125
2 0.61796875 0.22734375 0.0640625 0.0578125
3 0.63671875 0.39765625 0.0640625 0.0578125
2 0.67734375 0.22421875 0.0640625 0.0578125
2 0.59921875 0.45078125 0.0640625 0.0578125
2 0.34140625 0.49609375 0.0640625 0.0578125
2 0.68046875 0.33359375 0.0640625 0.0578125
2 0.63359375 0.20234375 0.0640625 0.0578125
2 0.69765625 0.29921875 0.0640625 0.0578125
0 0.00859375 0.26171875 0.0171875 0.0578125
0 0.009375 0.24921875 0.01875 0.0578125
0 0.28203125 0.70390625 0.0640625 0.0578125
2 0.04296875 0.71328125 0.0640625 0.0578125
2 0.40703125 0.87421875 0.0640625 0.0578125
2 0.56640625 0.42734375 0.0640625 0.0578125
2 0.57890625 0.35703125 0.0640625 0.0578125
2 0.42890625 0.13203125 0.0640625 0.0578125
2 0.51484375 0.11328125 0.0640625 0.0578125
2 0.11953125 0.646875 0.0640625 0.05625
2 0.15390625 0.83203125 0.0640625 0.0578125
2 0.06640625 0.70703125 0.0640625 0.0578125
2 0.18984375 0.43046875 0.0640625 0.0578125
2 0.28046875 0.09296875 0.0578125 0.0546875
2 0.8046875 0.465625 0.065625 0.059375
2 0.321875 0.45 0.065625 0.059375
2 0.11484375 0.87578125 0.0640625 0.0578125
0 0.30390625 0.74296875 0.0640625 0.0578125
0 0.31796875 0.76953125 0.0640625 0.0578125
2 0.33359375 0.73515625 0.0640625 0.0578125
2 0.41640625 0.53828125 0.0640625 0.0578125
2 0.67890625 0.24609375 0.0640625 0.0578125
2 0.58984375 0.51796875 0.0640625 0.0578125
2 0.71015625 0.46015625 0.0640625 0.0578125
3 0.46796875 0.28125 0.0671875 0.05625
2 0.71484375 0.17890625 0.0640625 0.0578125
2 0.35234375 0.39296875 0.0640625 0.0578125
2 0.17265625 0.33515625 0.0640625 0.0578125
3 0.3125 0.12109375 0.065625 0.0609375
2 0.07421875 0.44765625 0.0640625 0.0578125
2 0.27265625 0.40546875 0.0640625 0.0578125
0 0.17578125 0.79765625 0.0640625 0.0578125
2 0.41328125 0.33203125 0.0640625 0.0578125
2 0.14453125 0.48671875 0.0640625 0.0578125
2 0.12578125 0.43984375 0.0640625 0.0578125
2 0.45546875 0.52890625 0.0640625 0.0578125
2 0.75703125 0.2375 0.0640625 0.059375
2 0.78046875 0.2375 0.0640625 0.059375
0 0.64453125 0.02421875 0.0640625 0.0484375
2 0.29765625 0.29609375 0.0609375 0.0578125
2 0.340625 0.37265625 0.065625 0.0578125
0 0.2046875 0.3 0.065625 0.059375
2 0.35 0.44375 0.065625 0.059375
2 0.7765625 0.4296875 0.065625 0.05625
2 0.696875 0.16015625 0.071875 0.0640625
0 0.26328125 0.69609375 0.0640625 0.0578125
0 0.82890625 0.03984375 0.0640625 0.0578125
0 0.80703125 0.01484375 0.0640625 0.0296875
0 0.79609375 0.02109375 0.0640625 0.0421875
2 0.7703125 0.153125 0.078125 0.0625