3 0.0390625 0.32265625 0.065625 0.0609375
2 0.0234375 0.78046875 0.046875 0.0609375
2 0.1578125 0.10078125 0.06875 0.0609375
2 0.05625 0.47578125 0.065625 0.0609375
2 0.02109375 0.4734375 0.0421875 0.059375
2 0.3453125 0.13671875 0.065625 0.0609375
2 0.20625 0.09609375 0.065625 0.0609375
3 0.1859375 0.03359375 0.065625 0.0609375
2 0.01484375 0.09765625 0.0296875 0.0609375
2 0.021875 0.04609375 0.04375 0.0609375
2 0.1546875 0.146875 0.06875 0.0625
2 0.02734375 0.27421875 0.0546875 0.0609375
2 0.06796875 0.31328125 0.0671875 0.0609375
2 0.15546875 0.63046875 0.0640625 0.0578125
2 0.02890625 0.53984375 0.0578125 0.0578125
2 0.07109375 0.51484375 0.0640625 0.0578125
3 0.23359375 0.61484375 0.0640625 0.0578125
2 0.12734375 0.61640625 0.0640625 0.0578125
2 0.08984375 0.66015625 0.0640625 0.0578125
2 0.01640625 0.7 0.0328125 0.05625
2 0.10390625 0.70859375 0.0640625 0.0578125
2 0.08515625 0.63046875 0.0640625 0.0578125
2 0.05546875 0.76484375 0.0640625 0.0578125
2 0.07421875 0.72890625 0.0640625 0.0578125
2 0.07109375 0.68828125 0.0640625 0.0578125
2 0.09921875 0.61328125 0.0640625 0.0578125
2 0.01796875 0.10859375 0.0359375 0.0609375
2 0.02109375 0.07578125 0.0421875 0.0609375
2 0.02890625 0.13359375 0.0578125 0.0609375
2 0.0265625 0.12421875 0.053125 0.0609375
2 0.12265625 0.046875 0.0671875 0.0625
2 0.06953125 0.38359375 0.0671875 0.0609375
2 0.08125 0.38515625 0.065625 0.0609375
2 0.31171875 0.42265625 0.0640625 0.0578125
2 0.03359375 0.78515625 0.0640625 0.0578125
2 0.38046875 0.74609375 0.0640625 0.0578125
2 0.38984375 0.70546875 0.0640625 0.0578125
2 0.36484375 0.73046875 0.0640625 0.0578125
2 0.16328125 0.59140625 0.0640625 0.0578125
3 0.39765625 0.88671875 0.0640625 0.0578125
2 0.58515625 0.72578125 0.0640625 0.0578125
2 0.34765625 0.42734375 0.0640625 0.0578125
2 0.31015625 0.94921875 0.0640625 0.0578125
2 0.44296875 0.71171875 0.0640625 0.0578125
2 0.65546875 0.45390625 0.0640625 0.0578125
2 0.68828125 0.78671875 0.0640625 0.0578125
2 0.58203125 0.19765625 0.0640625 0.0578125
3 0.45234375 0.44921875 0.0640625 0.0578125
2 0.33203125 0.39609375 0.0640625 0.0578125
2 0.30859375 0.37578125 0.0640625 0.0578125
2 0.25078125 0.39453125 0.0640625 0.0578125
2 0.2140625 0.37890625 0.065625 0.0578125
2 0.11171875 0.47421875 0.0640625 0.0578125
3 0.56796875 0.32578125 0.0640625 0.0578125
2 0.06484375 0.42265625 0.0640625 0.0578125
2 0.51953125 0.35546875 0.0640625 0.0578125
2 0.03203125 0.2390625 0.0640625 0.05625
2 0.30546875 0.21796875 0.0640625 0.0578125
2 0.27578125 0.20390625 0.0640625 0.0578125
2 0.31171875 0.19609375 0.0640625 0.0578125
2 0.28359375 0.28359375 0.0640625 0.0578125
2 0.403125 0.20078125 0.0625 0.0578125
2 0.77265625 0.33046875 0.0640625 0.0578125
2 0.45234375 0.37890625 0.0640625 0.0578125
3 0.27109375 0.26640625 0.0640625 0.0578125
2 0.20703125 0.23359375 0.0640625 0.0578125
2 0.07734375 0.05234375 0.0640625 0.0578125
2 0.09140625 0.23984375 0.0640625 0.0578125
2 0.07265625 0.23671875 0.0640625 0.0578125
2 0.01953125 0.21015625 0.0390625 0.0578125
2 0.14296875 0.18515625 0.0640625 0.0578125
2 0.10546875 0.04765625 0.0640625 0.0578125
2 0.04765625 0.04765625 0.0640625 0.0578125
2 0.05859375 0.0265625 0.0640625 0.021875
0 0.08046875 0.04453125 0.0640625 0.0578125
2 0.45234375 0.67578125 0.0640625 0.0578125
2 0.60390625 0.42578125 0.0640625 0.0578125
2 0.57890625 0.37578125 0.0640625 0.0578125
2 0.72421875 0.54296875 0.0640625 0.0578125
2 0.80703125 0.47890625 0.0640625 0.0578125
0 0.78828125 0.32421875 0.0640625 0.0578125
2 0.79609375 0.42421875 0.0640625 0.0578125
2 0.74296875 0.32890625 0.0640625 0.0578125
2 0.54921875 0.29453125 0.0640625 0.0578125
3 0.56953125 0.42265625 0.0640625 0.0578125
2 0.43046875 0.39765625 0.0640625 0.0578125
3 0.45703125 0.40546875 0.0640625 0.0578125
2 0.14609375 0.72265625 0.0640625 0.0578125
2 0.09609375 0.76328125 0.0640625 0.0578125
2 0.009375 0.67109375 0.01875 0.0578125
2 0.20078125 0.83828125 0.0640625 0.0578125
2 0.19609375 0.87265625 0.0640625 0.0578125
2 0.14140625 0.85703125 0.0640625 0.0578125
2 0.12109375 0.90859375 0.0640625 0.0578125
2 0.21640625 0.88046875 0.0640625 0.0578125
2 0.07109375 0.90078125 0.0640625 0.0578125
2 0.20859375 0.72578125 0.0640625 0.0578125
2 0.27578125 0.88515625 0.0640625 0.0578125
2 0.12109375 0.73671875 0.0640625 0.0578125
2 0.0203125 0.40703125 0.040625 0.0578125
2 0.0234375 0.37421875 0.046875 0.0578125
2 0.03671875 0.41640625 0.0640625 0.0578125
2 0.16640625 0.28359375 0.0640625 0.0578125
3 0.00546875 0.28203125 0.0109375 0.0578125
2 0.17890625 0.13203125 0.0640625 0.0578125
2 0.25078125 0.12265625 0.0640625 0.0578125
2 0.17734375 0.07578125 0.0640625 0.0578125
2 0.16015625 0.05078125 0.0640625 0.0578125
2 0.22421875 0.05390625 0.0640625 0.0578125
2 0.021875 0.17109375 0.04375 0.0578125
2 0.09453125 0.10078125 0.0640625 0.0578125
2 0.58203125 0.25234375 0.0640625 0.0578125
2 0.51171875 0.26796875 0.0640625 0.0578125
2 0.29140625 0.04453125 0.0640625 0.0578125
2 0.47734375 0.28671875 0.0640625 0.0578125
2 0.34921875 0.75 0.0640625 0.05625
2 0.27578125 0.95234375 0.0640625 0.0578125
3 0.734375 0.16796875 0.065625 0.0578125
2 0.70078125 0.17109375 0.0640625 0.0578125
2 0.65703125 0.21171875 0.0640625 0.0578125
2 0.63125 0.21328125 0.0625 0.0578125
3 0.42578125 0.19296875 0.0640625 0.0578125
2 0.14453125 0.95859375 0.0640625 0.0578125
2 0.04921875 0.86640625 0.0640625 0.0578125
3 0.00390625 0.82265625 0.0078125 0.0578125
2 0.10078125 0.75546875 0.0640625 0.0546875
2 0.17890625 0.76171875 0.0640625 0.0578125
2 0.02421875 0.61328125 0.0484375 0.0578125
2 0.0359375 0.6203125 0.065625 0.059375
2 0.01796875 0.57890625 0.0359375 0.0578125
2 0.01796875 0.51796875 0.0359375 0.0578125
2 0.20390625 0.40546875 0.0640625 0.0578125
2 0.07890625 0.490625 0.0640625 0.053125
2 0.03828125 0.28515625 0.0640625 0.0578125
2 0.11015625 0.42109375 0.0640625 0.0578125
2 0.00546875 0.31484375 0.0109375 0.0578125
2 0.06328125 0.26015625 0.0640625 0.0578125
2 0.090625 0.33828125 0.065625 0.0609375
2 0.078125 0.34296875 0.065625 0.0609375
3 0.19296875 0.13828125 0.0640625 0.0578125
2 0.0140625 0.05 0.028125 0.05625
2 0.50390625 0.51640625 0.0640625 0.0578125
2 0.35390625 0.54140625 0.0640625 0.0578125
2 0.26015625 0.51953125 0.0640625 0.0578125
2 0.43671875 0.53046875 0.0640625 0.0578125
2 0.44453125 0.50859375 0.0640625 0.0578125
2 0.51328125 0.53359375 0.0640625 0.0578125
2 0.61015625 0.72421875 0.0640625 0.0578125
2 0.57265625 0.73515625 0.0640625 0.0578125
2 0.48359375 0.68828125 0.0640625 0.0578125
2 0.48828125 0.63515625 0.0640625 0.0578125
2 0.44296875 0.790625 0.0640625 0.05625
2 0.42890625 0.81015625 0.0640625 0.0578125
2 0.40078125 0.93046875 0.0640625 0.0578125
2 0.30859375 0.97109375 0.0640625 0.0578125
2 0.55859375 0.87421875 0.0640625 0.0578125
2 0.51171875 0.75234375 0.0640625 0.0578125
2 0.63359375 0.61328125 0.0640625 0.0578125
2 0.390625 0.18203125 0.065625 0.0609375
2 0.25546875 0.29296875 0.0640625 0.0578125
3 0.36953125 0.59296875 0.0640625 0.0578125
3 0.3171875 0.82421875 0.065625 0.0578125
3 0.25859375 0.78671875 0.0640625 0.0578125
2 0.22421875 0.77421875 0.0640625 0.0578125
2 0.27109375 0.86796875 0.0640625 0.0578125
2 0.36015625 0.82734375 0.0640625 0.0578125
2 0.14609375 0.88828125 0.0640625 0.0578125
2 0.27734375 0.80390625 0.0640625 0.0578125
2 0.31640625 0.84921875 0.0640625 0.0578125
2 0.33984375 0.81953125 0.0640625 0.0578125
2 0.109375 0.35859375 0.065625 0.0609375
2 0.0125 0.33203125 0.025 0.0578125
2 0.22734375 0.33203125 0.0640625 0.0578125
2 0.22265625 0.36171875 0.0640625 0.0578125
2 0.15546875 0.23359375 0.0640625 0.0578125
3 0.3515625 0.05703125 0.065625 0.0609375
2 0.54453125 0.44140625 0.0640625 0.0578125
2 0.55703125 0.55390625 0.0640625 0.0578125
2 0.57890625 0.46484375 0.0640625 0.0578125
3 0.34140625 0.57578125 0.0640625 0.0578125
2 0.33515625 0.47734375 0.0640625 0.0578125
2 0.31796875 0.51796875 0.0640625 0.0578125
2 0.55078125 0.23671875 0.0640625 0.0578125
2 0.39453125 0.33203125 0.0640625 0.0578125
2 0.21171875 0.04453125 0.0640625 0.0578125
2 0.1140625 0.0921875 0.0625 0.05625
2 0.07265625 0.12734375 0.0640625 0.0578125
2 0.06640625 0.15078125 0.0640625 0.0578125
2 0.021875 0.14453125 0.04375 0.0578125
2 0.08046875 0.06484375 0.0640625 0.0578125
2 0.321875 0.128125 0.06875 0.059375
2 0.259375 0.05859375 0.065625 0.0609375
2 0.2546875 0.04609375 0.065625 0.0609375
2 0.21328125 0.19140625 0.0640625 0.0578125
2 0.17109375 0.21171875 0.0640625 0.0578125
2 0.159375 0.18984375 0.065625 0.0578125
2 0.15546875 0.16953125 0.0640625 0.0578125
2 0.34453125 0.18671875 0.0640625 0.0578125
2 0.36640625 0.22421875 0.0640625 0.0578125
2 0.38828125 0.27109375 0.0640625 0.0578125
2 0.3640625 0.15234375 0.065625 0.0609375
2 0.28203125 0.24453125 0.0640625 0.0578125
2 0.11328125 0.88046875 0.0640625 0.0578125
2 0.275 0.8390625 0.065625 0.05625
3 0.52421875 0.9890625 0.0640625 0.021875
2 0.72421875 0.76796875 0.0640625 0.0578125
2 0.56328125 0.80390625 0.0640625 0.0578125
2 0.24921875 0.75703125 0.0640625 0.0578125
2 0.35078125 0.65390625 0.0640625 0.0578125
3 0.43984375 0.61640625 0.0640625 0.0578125
3 0.39140625 0.60078125 0.0640625 0.0578125
2 0.61640625 0.58671875 0.0640625 0.0578125
2 0.68515625 0.46484375 0.0640625 0.0578125
2 0.51640625 0.54921875 0.0640625 0.0578125
2 0.52109375 0.57734375 0.0640625 0.0578125
2 0.63828125 0.47734375 0.0640625 0.0578125
2 0.45703125 0.51796875 0.0640625 0.0578125
2 0.70859375 0.10078125 0.0640625 0.0578125
2 0.76015625 0.43046875 0.0640625 0.0578125
2 0.54140625 0.32265625 0.0640625 0.0578125
2 0.67578125 0.29453125 0.0640625 0.0578125
2 0.60859375 0.47734375 0.0640625 0.0578125
2 0.65078125 0.29921875 0.0640625 0.0578125
2 0.73984375 0.30390625 0.0640625 0.0578125
2 0.56640625 0.25703125 0.0640625 0.0578125
2 0.57890625 0.28828125 0.0640625 0.0578125
2 0.54921875 0.16796875 0.0640625 0.0578125
2 0.53671875 0.20234375 0.0640625 0.0578125
2 0.60234375 0.16796875 0.0640625 0.0578125
2 0.35703125 0.69921875 0.0640625 0.0578125
2 0.39921875 0.91015625 0.0640625 0.0578125
2 0.57578125 0.990625 0.0640625 0.01875
2 0.0046875 0.41796875 0.009375 0.0609375
2 0.29765625 0.64765625 0.0640625 0.0578125
2 0.12890625 0.69296875 0.0640625 0.0578125
2 0.0203125 0.63984375 0.040625 0.0578125
2 0.16171875 0.29765625 0.0640625 0.0578125
2 0.3515625 0.28046875 0.0625 0.0578125
2 0.14453125 0.31953125 0.0640625 0.0578125
2 0.2234375 0.29765625 0.06875 0.0578125
2 0.19375 0.07265625 0.065625 0.0609375
2 0.41796875 0.50703125 0.0640625 0.0578125
2 0.11015625 0.11484375 0.0640625 0.0578125
2 0.25390625 0.33515625 0.0640625 0.0578125
2 0.12265625 0.93984375 0.0640625 0.0578125
2 0.18984375 0.82421875 0.0640625 0.0578125
2 0.24921875 0.18515625 0.0640625 0.0578125
2 0.58515625 0.65859375 0.0640625 0.0578125
2 0.71953125 0.67734375 0.0640625 0.0578125
2 0.42265625 0.89140625 0.0640625 0.0578125
2 0.13828125 0.44453125 0.0640625 0.0578125
2 0.16953125 0.41328125 0.0640625 0.0578125
2 0.53046875 0.23828125 0.0640625 0.0578125
3 0.61484375 0.33984375 0.0640625 0.0578125
2 0.49375 0.47578125 0.065625 0.0578125
2 0.00703125 0.89765625 0.0140625 0.0578125
2 0.21015625 0.90546875 0.0640625 0.0578125
2 0.0140625 0.62578125 0.028125 0.0578125
2 0.37578125 0.05859375 0.0703125 0.0609375
2 0.0203125 0.390625 0.040625 0.0625
2 0.09921875 0.53046875 0.0640625 0.0578125
2 0.17890625 0.62265625 0.0640625 0.0578125
2 0.1609375 0.46484375 0.0625 0.0578125
2 0.23984375 0.47734375 0.0640625 0.0578125
2 0.35 0.07578125 0.065625 0.0609375
2 0.3109375 0.08515625 0.065625 0.0609375
2 0.353125 0.09765625 0.065625 0.0609375
2 0.39296875 0.24375 0.0640625 0.05625
2 0.44453125 0.12109375 0.0640625 0.0578125
2 0.46171875 0.09765625 0.0640625 0.0578125
2 0.48671875 0.196875 0.0640625 0.05625
2 0.44921875 0.2453125 0.0640625 0.05625
2 0.52890625 0.42890625 0.0640625 0.0578125
2 0.2765625 0.38515625 0.065625 0.0578125
2 0.36796875 0.32265625 0.0640625 0.0578125
3 0.41953125 0.48203125 0.0640625 0.0578125
2 0.59453125 0.63203125 0.0640625 0.0578125
2 0.42734375 0.59296875 0.0640625 0.0578125
2 0.62421875 0.59765625 0.0640625 0.0578125
4 0.26015625 0.68203125 0.0640625 0.0578125
2 0.29921875 0.73046875 0.0640625 0.0578125
2 0.61484375 0.84296875 0.0640625 0.0578125
2 0.44140625 0.88359375 0.0640625 0.0578125
3 0.48046875 0.9890625 0.0640625 0.021875
2 0.66015625 0.60859375 0.0640625 0.0578125
2 0.65078125 0.58984375 0.0640625 0.0578125
2 0.65859375 0.63515625 0.0640625 0.0578125
2 0.59296875 0.34609375 0.0640625 0.0578125
2 0.63828125 0.40546875 0.0640625 0.0578125
2 0.44609375 0.33046875 0.0640625 0.0578125
2 0.52421875 0.17109375 0.0640625 0.0578125
2 0.56171875 0.22734375 0.0640625 0.0578125
2 0.74921875 0.12578125 0.0640625 0.0578125
2 0.00546875 0.21484375 0.0109375 0.0578125
2 0.07578125 0.26796875 0.0640625 0.0578125
2 0.20078125 0.28203125 0.0640625 0.0578125
2 0.52421875 0.06328125 0.0640625 0.0578125
2 0.16796875 0.75078125 0.0640625 0.0578125
2 0.18515625 0.71640625 0.0640625 0.0578125
2 0.1140625 0.26640625 0.06875 0.0578125
2 0.06171875 0.56796875 0.0640625 0.0578125
2 0.00625 0.71171875 0.0125 0.0578125
2 0.06953125 0.85390625 0.0640625 0.0578125
2 0.24453125 0.93359375 0.0640625 0.0578125
2 0.07109375 0.79765625 0.0640625 0.0578125
2 0.21953125 0.59453125 0.0640625 0.0578125
2 0.28203125 0.67421875 0.0640625 0.0578125
2 0.38671875 0.51796875 0.0640625 0.0578125
2 0.31875 0.66484375 0.065625 0.0578125
2 0.08828125 0.68671875 0.0640625 0.0578125
2 0.28203125 0.44921875 0.0640625 0.0578125
2 0.15859375 0.33984375 0.0640625 0.0578125
2 0.040625 0.203125 0.071875 0.0625
2 0.25703125 0.3125 0.0609375 0.05625
2 0.21328125 0.80234375 0.0640625 0.0578125
2 0.50859375 0.43203125 0.0640625 0.0578125
2 0.54453125 0.41015625 0.0640625 0.0578125
2 0.52109375 0.41328125 0.0640625 0.0578125
2 0.19765625 0.34765625 0.0640625 0.0578125
2 0.24140625 0.25703125 0.0671875 0.0609375
2 0.290625 0.09921875 0.065625 0.0609375
2 0.04375 0.18671875 0.065625 0.0609375
2 0.2546875 0.08359375 0.065625 0.0609375
2 0.82421875 0.52109375 0.0640625 0.0578125
2 0.64765625 0.15859375 0.0640625 0.0578125
2 0.61796875 0.56328125 0.0640625 0.0578125
3 0.63671875 0.73359375 0.0640625 0.0578125
2 0.67734375 0.56015625 0.0640625 0.0578125
2 0.59921875 0.78671875 0.0640625 0.0578125
2 0.34140625 0.83203125 0.0640625 0.0578125
2 0.68046875 0.66953125 0.0640625 0.0578125
2 0.63359375 0.53828125 0.0640625 0.0578125
2 0.69765625 0.63515625 0.0640625 0.0578125
2 0.68359375 0.21640625 0.0640625 0.0578125
2 0.51953125 0.09296875 0.0640625 0.0578125
3 0.66484375 0.17421875 0.0640625 0.0578125
2 0.01484375 0.23671875 0.0296875 0.0609375
0 0.00859375 0.59765625 0.0171875 0.0578125
0 0.009375 0.58515625 0.01875 0.0578125
2 0.18359375 0.23828125 0.0640625 0.0546875
2 0.3140625 0.29140625 0.059375 0.0578125
2 0.56640625 0.76328125 0.0640625 0.0578125
2 0.57890625 0.69296875 0.0640625 0.0578125
2 0.68046875 0.184375 0.0640625 0.059375
2 0.51796875 0.1265625 0.0640625 0.059375
2 0.31328125 0.25703125 0.0640625 0.0578125
2 0.42890625 0.46796875 0.0640625 0.0578125
2 0.51484375 0.44921875 0.0640625 0.0578125
2 0.11953125 0.97734375 0.0640625 0.0453125
2 0.18984375 0.76640625 0.0640625 0.0578125
2 0.0375 0.07578125 0.0625 0.0546875
2 0.28046875 0.42890625 0.0578125 0.0546875
2 0.8046875 0.8015625 0.065625 0.059375
2 0.321875 0.7859375 0.065625 0.059375
2 0.41640625 0.87421875 0.0640625 0.0578125
2 0.41875 0.2734375 0.05625 0.053125
2 0.67890625 0.58203125 0.0640625 0.0578125
2 0.58984375 0.85390625 0.0640625 0.0578125
2 0.71015625 0.79609375 0.0640625 0.0578125
3 0.46796875 0.6171875 0.0671875 0.05625
2 0.71484375 0.51484375 0.0640625 0.0578125
2 0.35234375 0.72890625 0.0640625 0.0578125
2 0.17265625 0.67109375 0.0640625 0.0578125
2 0.078125 0.08671875 0.0625 0.0546875
3 0.3125 0.45703125 0.065625 0.0609375
2 0.07421875 0.78359375 0.0640625 0.0578125
2 0.27265625 0.74140625 0.0640625 0.0578125
2 0.41328125 0.66796875 0.0640625 0.0578125
2 0.14453125 0.82265625 0.0640625 0.0578125
2 0.12578125 0.77578125 0.0640625 0.0578125
2 0.45546875 0.86484375 0.0640625 0.0578125
2 0.75703125 0.5734375 0.0640625 0.059375
2 0.78046875 0.5734375 0.0640625 0.059375
0 0.64453125 0.35546875 0.0640625 0.0578125
2 0.29765625 0.63203125 0.0609375 0.0578125
2 0.340625 0.70859375 0.065625 0.0578125
0 0.2046875 0.6359375 0.065625 0.059375
2 0.35 0.7796875 0.065625 0.059375
2 0.7765625 0.765625 0.065625 0.05625
2 0.696875 0.49609375 0.071875 0.0640625
0 0.82890625 0.37578125 0.0640625 0.0578125
0 0.80703125 0.33671875 0.0640625 0.0578125
0 0.79609375 0.34921875 0.0640625 0.0578125
2 0.7703125 0.4890625 0.078125 0.0625