3 0.9390625 0.00859375 0.065625 0.0171875
2 0.9140625 0.44453125 0.065625 0.0609375
2 0.71171875 0.28671875 0.0671875 0.0609375
2 0.55 0.24296875 0.065625 0.0609375
2 0.7296875 0.15859375 0.065625 0.0609375
2 0.8453125 0.09921875 0.065625 0.0609375
2 0.8703125 0.12734375 0.065625 0.0609375
2 0.95625 0.13984375 0.065625 0.0609375
2 0.909375 0.1375 0.065625 0.059375
2 0.8328125 0.021875 0.065625 0.04375
2 0.690625 0.33203125 0.065625 0.0609375
2 0.4921875 0.34921875 0.065625 0.0609375
2 0.5515625 0.20859375 0.065625 0.0609375
2 0.50625 0.31015625 0.065625 0.0609375
2 0.815625 0.22109375 0.065625 0.0609375
2 0.9671875 0.00390625 0.065625 0.0078125
2 0.65625 0.05703125 0.065625 0.0609375
2 0.8359375 0.09140625 0.065625 0.0609375
2 0.73125 0.13828125 0.065625 0.0609375
2 0.7625 0.15703125 0.065625 0.0609375
2 0.7921875 0.18515625 0.065625 0.0609375
2 0.7265625 0.26640625 0.065625 0.0609375
2 0.8234375 0.26640625 0.065625 0.0578125
2 0.8078125 0.28671875 0.065625 0.0609375
2 0.92578125 0.20390625 0.0640625 0.0578125
2 0.96953125 0.17890625 0.0609375 0.0578125
2 0.60390625 0.39765625 0.0640625 0.0578125
2 0.97890625 0.32421875 0.0421875 0.0578125
2 0.9 0.3640625 0.065625 0.05625
2 0.9859375 0.37265625 0.028125 0.0578125
3 0.74140625 0.30546875 0.0640625 0.0578125
2 0.9765625 0.29453125 0.046875 0.0578125
2 0.59296875 0.37578125 0.0640625 0.0578125
3 0.39296875 0.22734375 0.0640625 0.0578125
2 0.31015625 0.32890625 0.0640625 0.0578125
2 0.38984375 0.43984375 0.0640625 0.0578125
2 0.95546875 0.42890625 0.0640625 0.0578125
2 0.97109375 0.39296875 0.0578125 0.0578125
2 0.96953125 0.35234375 0.0609375 0.0578125
2 0.98359375 0.27734375 0.0328125 0.0578125
2 0.96796875 0.04765625 0.0640625 0.0609375
2 0.97421875 0.04921875 0.0515625 0.0609375
2 0.759375 0.20234375 0.065625 0.0609375
2 0.7359375 0.24140625 0.065625 0.0609375
2 0.5078125 0.34140625 0.065625 0.0609375
2 0.59609375 0.34609375 0.0640625 0.0578125
4 0.58828125 0.36015625 0.0640625 0.0578125
2 0.71484375 0.38046875 0.0640625 0.0546875
3 0.73359375 0.34453125 0.0640625 0.0578125
2 0.93359375 0.44921875 0.0640625 0.0578125
2 0.98984375 0.13828125 0.0203125 0.0578125
2 0.96484375 0.08671875 0.0640625 0.0578125
2 0.39765625 0.25390625 0.0640625 0.0578125
2 0.44296875 0.30390625 0.0640625 0.0578125
2 0.42890625 0.28203125 0.0640625 0.0578125
3 0.43828125 0.32578125 0.0640625 0.0578125
4 0.43515625 0.21640625 0.0640625 0.0578125
2 0.56328125 0.33984375 0.0640625 0.0578125
3 0.36953125 0.46015625 0.0640625 0.0578125
2 0.36640625 0.42578125 0.0640625 0.0578125
2 0.46484375 0.70703125 0.0640625 0.0578125
2 0.5828125 0.4734375 0.0625 0.05625
2 0.55859375 0.45078125 0.0640625 0.0578125
2 0.53046875 0.43203125 0.0640625 0.0578125
2 0.58046875 0.42109375 0.0640625 0.0578125
2 0.98203125 0.42734375 0.0359375 0.0578125
2 0.88671875 0.33515625 0.0640625 0.0578125
2 0.99453125 0.57265625 0.0109375 0.0578125
2 0.96953125 0.56484375 0.0609375 0.0578125
2 0.80234375 0.64296875 0.0640625 0.0578125
2 0.99453125 0.40078125 0.0109375 0.0578125
2 0.90859375 0.07109375 0.0640625 0.0578125
2 0.91484375 0.03828125 0.0640625 0.0578125
2 0.93671875 0.08046875 0.0640625 0.0578125
2 0.98359375 0.69453125 0.0328125 0.0578125
2 0.44375 0.13515625 0.065625 0.0609375
2 0.33046875 0.27734375 0.0640625 0.0578125
4 0.41953125 0.24296875 0.0640625 0.0578125
2 0.36640625 0.58984375 0.0640625 0.0578125
2 0.65234375 0.49453125 0.0640625 0.0578125
2 0.72734375 0.58984375 0.0640625 0.0578125
2 0.71328125 0.55546875 0.0640625 0.0578125
2 0.76796875 0.57890625 0.0640625 0.0578125
2 0.94921875 0.53046875 0.0640625 0.0578125
3 0.87578125 0.48671875 0.0640625 0.0578125
2 0.84140625 0.49296875 0.0640625 0.0578125
2 0.78671875 0.43828125 0.0640625 0.0578125
3 0.81328125 0.34453125 0.0640625 0.0578125
2 0.79140625 0.37734375 0.0640625 0.0578125
2 0.984375 0.41953125 0.03125 0.0546875
2 0.85234375 0.32421875 0.0640625 0.0578125
2 0.91640625 0.27734375 0.0640625 0.0578125
2 0.9359375 0.284375 0.065625 0.059375
2 0.90390625 0.24296875 0.0640625 0.0578125
2 0.90390625 0.18203125 0.0640625 0.0578125
2 0.72578125 0.17578125 0.0640625 0.0578125
2 0.9734375 0.1546875 0.053125 0.053125
2 0.9890625 0.08515625 0.021875 0.0578125
2 0.87890625 0.00390625 0.0640625 0.0078125
2 0.97890625 0.01640625 0.0421875 0.0328125
2 0.97265625 0.01875 0.0546875 0.0375
2 0.59453125 0.87421875 0.0640625 0.0578125
2 0.303125 0.22109375 0.065625 0.0609375
2 0.6546875 0.01171875 0.065625 0.0234375
2 0.3296875 0.04453125 0.065625 0.0609375
3 0.2890625 0.04296875 0.065625 0.0609375
2 0.4015625 0.16640625 0.065625 0.0609375
2 0.3359375 0.19140625 0.065625 0.0609375
2 0.26875 0.23984375 0.065625 0.0609375
2 0.2609375 0.18359375 0.065625 0.0609375
2 0.2703125 0.10703125 0.065625 0.0609375
2 0.42265625 0.33828125 0.0640625 0.0578125
2 0.39296875 0.28203125 0.0640625 0.0578125
2 0.33828125 0.61796875 0.0640625 0.0578125
2 0.47265625 0.74140625 0.0640625 0.0578125
2 0.35078125 0.66328125 0.0640625 0.0578125
2 0.50546875 0.62265625 0.0640625 0.0578125
2 0.54609375 0.61640625 0.0640625 0.0546875
2 0.57421875 0.56640625 0.0640625 0.0578125
2 0.54296875 0.59765625 0.0640625 0.0578125
2 0.63203125 0.67578125 0.0640625 0.0578125
2 0.55859375 0.78984375 0.0640625 0.0578125
2 0.565625 0.69609375 0.0625 0.0578125
2 0.53203125 0.646875 0.0640625 0.05625
2 0.52265625 0.62578125 0.0640625 0.0578125
2 0.98828125 0.0265625 0.0234375 0.053125
2 0.85859375 0.02578125 0.0640625 0.0515625
2 0.89296875 0.0125 0.0640625 0.025
2 0.5421875 0.33203125 0.0625 0.0578125
2 0.525 0.36015625 0.065625 0.0609375
2 0.453125 0.42265625 0.065625 0.0609375
2 0.4203125 0.11796875 0.065625 0.0609375
3 0.41640625 0.36953125 0.0640625 0.0578125
2 0.38359375 0.32265625 0.0640625 0.0578125
2 0.36328125 0.28828125 0.0640625 0.0578125
2 0.534375 0.28671875 0.065625 0.0609375
2 0.6296875 0.25859375 0.065625 0.0609375
2 0.3453125 0.35390625 0.065625 0.0609375
2 0.3875 0.34453125 0.065625 0.0609375
2 0.3578125 0.68203125 0.065625 0.0609375
2 0.93359375 0.74296875 0.0640625 0.0578125
2 0.41328125 0.19453125 0.0640625 0.0578125
2 0.990625 0.54453125 0.01875 0.0578125
2 0.81484375 0.63828125 0.0640625 0.0578125
2 0.8765625 0.08203125 0.065625 0.0609375
2 0.81484375 0.57734375 0.0640625 0.0578125
3 0.76796875 0.56171875 0.0640625 0.0578125
3 0.196875 0.20078125 0.065625 0.0609375
2 0.6921875 0.22734375 0.065625 0.0609375
2 0.384375 0.08984375 0.065625 0.0609375
2 0.3296875 0.14921875 0.065625 0.0609375
2 0.565625 0.23203125 0.065625 0.0609375
2 0.440625 0.3859375 0.065625 0.059375
2 0.290625 0.31484375 0.065625 0.0609375
2 0.48125 0.44453125 0.065625 0.0609375
3 0.30078125 0.62109375 0.0640625 0.0578125
2 0.765625 0.3421875 0.0625 0.05625
2 0.909375 0.30390625 0.0625 0.0578125
2 0.84921875 0.22421875 0.0640625 0.0578125
2 0.7203125 0.09453125 0.065625 0.0609375
2 0.9953125 0.60390625 0.009375 0.0578125
2 0.59140625 0.43203125 0.0640625 0.0578125
2 0.58828125 0.48828125 0.0640625 0.0578125
2 0.73515625 0.46171875 0.0640625 0.0578125
2 0.62265625 0.37265625 0.0640625 0.0578125
2 0.3171875 0.35859375 0.065625 0.0609375
2 0.425 0.49765625 0.065625 0.0609375
2 0.4046875 0.47421875 0.065625 0.0609375
3 0.378125 0.39296875 0.065625 0.0609375
2 0.440625 0.43828125 0.065625 0.0609375
2 0.26796875 0.58359375 0.0640625 0.0578125
2 0.60859375 0.60390625 0.0640625 0.0578125
2 0.58359375 0.74140625 0.0640625 0.0578125
2 0.61015625 0.67109375 0.0640625 0.0578125
2 0.88203125 0.56171875 0.0640625 0.0578125
2 0.89609375 0.28984375 0.0640625 0.0578125
2 0.3640625 0.01953125 0.065625 0.0390625
2 0.784375 0.09296875 0.065625 0.0609375
2 0.7875 0.07265625 0.065625 0.0609375
2 0.90703125 0.0546875 0.0671875 0.0625
2 0.98359375 0.19453125 0.0328125 0.0578125
2 0.7203125 0.04296875 0.065625 0.0609375
2 0.3953125 0.08671875 0.065625 0.0609375
2 0.284375 0.00859375 0.065625 0.0171875
2 0.5921875 0.28828125 0.065625 0.0609375
2 0.3796875 0.12734375 0.065625 0.0609375
2 0.5546875 0.20078125 0.065625 0.0609375
2 0.5046875 0.25390625 0.065625 0.0609375
2 0.5546875 0.29609375 0.065625 0.0609375
2 0.6171875 0.63671875 0.05625 0.0546875
2 0.63671875 0.87578125 0.0640625 0.0578125
2 0.77734375 0.36015625 0.0640625 0.0578125
2 0.84140625 0.45703125 0.0640625 0.0578125
2 0.71171875 0.36171875 0.0640625 0.0578125
2 0.63203125 0.06953125 0.0578125 0.0515625
2 0.70390625 0.13515625 0.0578125 0.0515625
2 0.36875 0.00625 0.065625 0.0125
2 0.86953125 0.18203125 0.0640625 0.0578125
2 0.80546875 0.03046875 0.0640625 0.0578125
2 0.96171875 0.23203125 0.0640625 0.0578125
2 0.88046875 0.37578125 0.0640625 0.0578125
2 0.77734375 0.31015625 0.0640625 0.0578125
2 0.96875 0.51796875 0.0625 0.0578125
2 0.87734375 0.69921875 0.0640625 0.0578125
2 0.96953125 0.46171875 0.0609375 0.0578125
2 0.978125 0.35078125 0.04375 0.0578125
2 0.4046875 0.09453125 0.065625 0.0609375
2 0.2140625 0.14921875 0.065625 0.0609375
2 0.2890625 0.18359375 0.065625 0.0609375
2 0.2390625 0.19296875 0.065625 0.0609375
2 0.646875 0.63984375 0.065625 0.0609375
2 0.3890625 0.52421875 0.065625 0.0609375
2 0.6671875 0.24765625 0.065625 0.0609375
0 0.84296875 0.13984375 0.0640625 0.0578125
0 0.81015625 0.15390625 0.0640625 0.0578125
0 0.83203125 0.16796875 0.0640625 0.0578125
0 0.88515625 0.26171875 0.0640625 0.0578125
0 0.88671875 0.24921875 0.0640625 0.0578125
2 0.84609375 0.52578125 0.0640625 0.0578125
2 0.82890625 0.59453125 0.0640625 0.0578125
2 0.94296875 0.71328125 0.0640625 0.0578125
2 0.84609375 0.66953125 0.0640625 0.0578125
2 0.77109375 0.70859375 0.0640625 0.0578125
2 0.99375 0.646875 0.0125 0.05625
2 0.696875 0.16796875 0.065625 0.0609375
2 0.25625 0.14921875 0.065625 0.0609375
2 0.7 0.07265625 0.065625 0.0609375
2 0.6671875 0.12109375 0.065625 0.0609375
2 0.4515625 0.12109375 0.065625 0.0609375
2 0.2359375 0.22578125 0.065625 0.0609375
2 0.57578125 0.65859375 0.0640625 0.0578125
2 0.68515625 0.36171875 0.0640625 0.0578125
2 0.76953125 0.65703125 0.0640625 0.0578125
2 0.63046875 0.40859375 0.0640625 0.0578125
2 0.4703125 0.13359375 0.065625 0.0609375
2 0.56875 0.07109375 0.065625 0.0609375
2 0.96640625 0.70703125 0.0640625 0.0578125
2 0.99140625 0.87578125 0.0171875 0.0578125
2 0.97109375 0.44765625 0.0578125 0.0578125
2 0.353125 0.11796875 0.065625 0.0609375
2 0.4109375 0.57109375 0.065625 0.0609375
2 0.64765625 0.60546875 0.0640625 0.0578125
2 0.5296875 0.50078125 0.065625 0.0609375
3 0.565625 0.53359375 0.065625 0.0609375
2 0.465625 0.22578125 0.065625 0.0609375
2 0.5734375 0.17265625 0.065625 0.0609375
2 0.2 0.23046875 0.065625 0.0609375
2 0.575 0.15078125 0.065625 0.0609375
2 0.1671875 0.16953125 0.065625 0.0609375
2 0.64375 0.16953125 0.065625 0.0609375
2 0.67578125 0.82421875 0.0640625 0.0578125
0 0.69453125 0.49921875 0.0640625 0.0578125