2 0.3916118 0.2877193 0.0236842 0.0339181
3 0.2478618 0.225 0.0279605 0.0453216
2 0.570148 0.224269 0.0274671 0.051462
2 0.2912829 0.204386 0.0269737 0.0479532
2 0.3306743 0.1840643 0.0245066 0.0406433
3 0.3021382 0.369883 0.0223684 0.0374269
3 0.2902961 0.2580409 0.0243421 0.044152
2 0.2235197 0.3057018 0.0273026 0.0476608
2 0.3320724 0.2584795 0.0273026 0.0426901
3 0.3934211 0.2383041 0.0217105 0.0374269
2 0.6051809 0.3 0.0261513 0.0432749
2 0.3802632 0.3030702 0.025 0.044152
2 0.3396382 0.146345 0.0263158 0.0412281
2 0.3574013 0.2330409 0.0243421 0.0385965
2 0.3762336 0.4431287 0.0245066 0.0383041
2 0.2202303 0.6046784 0.0279605 0.0461988
2 0.5115954 0.4654971 0.0245066 0.0409357
2 0.3828947 0.3830409 0.0269737 0.0409357
2 0.3894737 0.3656433 0.0256579 0.0453216
2 0.2453125 0.6467836 0.0284539 0.045614
3 0.2824836 0.5440058 0.0228618 0.0394737
2 0.3962171 0.494883 0.0233553 0.0400585
2 0.4490132 0.5703216 0.0253289 0.0418129
2 0.3679276 0.4798246 0.0246711 0.0461988
2 0.4503289 0.4880117 0.0230263 0.0345029
3 0.2082237 0.4700292 0.0279605 0.0459064
2 0.4043586 0.3934211 0.0264803 0.0423977
2 0.4657072 0.4248538 0.0241776 0.0415205
2 0.4344572 0.6141813 0.0225329 0.0371345
2 0.4824013 0.4084795 0.0223684 0.0380117
2 0.4737664 0.5230994 0.0231908 0.0415205
2 0.4902138 0.4467836 0.0271382 0.045614
2 0.5711349 0.4112573 0.0238487 0.0371345
2 0.4791118 0.5077485 0.0233553 0.0383041
2 0.5973684 0.3517544 0.0253289 0.0426901
2 0.5532072 0.4074561 0.0248355 0.0394737
2 0.5821546 0.444883 0.0251645 0.0412281
2 0.6370888 0.4418129 0.0264803 0.0438596
2 0.5224507 0.4488304 0.0228618 0.0380117
2 0.5294408 0.4957602 0.0230263 0.0359649
2 0.5182566 0.5090643 0.0266447 0.0409357
2 0.4988487 0.4961988 0.0273026 0.0502924
2 0.4917763 0.4093567 0.0246711 0.0397661
2 0.6571546 0.5241228 0.0261513 0.0418129
2 0.6700658 0.4434211 0.0315789 0.0494152
2 0.6751645 0.5210526 0.0240132 0.0403509
2 0.5157072 0.6146199 0.0248355 0.0421053
2 0.5270559 0.5074561 0.0248355 0.0383041
2 0.6035362 0.4883041 0.0251645 0.0432749
3 0.6480263 0.5638889 0.0269737 0.0400585
2 0.6365954 0.3804094 0.0241776 0.0421053
2 0.5547697 0.5852339 0.0226974 0.0365497
2 0.5220395 0.6375731 0.0253289 0.0394737
2 0.6790296 0.5339181 0.0241776 0.0368421
2 0.620477 0.8729532 0.0304276 0.0476608
2 0.5820724 0.5923977 0.0230263 0.0397661
2 0.6852796 0.7100877 0.0291118 0.0459064
2 0.6240954 0.6204678 0.0245066 0.0362573
2 0.5785362 0.5682749 0.0261513 0.0435673
2 0.5785362 0.3747076 0.0297697 0.0564327
2 0.3640625 0.3361111 0.0254934 0.0459064
2 0.5805099 0.2266082 0.0294408 0.0508772
2 0.5239309 0.2654971 0.0268092 0.0444444
2 0.6802632 0.795614 0.0273026 0.0450292
2 0.6619243 0.7573099 0.028125 0.045614
2 0.6338816 0.7352339 0.0266447 0.0453216
2 0.5500822 0.7494152 0.0261513 0.0391813
2 0.5690789 0.6175439 0.0213816 0.0333333
2 0.6292763 0.8494152 0.0273026 0.0444444
2 0.6034539 0.8162281 0.0243421 0.0447368
2 0.60625 0.8176901 0.0282895 0.0464912
2 0.486102 0.8659357 0.0277961 0.0482456
2 0.5010691 0.7422515 0.0271382 0.0453216
2 0.5708882 0.8295322 0.0289474 0.0467836
2 0.6008224 0.7972222 0.0299342 0.0464912
2 0.5539474 0.8479532 0.0263158 0.0450292
2 0.6328125 0.9008772 0.0261513 0.0467836
2 0.520477 0.9093567 0.0251645 0.0397661
2 0.4960526 0.929386 0.0256579 0.0464912
2 0.5868421 0.9412281 0.0279605 0.045614
2 0.4809211 0.9024854 0.0282895 0.044152
3 0.5453125 0.9114035 0.0264803 0.0444444
2 0.5334704 0.8627193 0.0274671 0.0459064
2 0.4483553 0.8741228 0.0282895 0.0447368
2 0.3860197 0.9078947 0.0240132 0.0415205
2 0.3109375 0.925731 0.0254934 0.0438596
2 0.4543586 0.8141813 0.0241776 0.0406433
2 0.5222862 0.7821637 0.0297697 0.0491228
2 0.2986842 0.9285088 0.0269737 0.0447368
3 0.3286184 0.9760234 0.0273026 0.0403509
2 0.3866776 0.9599415 0.0276316 0.0479532
2 0.223273 0.952924 0.0310855 0.051462
2 0.2928454 0.970614 0.0291118 0.0488304
2 0.2773849 0.9064327 0.0277961 0.0467836
2 0.2898849 0.9564327 0.0235197 0.0391813
2 0.2851974 0.9429825 0.0269737 0.0432749
2 0.2497533 0.9744152 0.0268092 0.0435673
2 0.2838816 0.9540936 0.0217105 0.0385965
2 0.2625822 0.9447368 0.0274671 0.0461988
2 0.2566612 0.9821637 0.0264803 0.028655
2 0.3101974 0.9747076 0.0259868 0.0412281
2 0.2216283 0.9725146 0.0324013 0.0467836
2 0.2238487 0.9033626 0.0223684 0.0394737
2 0.1884868 0.3700292 0.0273026 0.0423977
2 0.1677632 0.4586257 0.0355263 0.0564327
3 0.1746711 0.4431287 0.0342105 0.0564327
2 0.3037007 0.4675439 0.0212171 0.0380117
2 0.267023 0.4327485 0.0222039 0.0350877
2 0.2405428 0.4444444 0.0258224 0.0409357
2 0.2103618 0.5333333 0.0259868 0.0438596
2 0.0998355 0.4700292 0.0342105 0.0564327
2 0.3077303 0.4064327 0.0282895 0.045614
3 0.2033717 0.5593567 0.0248355 0.0426901
2 0.3419408 0.6038012 0.0263158 0.0374269
2 0.3810855 0.5694444 0.0236842 0.0388889
3 0.3361842 0.7685673 0.0266447 0.0464912
2 0.3749178 0.8555556 0.0284539 0.045614
2 0.3830592 0.8491228 0.0253289 0.0409357
2 0.2582237 0.9358187 0.0269737 0.0464912
2 0.2768914 0.8526316 0.0284539 0.0497076
2 0.4144737 0.8578947 0.0266447 0.0473684
2 0.2933388 0.8557018 0.0277961 0.0429825
2 0.2575658 0.7630117 0.0273026 0.0418129
3 0.2810855 0.8295322 0.0256579 0.0403509
2 0.2176809 0.8723684 0.0254934 0.0429825
2 0.246875 0.9027778 0.0276316 0.047076
2 0.2777138 0.7888889 0.0284539 0.0461988
2 0.1886513 0.8790936 0.0223684 0.0388889
2 0.1971217 0.928655 0.0274671 0.045614
2 0.2351974 0.8627193 0.0253289 0.044152
2 0.1839638 0.8532164 0.0264803 0.0461988
2 0.1974507 0.8852339 0.0238487 0.0429825
2 0.2183388 0.8137427 0.0248355 0.0397661
2 0.2211349 0.7076023 0.0248355 0.0432749
2 0.2245066 0.7738304 0.0210526 0.0359649
2 0.2131579 0.794152 0.0243421 0.0409357
2 0.1674342 0.7380117 0.0246711 0.0444444
2 0.2446546 0.724269 0.0268092 0.0450292
2 0.2122533 0.8130117 0.0241776 0.0394737
2 0.3136513 0.6685673 0.0230263 0.0371345
2 0.285773 0.6282164 0.0248355 0.0447368
2 0.1918586 0.7460526 0.0251645 0.0423977
2 0.5163651 0.9767544 0.0261513 0.0388889
2 0.4782072 0.972807 0.0264803 0.045614
2 0.4130757 0.8802632 0.0294408 0.0505848
2 0.4651316 0.6207602 0.0253289 0.0467836
2 0.4064145 0.6732456 0.0240132 0.0377193
2 0.6130757 0.6671053 0.0238487 0.0383041
2 0.573273 0.2093567 0.0294408 0.0461988
2 0.5958059 0.224269 0.0284539 0.0508772
2 0.5212171 0.2226608 0.0305921 0.0488304
2 0.2398849 0.3106725 0.0231908 0.0418129
2 0.6321546 0.274269 0.0271382 0.0473684
2 0.53125 0.3855263 0.0243421 0.0365497
2 0.2678454 0.9526316 0.0277961 0.0473684
2 0.3452303 0.9108187 0.0305921 0.0479532
2 0.3117599 0.1957602 0.0261513 0.0394737
3 0.2495888 0.1931287 0.0297697 0.0482456
2 0.2752467 0.2020468 0.0277961 0.045614
3 0.3366776 0.3508772 0.0263158 0.045614
2 0.2855263 0.3826023 0.0213816 0.0435673
2 0.3452303 0.3010234 0.0259868 0.0418129
2 0.3368421 0.3953216 0.0296053 0.048538
2 0.3242599 0.4019006 0.0241776 0.0406433
2 0.3175987 0.3621345 0.0213816 0.0371345
2 0.3574836 0.4834795 0.0212171 0.0406433
2 0.3614309 0.5644737 0.0261513 0.0423977
2 0.3388158 0.5445906 0.025 0.0412281
2 0.2273026 0.5147661 0.0213816 0.0394737
2 0.2391447 0.6027778 0.0263158 0.0412281
3 0.3131579 0.5524854 0.0233553 0.0371345
2 0.2203947 0.5340643 0.0243421 0.0423977
2 0.1973684 0.5333333 0.0305921 0.0467836
2 0.2234375 0.4979532 0.0251645 0.0391813
3 0.3050164 0.6304094 0.0271382 0.048538
3 0.3098684 0.6479532 0.0243421 0.0403509
2 0.2185033 0.6184211 0.0251645 0.0438596
2 0.1807566 0.7447368 0.0233553 0.0385965
3 0.2771382 0.7409357 0.0230263 0.0444444
2 0.175 0.7649123 0.0273026 0.0450292
2 0.2167763 0.9331871 0.0266447 0.0412281
2 0.2171053 0.8896199 0.0286184 0.0459064
2 0.232977 0.8983918 0.0241776 0.0429825
2 0.2393092 0.9723684 0.0282895 0.047076
2 0.4163651 0.9479532 0.0248355 0.0426901
2 0.4370888 0.9641813 0.0277961 0.0447368
2 0.4497533 0.969883 0.0304276 0.0473684
2 0.5788651 0.9345029 0.0274671 0.0444444
2 0.5608553 0.8969298 0.0273026 0.0429825
3 0.5714638 0.8837719 0.0261513 0.044152
2 0.6025493 0.720614 0.0228618 0.047076
2 0.5950658 0.7422515 0.0236842 0.0400585
2 0.5788651 0.7574561 0.0235197 0.0406433
2 0.4654605 0.7112573 0.0246711 0.0394737
2 0.4338816 0.7574561 0.0236842 0.0383041
2 0.4652961 0.7834795 0.025 0.0412281
2 0.5980263 0.6035088 0.0292763 0.0461988
2 0.6255757 0.5517544 0.0264803 0.0479532
2 0.6005757 0.5858187 0.0297697 0.0429825
2 0.5412829 0.6024854 0.0259868 0.0418129
2 0.5417763 0.5959064 0.0246711 0.0397661
2 0.5696546 0.6393275 0.0264803 0.0383041
2 0.6678454 0.600731 0.0254934 0.0406433
2 0.6628289 0.6236842 0.0253289 0.0415205
2 0.6665296 0.7856725 0.0248355 0.045614
2 0.6504112 0.7154971 0.0297697 0.0415205
2 0.6592105 0.6847953 0.0236842 0.0385965
2 0.6596217 0.7027778 0.0248355 0.047076
2 0.6985197 0.6210526 0.0286184 0.0479532
2 0.6839638 0.5847953 0.0258224 0.0426901
2 0.6771382 0.5520468 0.0276316 0.045614
2 0.6300987 0.3729532 0.0233553 0.0418129
2 0.6494243 0.3918129 0.0268092 0.0432749
2 0.6473684 0.3577485 0.0342105 0.0564327
2 0.6314145 0.4893275 0.0246711 0.0388889
2 0.654523 0.3709064 0.0300987 0.0488304
2 0.6664474 0.421345 0.0319079 0.0467836
2 0.395148 0.3302632 0.0222039 0.0400585
2 0.4699013 0.2476608 0.0246711 0.0409357
2 0.4766447 0.3020468 0.0273026 0.0409357
2 0.4301809 0.7785088 0.0271382 0.0429825
2 0.3598684 0.6592105 0.0315789 0.0511696
2 0.3119243 0.8106725 0.028125 0.0453216
2 0.3020559 0.7127193 0.0222039 0.0412281
2 0.2851151 0.7112573 0.0284539 0.0429825
3 0.3849507 0.7637427 0.0268092 0.048538
2 0.3773849 0.5200292 0.0208882 0.0383041
2 0.3821546 0.5459064 0.0261513 0.0438596
2 0.3146382 0.4903509 0.0256579 0.0426901
2 0.4148026 0.4654971 0.0269737 0.0397661
2 0.3930099 0.4603801 0.0258224 0.0447368
2 0.3724507 0.479386 0.0241776 0.0388889
2 0.1585526 0.5190058 0.0282895 0.0479532
2 0.2941612 0.4840643 0.0271382 0.0447368
2 0.276398 0.4703216 0.0251645 0.0388889
2 0.2870888 0.4653509 0.0235197 0.0418129
3 0.2613487 0.4644737 0.0233553 0.0429825
2 0.3578947 0.5342105 0.0256579 0.0362573
2 0.2818257 0.45 0.0258224 0.0432749
2 0.1750822 0.6633041 0.0310855 0.0517544
2 0.2476151 0.694152 0.0277961 0.0491228
2 0.1983553 0.6435673 0.0286184 0.0479532
2 0.2058388 0.9150585 0.0264803 0.0412281
2 0.2433388 0.9358187 0.0277961 0.0447368
2 0.2271382 0.9353801 0.0299342 0.048538
2 0.3336349 0.9628655 0.0274671 0.0450292
2 0.4475329 0.474269 0.0240132 0.0356725
2 0.4162829 0.497807 0.0243421 0.0377193
2 0.4735197 0.4795322 0.0253289 0.0403509
2 0.4222039 0.9345029 0.0256579 0.0409357
2 0.4260691 0.9557018 0.028125 0.0459064
2 0.3784539 0.972807 0.0279605 0.0461988
2 0.6514803 0.6077485 0.0286184 0.047076
2 0.5939145 0.5182749 0.0230263 0.0394737
2 0.6490132 0.627924 0.0286184 0.047076
2 0.629852 0.6035088 0.0291118 0.045614
2 0.6619243 0.7754386 0.0271382 0.0450292
2 0.6245888 0.8339181 0.0271382 0.0450292
2 0.6818257 0.769883 0.0271382 0.0450292
2 0.6523849 0.8429825 0.0271382 0.0450292
2 0.7012336 0.7388889 0.0271382 0.0450292
2 0.5763158 0.6526316 0.025 0.0403509
2 0.6000822 0.9081871 0.0271382 0.0450292
2 0.5665296 0.9564327 0.0271382 0.0438596
2 0.614227 0.8432749 0.0271382 0.0450292
2 0.5699836 0.948538 0.0271382 0.0450292
2 0.5116776 0.9539474 0.0266447 0.0488304
2 0.4844572 0.9584795 0.0268092 0.045614
2 0.5268914 0.9672515 0.0264803 0.045614
2 0.4877467 0.9769006 0.0258224 0.0380117
2 0.5620888 0.972807 0.0264803 0.045614
2 0.4634046 0.9761696 0.0245066 0.0400585
2 0.4657072 0.8092105 0.0284539 0.0464912
2 0.517352 0.8127193 0.0284539 0.0464912
3 0.5375822 0.8425439 0.0284539 0.0464912
2 0.5553454 0.8068713 0.0291118 0.0464912
2 0.546875 0.8223684 0.0266447 0.0429825
2 0.4973684 0.8289474 0.0256579 0.0415205
2 0.4853618 0.6890351 0.025 0.0435673
2 0.5273026 0.8027778 0.0276316 0.0464912
2 0.5402961 0.800731 0.0282895 0.0464912
2 0.4846217 0.7603801 0.0284539 0.0464912
2 0.4933388 0.772807 0.0254934 0.0426901
2 0.4439145 0.7368421 0.025 0.0374269
3 0.5152138 0.7103801 0.0241776 0.0406433
2 0.4601974 0.727924 0.0263158 0.0383041
2 0.4430099 0.771345 0.0284539 0.0461988
2 0.4967105 0.6839181 0.0217105 0.0397661
2 0.4996711 0.7049708 0.0243421 0.0409357
2 0.5574836 0.6451754 0.0245066 0.0383041
2 0.5796875 0.7027778 0.0284539 0.0464912
2 0.5728618 0.6980994 0.0289474 0.0464912
2 0.4617599 0.6855263 0.0254934 0.0406433
2 0.4645559 0.6605263 0.0251645 0.0391813
2 0.4947368 0.5486842 0.0253289 0.0400585
3 0.5309211 0.698538 0.0230263 0.0403509
2 0.4773026 0.5682749 0.025 0.0406433
2 0.46875 0.5900585 0.0233553 0.0409357
2 0.4289474 0.5875731 0.0253289 0.0400585
2 0.4956414 0.5296784 0.0248355 0.0383041
2 0.535773 0.545614 0.0254934 0.0385965
2 0.5499178 0.6269006 0.0222039 0.0374269
2 0.4851974 0.5644737 0.0259868 0.0423977
2 0.4500822 0.5513158 0.0231908 0.0365497
2 0.5238487 0.445614 0.0243421 0.0426901
2 0.2699013 0.9729532 0.0273026 0.0453216
2 0.2041941 0.8444444 0.0271382 0.045614
2 0.1809211 0.830117 0.0273026 0.0450292
2 0.3259046 0.630117 0.0274671 0.045614
3 0.2688322 0.8225146 0.0274671 0.045614
2 0.3749178 0.8371345 0.0274671 0.045614
3 0.3775493 0.7815789 0.0274671 0.0461988
3 0.3596217 0.6997076 0.0274671 0.045614
2 0.4306743 0.5599415 0.0274671 0.045614
2 0.4356908 0.6442982 0.0246711 0.0412281
2 0.4071546 0.646345 0.0235197 0.0394737
2 0.4074836 0.624269 0.0222039 0.0321637
2 0.3620888 0.6342105 0.0241776 0.0391813
2 0.3734375 0.5755848 0.0258224 0.0429825
3 0.3942434 0.6953216 0.0263158 0.0409357
2 0.4166941 0.7299708 0.0241776 0.0406433
3 0.3796875 0.7163743 0.0235197 0.0391813
2 0.3604441 0.5906433 0.0235197 0.0403509
3 0.3165296 0.5767544 0.0245066 0.0418129
2 0.3644737 0.3761696 0.0246711 0.0394737
2 0.3657895 0.3580409 0.0243421 0.0388889
2 0.4578947 0.4176901 0.0236842 0.0412281
2 0.4592928 0.3817251 0.0235197 0.0353801
3 0.3141447 0.3964912 0.0233553 0.0415205
2 0.395148 0.3883041 0.0241776 0.0385965
2 0.4563322 0.3559942 0.0231908 0.0406433
2 0.18125 0.5083333 0.0273026 0.0459064
2 0.2125 0.5223684 0.025 0.0447368
2 0.1894737 0.6305556 0.0256579 0.0388889
2 0.2578947 0.6404971 0.0259868 0.0418129
3 0.2026316 0.6190058 0.0253289 0.0467836
2 0.185773 0.7106725 0.0304276 0.0488304
2 0.1757401 0.6960526 0.0304276 0.0488304
2 0.2872533 0.744152 0.0248355 0.0438596
2 0.1801809 0.7798246 0.0268092 0.0450292
2 0.1931743 0.795614 0.0268092 0.0450292
2 0.195148 0.8071637 0.0268092 0.0447368
2 0.2183388 0.8122807 0.0274671 0.045614
2 0.2293586 0.796345 0.0261513 0.044152
2 0.214227 0.827924 0.0241776 0.0400585
2 0.2510691 0.8578947 0.0274671 0.045614
2 0.276727 0.8108187 0.0274671 0.045614
2 0.2775493 0.8752924 0.0274671 0.0447368
2 0.2032072 0.8584795 0.0274671 0.045614
2 0.2393914 0.8929825 0.0274671 0.0461988
2 0.2249178 0.847076 0.0245066 0.0415205
2 0.2167763 0.8578947 0.0273026 0.0473684
2 0.1943257 0.9 0.0277961 0.045614
2 0.273602 0.9820175 0.0251645 0.0277778
2 0.2626645 0.971345 0.0276316 0.0450292
2 0.2730263 0.9703216 0.0269737 0.0447368
3 0.3688322 0.7266082 0.0268092 0.0444444
2 0.3417763 0.9738304 0.0269737 0.0447368
3 0.365625 0.8736842 0.0256579 0.0421053
2 0.2945724 0.8907895 0.0269737 0.0447368
2 0.2993421 0.8795322 0.0236842 0.0380117
2 0.3366776 0.8595029 0.0269737 0.0447368
3 0.3615132 0.8153509 0.0269737 0.0447368
2 0.2955592 0.7913743 0.0269737 0.0447368
2 0.3764803 0.7931287 0.0269737 0.0447368
2 0.3080592 0.7738304 0.0269737 0.0447368
2 0.3024671 0.7621345 0.0269737 0.0447368
3 0.3788651 0.7495614 0.0271382 0.0447368
2 0.3749178 0.7128655 0.0261513 0.0438596
2 0.2944079 0.7440058 0.0269737 0.0447368
2 0.2629934 0.6603801 0.0269737 0.0447368
3 0.3322368 0.6887427 0.0269737 0.0447368
3 0.3600329 0.7489766 0.0269737 0.0447368
2 0.3358553 0.4483918 0.0269737 0.0447368
2 0.3279605 0.6741228 0.0269737 0.0447368
2 0.3320724 0.6580409 0.0269737 0.0447368
3 0.2881579 0.5904971 0.0269737 0.0447368
3 0.3166118 0.5355263 0.0269737 0.0447368
2 0.2359375 0.5099415 0.0205592 0.0362573
2 0.3269737 0.4916667 0.0269737 0.0447368
2 0.3459704 0.4767544 0.0271382 0.044152
2 0.2519737 0.3805556 0.0269737 0.0447368
2 0.317023 0.4337719 0.0241776 0.0377193
2 0.2902961 0.4659357 0.0269737 0.0447368
2 0.3664474 0.426462 0.0269737 0.0447368
2 0.3657895 0.4077485 0.0269737 0.0447368
2 0.3550164 0.3951754 0.0231908 0.0388889
3 0.3394737 0.3343567 0.0269737 0.0447368
2 0.3797697 0.3232456 0.0269737 0.0447368
3 0.2717105 0.2881579 0.0217105 0.0388889
2 0.2926809 0.222076 0.0271382 0.0447368
3 0.2814967 0.2846491 0.0225329 0.0359649
2 0.2461349 0.2671053 0.0271382 0.0447368
3 0.2768092 0.2621345 0.0236842 0.0388889
2 0.2991776 0.2314327 0.0269737 0.0447368
2 0.3081414 0.2080409 0.0238487 0.0336257
2 0.4102796 0.2090643 0.0274671 0.0444444
2 0.3512336 0.1805556 0.0245066 0.0394737
2 0.3115954 0.1763158 0.0274671 0.0444444
2 0.4316612 0.1812865 0.0274671 0.0444444
2 0.4121711 0.5807018 0.0279605 0.0450292
2 0.3938322 0.5792398 0.0238487 0.0415205
2 0.404523 0.6019006 0.0254934 0.0394737
2 0.4328125 0.6733918 0.0231908 0.0385965
2 0.420148 0.6739766 0.0222039 0.0368421
2 0.4328947 0.6995614 0.0253289 0.0377193
2 0.423273 0.8127193 0.0271382 0.0429825
3 0.3928454 0.8352339 0.0271382 0.0429825
2 0.4166941 0.7647661 0.0271382 0.0429825
2 0.445477 0.8080409 0.0271382 0.0429825
2 0.4460526 0.8435673 0.0269737 0.0438596
2 0.4262336 0.8229532 0.0271382 0.0429825
2 0.3989309 0.8559942 0.0274671 0.044152
2 0.385773 0.846345 0.0274671 0.044152
2 0.4337993 0.8754386 0.0264803 0.0397661
2 0.4383224 0.9412281 0.0243421 0.0380117
2 0.4282072 0.8407895 0.0274671 0.044152
2 0.4678454 0.8861111 0.0271382 0.0435673
2 0.4537007 0.9045322 0.0274671 0.044152
2 0.5624178 0.8486842 0.0274671 0.044152
3 0.4259046 0.8861111 0.0274671 0.044152
2 0.5246711 0.8967836 0.0279605 0.0444444
2 0.4952303 0.8769006 0.0279605 0.045614
2 0.4549342 0.9169591 0.0279605 0.045614
2 0.4992599 0.9461988 0.0264803 0.045614
2 0.5037007 0.9733918 0.0264803 0.045614
2 0.5717105 0.9652047 0.0266447 0.0461988
2 0.5333059 0.9523392 0.0264803 0.045614
2 0.4772204 0.9283626 0.0264803 0.045614
2 0.5034539 0.978655 0.0276316 0.0350877
2 0.5290296 0.9730994 0.0268092 0.0444444
2 0.5533717 0.9690058 0.0264803 0.045614
3 0.5339638 0.9067251 0.0264803 0.045614
2 0.5612664 0.9096491 0.0251645 0.045614
2 0.5719572 0.919883 0.0264803 0.045614
2 0.5828947 0.9175439 0.0263158 0.045614
3 0.5935033 0.8982456 0.0264803 0.045614
2 0.6196546 0.9282164 0.0261513 0.0453216
3 0.5755757 0.700731 0.0245066 0.0406433
2 0.5444901 0.8622807 0.0264803 0.045614
2 0.5630757 0.8318713 0.0264803 0.045614
3 0.5819901 0.827193 0.0264803 0.045614
2 0.6041118 0.8530702 0.0266447 0.0453216
2 0.5916118 0.7730994 0.0203947 0.0374269
2 0.5722862 0.7564327 0.0264803 0.045614
2 0.5625822 0.7748538 0.0264803 0.045614
2 0.5583882 0.7290936 0.0243421 0.0429825
2 0.565625 0.5609649 0.0230263 0.0400585
2 0.5471217 0.6915205 0.0264803 0.0473684
2 0.5342105 0.6406433 0.0240132 0.0403509
3 0.5443257 0.6770468 0.0251645 0.0406433
2 0.5092105 0.644152 0.0256579 0.045614
2 0.5065789 0.6153509 0.0263158 0.0459064
2 0.5724507 0.5309942 0.0212171 0.0356725
2 0.5472862 0.4748538 0.0264803 0.045614
2 0.5712993 0.5657895 0.0264803 0.045614
3 0.6889803 0.4385965 0.0279605 0.0426901
2 0.4221217 0.353655 0.0222039 0.0394737
2 0.5119243 0.1672515 0.0291118 0.0450292
3 0.4987664 0.2106725 0.0264803 0.0418129
2 0.454523 0.399269 0.0231908 0.0371345
2 0.4487664 0.419152 0.0222039 0.0365497
2 0.4408717 0.4584795 0.0245066 0.0421053
2 0.4310033 0.5070175 0.0231908 0.0362573
2 0.4441612 0.5040936 0.0228618 0.0368421
2 0.4088816 0.548538 0.0253289 0.0403509
2 0.1820724 0.4549708 0.0282895 0.0479532
2 0.2005757 0.5035088 0.0254934 0.0409357
2 0.1639803 0.475731 0.0282895 0.0479532
3 0.2546875 0.2767544 0.0251645 0.0388889
2 0.5134868 0.1881579 0.0305921 0.0488304
2 0.5894737 0.4067251 0.025 0.0385965
2 0.5897204 0.3745614 0.0277961 0.0438596
2 0.6535362 0.5809942 0.0241776 0.0403509
2 0.6741776 0.5805556 0.0246711 0.0418129
3 0.667023 0.5684211 0.0231908 0.0374269
2 0.6409539 0.5864035 0.0236842 0.0383041
2 0.6124178 0.5233918 0.0222039 0.0409357
2 0.61875 0.5083333 0.0286184 0.047076
2 0.6036184 0.5076023 0.0226974 0.0397661
2 0.6907895 0.5442982 0.0286184 0.047076
2 0.6761513 0.6861111 0.0259868 0.0406433
2 0.6769737 0.6327485 0.0256579 0.0444444
2 0.6310033 0.6890351 0.0264803 0.0388889
2 0.704852 0.6593567 0.0310855 0.0497076
2 0.5882401 0.5994152 0.0235197 0.0356725
2 0.6374178 0.6919591 0.0248355 0.0412281
2 0.5676809 0.671345 0.0241776 0.0380117
3 0.238898 0.4922515 0.0235197 0.0394737
2 0.3414474 0.5188596 0.0269737 0.0447368
2 0.3113487 0.2682749 0.0246711 0.0429825
2 0.3133224 0.3378655 0.0269737 0.0429825
2 0.3008224 0.3483918 0.0230263 0.0377193
3 0.2989309 0.3263158 0.0264803 0.0421053
3 0.3132401 0.3497076 0.0231908 0.0380117
2 0.323602 0.274269 0.0251645 0.0426901
3 0.2976151 0.2710526 0.0225329 0.0356725
3 0.3003289 0.2853801 0.0213816 0.0368421
2 0.3552632 0.2578947 0.0230263 0.0350877
2 0.2494243 0.3147661 0.0245066 0.0423977
2 0.2592105 0.3530702 0.0269737 0.0447368
2 0.2133224 0.2925439 0.0269737 0.0447368
3 0.3009868 0.5460526 0.0207237 0.0365497
2 0.1909539 0.654386 0.0286184 0.0479532
2 0.357648 0.5454678 0.0235197 0.0388889
2 0.1989309 0.6703216 0.0248355 0.0412281
2 0.3637336 0.6128655 0.0241776 0.0374269
2 0.1907072 0.7266082 0.0268092 0.0415205
2 0.2209704 0.6616959 0.0228618 0.0391813
2 0.2376645 0.8105263 0.0240132 0.0385965
2 0.1691612 0.7486842 0.0238487 0.0394737
2 0.3021382 0.9567251 0.0233553 0.0380117
2 0.4377467 0.9840643 0.0241776 0.0236842
2 0.4086349 0.9188596 0.0274671 0.044152
2 0.4513158 0.9586257 0.0276316 0.0429825
2 0.4651316 0.9539474 0.0263158 0.044152
2 0.4870888 0.9026316 0.028125 0.0444444
2 0.4855263 0.8422515 0.0233553 0.0423977
2 0.5046053 0.8599415 0.0226974 0.0426901
2 0.5208059 0.8428363 0.0248355 0.0394737
2 0.4647204 0.8290936 0.0294408 0.0412281
2 0.4689967 0.8154971 0.0241776 0.0397661
2 0.4540296 0.8185673 0.0284539 0.0464912
2 0.4773849 0.8229532 0.0258224 0.0447368
2 0.4671053 0.751462 0.0236842 0.0380117
3 0.3965461 0.7326023 0.0269737 0.0482456
2 0.4078947 0.7399123 0.0240132 0.0418129
3 0.3929276 0.7141813 0.0269737 0.0482456
2 0.6395559 0.7760234 0.0271382 0.0450292
2 0.6183388 0.720614 0.0277961 0.0453216
2 0.6174342 0.7431287 0.0230263 0.0388889
2 0.6003289 0.7570175 0.0233553 0.0380117
2 0.701398 0.6769006 0.0271382 0.0450292
2 0.6119243 0.7169591 0.0271382 0.0450292
2 0.5755757 0.7450292 0.0235197 0.0403509
2 0.6108553 0.7489766 0.0233553 0.0388889
3 0.6150493 0.769152 0.0271382 0.0447368
2 0.6056743 0.7766082 0.0271382 0.0450292
2 0.5077303 0.8307018 0.0213816 0.0385965
2 0.5155428 0.8915205 0.0264803 0.045614
2 0.5472862 0.930117 0.0264803 0.045614
2 0.6653783 0.8055556 0.0271382 0.0450292
2 0.6333059 0.6669591 0.0222039 0.0403509
2 0.6271382 0.6400585 0.0233553 0.0391813
2 0.6120066 0.5994152 0.0282895 0.0467836
2 0.6739309 0.7128655 0.0310855 0.0497076
2 0.6240954 0.3356725 0.0271382 0.0473684
2 0.5833882 0.3211988 0.0233553 0.0365497
2 0.5596217 0.3333333 0.0254934 0.0356725
2 0.4768914 0.1195906 0.0271382 0.0473684
2 0.5421875 0.2611111 0.0271382 0.0473684
2 0.6479441 0.3245614 0.0271382 0.0473684
2 0.6351151 0.3149123 0.0271382 0.0473684
2 0.5559211 0.2653509 0.0226974 0.0418129
2 0.6385691 0.3067251 0.0271382 0.0473684
2 0.5559211 0.3045322 0.0233553 0.0412281
2 0.5383224 0.2802632 0.0243421 0.0423977
2 0.5117599 0.2444444 0.0271382 0.0473684
2 0.5492599 0.2887427 0.0238487 0.0429825
2 0.5694901 0.3230994 0.0271382 0.0473684
3 0.4155428 0.1885965 0.0274671 0.0444444
2 0.3717928 0.1766082 0.0274671 0.0444444
2 0.3530428 0.1684211 0.0274671 0.0444444
2 0.3915296 0.1748538 0.0274671 0.0444444
3 0.36875 0.1888889 0.0253289 0.0397661
2 0.3665296 0.2763158 0.0274671 0.0444444
2 0.3801809 0.2371345 0.0274671 0.0421053
2 0.4071546 0.3008772 0.0238487 0.0362573
2 0.457648 0.2005848 0.0274671 0.0444444
2 0.4666941 0.2149123 0.0274671 0.0444444
2 0.4834704 0.1897661 0.0274671 0.0444444
3 0.4429276 0.2318713 0.0243421 0.0368421
2 0.4356908 0.2859649 0.0240132 0.0374269
2 0.4657072 0.2923977 0.0254934 0.0385965
2 0.4412007 0.2650585 0.0248355 0.0388889
2 0.4393914 0.2134503 0.0251645 0.0362573
2 0.5119243 0.3570175 0.0264803 0.0438596
2 0.5074836 0.3796784 0.0268092 0.0429825
2 0.4856908 0.3495614 0.0263158 0.0429825
2 0.4666941 0.3340643 0.0268092 0.0429825
2 0.445148 0.3726608 0.0271382 0.0429825
2 0.5461349 0.4064327 0.0238487 0.0391813
2 0.467023 0.4090643 0.021875 0.0391813
2 0.5311678 0.3995614 0.0268092 0.0429825
2 0.5663651 0.4451754 0.0235197 0.0394737
2 0.5443257 0.3644737 0.0268092 0.0429825
2 0.5462171 0.4304094 0.0230263 0.0345029
2 0.5259046 0.3798246 0.0248355 0.0385965
2 0.5637336 0.4685673 0.0268092 0.0429825
2 0.5773849 0.4676901 0.0268092 0.0429825
2 0.5370888 0.4545322 0.0261513 0.0429825
2 0.5578947 0.4390351 0.0217105 0.0359649
2 0.4428454 0.4309942 0.0271382 0.0426901
2 0.5305099 0.4673977 0.0268092 0.0429825
2 0.520148 0.475 0.0238487 0.0359649
2 0.4053454 0.6274854 0.0274671 0.045614
2 0.3896382 0.6830409 0.0233553 0.0415205
3 0.367023 0.6850877 0.021875 0.0368421
3 0.3546875 0.6368421 0.0245066 0.0426901
2 0.4203125 0.6130117 0.0225329 0.0388889
2 0.2902138 0.7738304 0.0245066 0.0400585
2 0.3091283 0.8340643 0.0251645 0.0400585
2 0.3253289 0.822076 0.0240132 0.044152
2 0.2619243 0.9178363 0.0274671 0.045614
2 0.1752467 0.8166667 0.0268092 0.0450292
2 0.1817434 0.8130117 0.0246711 0.0400585
2 0.2119243 0.723538 0.0238487 0.0412281
2 0.4306743 0.3564327 0.0222039 0.0385965
2 0.4430099 0.3595029 0.0225329 0.0353801
2 0.4185033 0.348538 0.0277961 0.048538
2 0.4009046 0.330117 0.0248355 0.0450292
2 0.4129112 0.3285088 0.0231908 0.0359649
2 0.5097862 0.5115497 0.0238487 0.0394737
2 0.5261513 0.5659357 0.0223684 0.0383041
2 0.5096217 0.5366959 0.0238487 0.0388889
2 0.5261513 0.5869883 0.0253289 0.0388889
2 0.3082237 0.2482456 0.025 0.045614
3 0.2810855 0.5064327 0.025 0.0426901
2 0.267023 0.8568713 0.0241776 0.0394737
2 0.2600329 0.8573099 0.0230263 0.0409357
2 0.6013158 0.877924 0.0246711 0.0412281
2 0.5925987 0.8599415 0.0276316 0.0450292
2 0.6033717 0.9383041 0.0271382 0.0450292
3 0.5783717 0.8054094 0.0284539 0.0464912
2 0.6385691 0.7266082 0.0271382 0.045614
2 0.6912007 0.7578947 0.0271382 0.0450292
2 0.6469572 0.6951754 0.0271382 0.044152
2 0.6472862 0.6444444 0.0271382 0.0438596
2 0.6511513 0.6144737 0.0213816 0.0394737
2 0.5852796 0.6214912 0.0228618 0.0371345
2 0.6109375 0.4065789 0.0274671 0.0488304
2 0.6115954 0.3761696 0.0258224 0.0400585
2 0.4839638 0.2 0.0274671 0.0444444
2 0.4614309 0.155848 0.0274671 0.0444444
2 0.4597039 0.5201754 0.0253289 0.0403509
2 0.4493421 0.5248538 0.0253289 0.0403509
2 0.4433388 0.5371345 0.021875 0.0380117
2 0.4342105 0.5383041 0.0253289 0.0403509
3 0.5225329 0.7349415 0.0253289 0.0418129
2 0.4533717 0.7624269 0.0251645 0.044152
2 0.4978618 0.8947368 0.0279605 0.045614
2 0.5617599 0.5418129 0.0264803 0.045614
2 0.5426809 0.5292398 0.0235197 0.0385965
2 0.5797697 0.5112573 0.0246711 0.0406433
2 0.3676809 0.3122807 0.0235197 0.0380117
2 0.4158717 0.2438596 0.0235197 0.0380117
2 0.4330592 0.2621345 0.0223684 0.0371345
2 0.1986842 0.4358187 0.0269737 0.0447368
3 0.2807566 0.4125731 0.0233553 0.0368421
3 0.2776316 0.4027778 0.0220395 0.0359649
2 0.2672697 0.4049708 0.0233553 0.0397661
2 0.2716283 0.3741228 0.0245066 0.0371345
3 0.3006579 0.5141813 0.0269737 0.0447368
3 0.2601974 0.5171053 0.0269737 0.0447368
3 0.2666941 0.5758772 0.0231908 0.0383041
2 0.2598684 0.6549708 0.0240132 0.0374269
2 0.254852 0.6783626 0.0241776 0.0409357
2 0.2907072 0.6695906 0.0291118 0.048538
2 0.2111842 0.8415205 0.0230263 0.0380117
2 0.2457237 0.9777778 0.0276316 0.0368421
2 0.2351974 0.8333333 0.0236842 0.0368421
3 0.401398 0.7869883 0.0271382 0.0429825
2 0.4893914 0.8049708 0.0235197 0.0391813
2 0.4108553 0.8055556 0.0240132 0.0391813
2 0.4321546 0.9359649 0.0245066 0.0397661
2 0.3975329 0.8937135 0.0269737 0.0447368
2 0.6877467 0.6798246 0.0284539 0.048538
2 0.6818257 0.6703216 0.0261513 0.0429825
2 0.7055099 0.7019006 0.0268092 0.0412281
2 0.6957237 0.7074561 0.0305921 0.05
2 0.6461349 0.497076 0.0264803 0.045614
2 0.5932566 0.5523392 0.0236842 0.0409357
2 0.6004934 0.4337719 0.025 0.0400585
2 0.6324013 0.5173977 0.0286184 0.047076
2 0.6508224 0.4814327 0.0286184 0.047076
2 0.567352 0.2545322 0.0258224 0.0418129
2 0.4904605 0.2545322 0.0305921 0.0488304
2 0.4733553 0.2374269 0.0276316 0.0432749
2 0.4728618 0.2790936 0.0305921 0.0488304
2 0.4460526 0.3135965 0.0273026 0.0418129
2 0.4984375 0.45 0.0241776 0.0409357
2 0.4977796 0.4238304 0.0241776 0.0388889
2 0.4721217 0.6396199 0.0254934 0.0400585
2 0.4425164 0.6027778 0.0261513 0.0418129
2 0.3903783 0.2669591 0.021875 0.0385965
3 0.3967928 0.2122807 0.0274671 0.0444444
2 0.4055099 0.2337719 0.0235197 0.0388889
3 0.3040296 0.4128655 0.0261513 0.0391813
3 0.3175987 0.4760234 0.0233553 0.0385965
2 0.4208882 0.5339181 0.0256579 0.0415205
2 0.3916118 0.5157895 0.0253289 0.0403509
2 0.4016447 0.5307018 0.0253289 0.0403509
2 0.3708059 0.5940058 0.0241776 0.0406433
2 0.3822368 0.6137427 0.0246711 0.0421053
2 0.3675164 0.6130117 0.0238487 0.0412281
2 0.3602796 0.7643275 0.0274671 0.045614
2 0.3455592 0.6513158 0.0217105 0.0371345
2 0.6047697 0.4042398 0.0273026 0.047076
2 0.6196546 0.3609649 0.0251645 0.0459064
2 0.5981086 0.4077485 0.0258224 0.0435673
2 0.6303454 0.6504386 0.0238487 0.0435673
2 0.6578125 0.5900585 0.0235197 0.0409357
2 0.6581414 0.8347953 0.0271382 0.0450292
2 0.588898 0.7894737 0.0271382 0.0450292
2 0.4208882 0.4315789 0.0263158 0.0397661
2 0.3997533 0.4283626 0.0258224 0.0391813
2 0.3851151 0.452924 0.0245066 0.0380117
2 0.3354441 0.2833333 0.0274671 0.0444444
2 0.3709704 0.2190058 0.0274671 0.0444444
2 0.3444901 0.1931287 0.0241776 0.0388889
3 0.3359375 0.2187135 0.0274671 0.0444444
2 0.3851974 0.6296784 0.0243421 0.0388889
2 0.3780428 0.6397661 0.0225329 0.0397661
3 0.3452303 0.6966374 0.0269737 0.0447368
2 0.3084704 0.6960526 0.0241776 0.0383041
2 0.3202303 0.7861111 0.0269737 0.0447368
2 0.3300987 0.844883 0.0269737 0.0447368
3 0.353125 0.8267544 0.0269737 0.0447368
2 0.5492599 0.5144737 0.0235197 0.0394737
2 0.5550987 0.5615497 0.0230263 0.0383041
3 0.4585526 0.5814327 0.0230263 0.0394737
2 0.501398 0.5656433 0.0261513 0.044152
2 0.4979441 0.5836257 0.0231908 0.0391813
2 0.6382401 0.7564327 0.0271382 0.0450292
2 0.6276316 0.7574561 0.0243421 0.0400585
2 0.6719572 0.6669591 0.0268092 0.0467836
2 0.6727796 0.4874269 0.0264803 0.045614
2 0.6100329 0.5421053 0.0259868 0.045614
3 0.2273026 0.2773392 0.0269737 0.0447368
2 0.2378289 0.3671053 0.0240132 0.0371345
3 0.2276316 0.4675439 0.0259868 0.0391813
3 0.329852 0.5668129 0.0225329 0.0418129
3 0.2988487 0.5804094 0.0230263 0.0409357
2 0.5050164 0.8802632 0.0284539 0.0464912
2 0.5403783 0.7953216 0.0264803 0.045614
2 0.5229441 0.7666667 0.0264803 0.045614
2 0.5811678 0.8581871 0.0264803 0.045614
2 0.5663651 0.2998538 0.0251645 0.0400585
2 0.5337993 0.2804094 0.0271382 0.0473684
2 0.4997533 0.369152 0.0268092 0.0429825
2 0.4427632 0.6581871 0.0230263 0.0409357
2 0.5018914 0.7913743 0.0284539 0.0464912
2 0.6891447 0.6277778 0.0266447 0.0444444
2 0.6005757 0.671345 0.0268092 0.0444444
2 0.629523 0.4615497 0.0251645 0.0388889
2 0.4777138 0.8717836 0.0274671 0.044152
2 0.4525493 0.7483918 0.0238487 0.0453216
2 0.5200658 0.6675439 0.0246711 0.0421053
2 0.4532895 0.6618421 0.0256579 0.0423977
2 0.6379934 0.6192982 0.0266447 0.0444444
2 0.6583059 0.7318713 0.0268092 0.0450292
3 0.2893092 0.5687135 0.0230263 0.0391813
2 0.3255757 0.2397661 0.0271382 0.045614
2 0.3336349 0.4738304 0.0241776 0.0388889
2 0.2226974 0.4486842 0.0269737 0.0447368
3 0.2879112 0.4252924 0.0238487 0.0406433
2 0.29375 0.4255848 0.0210526 0.0377193
3 0.2490132 0.5138889 0.0269737 0.0447368
3 0.3465461 0.7602339 0.0263158 0.0426901
3 0.3814967 0.697076 0.0225329 0.0356725
3 0.3535362 0.6640351 0.0222039 0.0345029
2 0.4620066 0.9364035 0.0230263 0.0388889
2 0.2624178 0.8973684 0.0251645 0.0415205
2 0.4065789 0.9511696 0.0279605 0.0461988
2 0.2389803 0.973538 0.0286184 0.0453216
2 0.3324013 0.8089181 0.0269737 0.0447368
2 0.3748355 0.8923977 0.0279605 0.0461988
2 0.6391447 0.8726608 0.0266447 0.0447368
2 0.6405428 0.7827485 0.0271382 0.0450292
2 0.5745888 0.5931287 0.0284539 0.0464912
2 0.598602 0.5611111 0.0271382 0.045614
2 0.5913651 0.5330409 0.0264803 0.045614
2 0.5708882 0.5432749 0.0230263 0.0409357
2 0.5477796 0.4947368 0.0238487 0.0409357
2 0.5580592 0.5001462 0.0256579 0.0394737
2 0.6083882 0.579386 0.0256579 0.044152
2 0.5134046 0.4437135 0.0225329 0.0388889
2 0.2815789 0.7568713 0.0269737 0.0447368
3 0.3723684 0.7464912 0.0273026 0.045614
2 0.3296053 0.7292398 0.0246711 0.0397661
0 0.2763158 0.6555556 0.0286184 0.0479532
2 0.2879934 0.6571637 0.0276316 0.0476608
2 0.2086349 0.770614 0.0238487 0.0394737
2 0.2118421 0.7511696 0.0230263 0.0391813
2 0.3205592 0.3241228 0.0223684 0.0400585
3 0.3233553 0.4612573 0.0210526 0.0377193
2 0.461102 0.2298246 0.0274671 0.0444444
2 0.3787829 0.6649123 0.0230263 0.0380117
2 0.4672697 0.8497076 0.0236842 0.0391813
2 0.4833882 0.7323099 0.0269737 0.0482456
2 0.6291941 0.8160819 0.0271382 0.0450292
2 0.6619243 0.7067251 0.0271382 0.0450292
2 0.6150493 0.5400585 0.0264803 0.045614
2 0.6018914 0.5295322 0.0264803 0.045614
2 0.604523 0.4181287 0.0264803 0.045614
2 0.4742599 0.3603801 0.0228618 0.0359649
2 0.3162829 0.2274854 0.0263158 0.0421053
2 0.2671875 0.6788012 0.0241776 0.0423977
2 0.2719572 0.6517544 0.0261513 0.0450292
3 0.2234375 0.5457602 0.0248355 0.0418129
3 0.3783717 0.8052632 0.0238487 0.0426901
3 0.3473684 0.855848 0.0223684 0.0391813
2 0.3297697 0.9225146 0.0266447 0.0473684
3 0.3561678 0.7923977 0.0238487 0.0374269
3 0.3477796 0.8002924 0.0235197 0.0380117
2 0.4050987 0.4852339 0.0223684 0.0371345
2 0.4152138 0.4445906 0.0238487 0.0406433
2 0.3441612 0.5733918 0.0199013 0.0350877
2 0.5094572 0.2915205 0.0271382 0.0473684
2 0.4199013 0.645614 0.0243421 0.0403509
2 0.6159539 0.6330409 0.0266447 0.0444444
2 0.5866776 0.7211988 0.0243421 0.0412281
2 0.6960526 0.6804094 0.0243421 0.0374269
2 0.4916118 0.2353801 0.0286184 0.0444444
2 0.4902138 0.1736842 0.0271382 0.0473684
2 0.5217928 0.3980994 0.0241776 0.0400585
3 0.2634046 0.2777778 0.0264803 0.0432749
2 0.3231908 0.2178363 0.0263158 0.0421053
2 0.2391447 0.2538012 0.0263158 0.0421053
2 0.3082237 0.4238304 0.0269737 0.0447368
2 0.4319079 0.5185673 0.0194079 0.0307018
2 0.3685033 0.2998538 0.0268092 0.0429825
2 0.4244243 0.3084795 0.0231908 0.0374269
2 0.4736842 0.2877193 0.0253289 0.0374269
2 0.5055099 0.6633041 0.0284539 0.0464912
2 0.5748355 0.9739766 0.0266447 0.0444444
2 0.6774671 0.6105263 0.0266447 0.0444444
2 0.4037007 0.3154971 0.0261513 0.0380117
0 0.1782072 0.6095029 0.0291118 0.047076
2 0.2057566 0.5489766 0.0259868 0.0383041
3 0.3647204 0.774269 0.0222039 0.0415205
2 0.5810033 0.6621345 0.0284539 0.0464912
2 0.3912829 0.7837719 0.0243421 0.0418129
2 0.3762336 0.6685673 0.0215461 0.0353801
3 0.3050164 0.3877193 0.0245066 0.0385965
2 0.2476151 0.4223684 0.0215461 0.0359649
2 0.2007401 0.7783626 0.021875 0.0403509
2 0.5505757 0.7089181 0.0222039 0.0336257
0 0.2614309 0.7192982 0.0235197 0.0385965
0 0.2566612 0.7967836 0.0225329 0.0380117
0 0.2398849 0.7084795 0.0268092 0.0450292
2 0.2314967 0.7070175 0.0284539 0.0467836
2 0.4918586 0.2918129 0.0248355 0.0380117
2 0.4805099 0.3103801 0.0231908 0.0371345
3 0.198602 0.4795322 0.0235197 0.0391813
2 0.1101151 0.4709064 0.0251645 0.0418129
2 0.3333882 0.2339181 0.0243421 0.0415205
0 0.2157895 0.4004386 0.025 0.0418129
2 0.421875 0.2592105 0.0223684 0.0336257
2 0.320148 0.3045322 0.0251645 0.0418129
2 0.2032072 0.4621345 0.0238487 0.0394737
2 0.1833882 0.6763158 0.0286184 0.0479532
2 0.270477 0.6656433 0.0231908 0.0400585
2 0.3432566 0.5861111 0.0213816 0.0388889
2 0.3987664 0.872807 0.0254934 0.0415205
2 0.315625 0.6788012 0.0269737 0.0447368
2 0.4067434 0.7700292 0.0230263 0.0412281
0 0.4334704 0.376462 0.0251645 0.0418129
2 0.379523 0.2451754 0.0251645 0.0418129
0 0.4693257 0.169152 0.0251645 0.0418129
2 0.5273849 0.5347953 0.021875 0.0374269
2 0.5131579 0.4239766 0.0230263 0.0380117
0 0.6814967 0.501462 0.0271382 0.0473684
2 0.4870066 0.4254386 0.0200658 0.0356725
2 0.5035362 0.3994152 0.0241776 0.0415205
2 0.3527961 0.3828947 0.0207237 0.0383041
2 0.6527961 0.4086257 0.0273026 0.044152
2 0.5680921 0.3248538 0.0253289 0.0415205
2 0.5221217 0.3597953 0.0271382 0.0482456
2 0.6021382 0.3383041 0.0253289 0.0374269
2 0.5939145 0.7187135 0.0223684 0.0345029
2 0.6525493 0.7850877 0.0271382 0.0450292
0 0.548273 0.7681287 0.0271382 0.0450292
2 0.6235197 0.6681287 0.0220395 0.0374269
0 0.6303454 0.7938596 0.0271382 0.0450292
2 0.4946546 0.8538012 0.0245066 0.0415205
3 0.5544408 0.6710526 0.0230263 0.0385965
0 0.545477 0.9678363 0.0268092 0.0467836
2 0.4705592 0.9092105 0.0230263 0.0400585
2 0.5260691 0.9453216 0.0241776 0.0380117
2 0.5995066 0.6288012 0.0230263 0.0383041
2 0.5992599 0.652924 0.0235197 0.0350877
2 0.5303454 0.6662281 0.0225329 0.0394737
2 0.5832237 0.4314327 0.0217105 0.0394737
2 0.6518914 0.4444444 0.0271382 0.0473684
0 0.542023 0.222076 0.0225329 0.0388889
2 0.5030428 0.6194444 0.0264803 0.044152
2 0.4516447 0.6261696 0.0220395 0.0400585
2 0.6287829 0.9074561 0.0233553 0.0353801
1 0.6953125 0.6251462 0.0271382 0.0450292
0 0.6117599 0.4532164 0.0271382 0.0450292
0 0.5426809 0.8859649 0.0268092 0.045614
0 0.5374178 0.7596491 0.0271382 0.0450292
2 0.5641447 0.6190058 0.0207237 0.0327485
2 0.6208059 0.3578947 0.0241776 0.0362573
2 0.4833882 0.2820175 0.0223684 0.0377193
0 0.4086349 0.2831871 0.0228618 0.0371345
2 0.4178454 0.5140351 0.0208882 0.0339181
0 0.5620888 0.379386 0.0268092 0.0429825
2 0.3861842 0.4726608 0.0223684 0.0371345
3 0.320148 0.6510234 0.0248355 0.0412281
0 0.3533717 0.9568713 0.0228618 0.0394737
2 0.3947368 0.6565789 0.0213816 0.0336257
2 0.4256579 0.7523392 0.0246711 0.0380117
2 0.2649671 0.8774854 0.0256579 0.0421053
2 0.2523849 0.6010234 0.0251645 0.0418129
2 0.2768092 0.5197368 0.0243421 0.0377193
2 0.3723684 0.4574561 0.0230263 0.0388889
2 0.3243421 0.4421053 0.0230263 0.0409357
0 0.2869243 0.3106725 0.0251645 0.0418129
0 0.4071546 0.3630117 0.0251645 0.0418129
2 0.2249178 0.2951754 0.0251645 0.0418129
0 0.2722862 0.2241228 0.0251645 0.0418129
0 0.3842928 0.2030702 0.0251645 0.0418129
2 0.3225329 0.8653509 0.0246711 0.044152
2 0.417023 0.449269 0.0222039 0.0365497
2 0.3196546 0.5597953 0.0222039 0.0365497
0 0.2025493 0.4112573 0.0222039 0.0365497
0 0.2525493 0.4928363 0.0222039 0.0365497
2 0.3467105 0.7239766 0.0220395 0.0380117
0 0.3230263 0.7068713 0.0269737 0.0447368
1 0.2939145 0.6872807 0.0269737 0.0447368
2 0.3638158 0.5065789 0.0230263 0.0400585
0 0.4302632 0.399269 0.0276316 0.0464912
0 0.3488487 0.4299708 0.0276316 0.0464912
2 0.2500822 0.7429825 0.0268092 0.0450292
2 0.2506579 0.7834795 0.0226974 0.0371345
0 0.3208059 0.7070175 0.0268092 0.0450292
0 0.4167763 0.6928363 0.0230263 0.0394737
2 0.3602796 0.7307018 0.0268092 0.0450292
3 0.3991776 0.8188596 0.0269737 0.0447368
0 0.4361842 0.8165205 0.0269737 0.0447368
2 0.6429276 0.6397661 0.0230263 0.0403509
0 0.4541118 0.7849415 0.0269737 0.0447368
2 0.4317434 0.9111111 0.0269737 0.0444444
2 0.3101151 0.8681287 0.0225329 0.0403509
2 0.4315789 0.4404971 0.0213816 0.0353801
2 0.5589638 0.4501462 0.0268092 0.0429825
2 0.5245888 0.3346491 0.0238487 0.0400585
2 0.6018914 0.3508772 0.0235197 0.0385965
0 0.5627467 0.3716374 0.0271382 0.0473684
2 0.329852 0.3204678 0.0222039 0.0356725
0 0.2303454 0.6883041 0.0268092 0.0450292
2 0.3728618 0.5390351 0.0230263 0.0400585
2 0.3230263 0.5100877 0.0230263 0.0400585
2 0.3875 0.6571637 0.0230263 0.0400585
2 0.3533717 0.5751462 0.0202303 0.0368421
2 0.3600329 0.5980994 0.0230263 0.0400585
0 0.38125 0.596345 0.0230263 0.0400585
0 0.217023 0.4232456 0.0222039 0.0365497
0 0.2790296 0.3533626 0.0222039 0.0365497
0 0.3810033 0.4124269 0.0222039 0.0365497
2 0.6768914 0.6 0.0271382 0.0450292
0 0.5693257 0.4921053 0.0271382 0.0450292
3 0.4532895 0.2802632 0.0223684 0.0377193
0 0.4546053 0.273538 0.0223684 0.0377193
2 0.4258224 0.2934211 0.0223684 0.0377193
0 0.4858553 0.655848 0.0217105 0.0374269
2 0.6550987 0.6619883 0.0217105 0.0374269
2 0.6936678 0.6144737 0.0215461 0.0388889
2 0.4118421 0.6239766 0.0217105 0.0374269
0 0.4229441 0.3966374 0.0225329 0.0388889
0 0.5849507 0.2828947 0.0225329 0.0388889
0 0.5984375 0.2668129 0.0225329 0.0388889
2 0.6070724 0.6770468 0.0207237 0.0312865
0 0.3402961 0.950731 0.0269737 0.0447368
2 0.2336349 0.9486842 0.0228618 0.0394737
0 0.460773 0.8656433 0.0225329 0.0388889
2 0.5856086 0.9267544 0.0228618 0.0394737
0 0.3601151 0.2928363 0.0251645 0.0418129
0 0.313898 0.2861111 0.0251645 0.0418129
0 0.245148 0.752193 0.0225329 0.0371345
0 0.2469572 0.8074561 0.0225329 0.0371345
0 0.5239309 0.3241228 0.0225329 0.0388889
2 0.4925164 0.3440058 0.0225329 0.0388889
0 0.5436678 0.3229532 0.0225329 0.0388889
0 0.4791941 0.3752924 0.0225329 0.0388889
2 0.4764803 0.7976608 0.0233553 0.0403509
0 0.5090461 0.75 0.0233553 0.0403509
2 0.6129934 0.6950292 0.0217105 0.0374269
2 0.6550987 0.645614 0.0217105 0.0374269
2 0.254852 0.2761696 0.0228618 0.0371345
0 0.4616776 0.4597953 0.0213816 0.0353801
2 0.5116776 0.4548246 0.0213816 0.0353801
0 0.1630757 0.6988304 0.0235197 0.0385965
2 0.4374178 0.3097953 0.0228618 0.0371345
0 0.3152961 0.7387427 0.0230263 0.0394737
0 0.5504934 0.9473684 0.0226974 0.0391813
