2 0.5765625 0.05703125 0.065625 0.0640625
4 0.3796875 0.37265625 0.059375 0.0453125
2 0.40546875 0.0640625 0.0546875 0.046875
2 0.309375 0.05390625 0.0625 0.0421875
2 0.4046875 0.240625 0.053125 0.059375
2 0.3796875 0.2390625 0.05625 0.05625
2 0.35859375 0.20625 0.0546875 0.053125
2 0.40625 0.175 0.05625 0.05625
2 0.434375 0.16796875 0.05625 0.0515625
4 0.61640625 0.16640625 0.0671875 0.0734375
3 0.075 0.49765625 0.05 0.0609375
2 0.03671875 0.48125 0.0484375 0.059375
2 0.15625 0.3359375 0.05 0.046875
2 0.14140625 0.3859375 0.0515625 0.05
2 0.171875 0.303125 0.059375 0.05
2 0.378125 0.503125 0.075 0.065625
4 0.08515625 0.61171875 0.0515625 0.0578125
2 0.20390625 0.5890625 0.0734375 0.0625
2 0.0109375 0.246875 0.021875 0.0625
2 0.034375 0.04921875 0.0625 0.0515625
2 0.55390625 0.05625 0.0515625 0.053125
2 0.46484375 0.06953125 0.0484375 0.0515625
2 0.3984375 0.303125 0.065625 0.05
2 0.36953125 0.30078125 0.0484375 0.0484375
2 0.29765625 0.33828125 0.0609375 0.0546875
2 0.28984375 0.49609375 0.0734375 0.0703125
2 0.303125 0.4640625 0.05625 0.05625
2 0.03046875 0.1890625 0.0578125 0.05625
2 0.07109375 0.23046875 0.0515625 0.0515625
2 0.10234375 0.29453125 0.0546875 0.0578125
4 0.23359375 0.35390625 0.0640625 0.0546875
2 0.290625 0.2890625 0.053125 0.05625
2 0.33671875 0.21015625 0.0390625 0.0359375
2 0.37421875 0.128125 0.0546875 0.04375
2 0.29296875 0.159375 0.0546875 0.053125
2 0.3015625 0.20234375 0.040625 0.0390625
2 0.31796875 0.1515625 0.0453125 0.046875
2 0.19140625 0.19296875 0.0546875 0.0546875
2 0.2328125 0.10234375 0.059375 0.0515625
2 0.1859375 0.1265625 0.046875 0.046875
2 0.09140625 0.09609375 0.0515625 0.0578125
2 0.42890625 0.00703125 0.0671875 0.0140625
2 0.60390625 0.046875 0.0484375 0.05625
2 0.5140625 0.16875 0.0625 0.05625
2 0.6203125 0.1953125 0.059375 0.05625
2 0.625 0.21484375 0.053125 0.0515625
4 0.63125 0.2546875 0.05625 0.05625
2 0.46484375 0.1703125 0.0546875 0.0625
2 0.5234375 0.22890625 0.05625 0.0609375
2 0.53671875 0.20078125 0.0546875 0.0578125
2 0.603125 0.26328125 0.05625 0.0546875
2 0.45234375 0.0328125 0.0546875 0.04375
2 0.440625 0.09453125 0.053125 0.0578125
2 0.38125 0.04921875 0.046875 0.0546875
2 0.46640625 0.0359375 0.0546875 0.05
2 0.33671875 0.0765625 0.0453125 0.04375
2 0.3015625 0.07109375 0.05 0.0515625
3 0.15859375 0.58828125 0.0640625 0.0578125
2 0.30703125 0.39609375 0.0546875 0.0546875
2 0.09375 0.36328125 0.05625 0.0546875
2 0.00859375 0.3796875 0.0171875 0.053125
2 0.31953125 0.2921875 0.0546875 0.046875
2 0.31953125 0.33671875 0.0484375 0.0421875
2 0.3828125 0.20390625 0.05 0.0484375
2 0.2890625 0.22734375 0.0375 0.0390625
2 0.4234375 0.31796875 0.0375 0.0453125
2 0.31640625 0.22421875 0.0484375 0.0484375
2 0.28203125 0.23671875 0.0421875 0.0453125
2 0.28984375 0.04296875 0.0484375 0.0453125
2 0.30390625 0.11171875 0.0546875 0.0515625
2 0.42109375 0.02890625 0.0546875 0.0515625
2 0.440625 0.03125 0.053125 0.05625
2 0.38203125 0.0171875 0.0578125 0.034375
2 0.42734375 0.0828125 0.0578125 0.05625
2 0.39609375 0.09765625 0.0515625 0.0484375
2 0.353125 0.16171875 0.05 0.0515625
2 0.35390625 0.19609375 0.0453125 0.0421875
2 0.3984375 0.1484375 0.05625 0.053125
2 0.36953125 0.1375 0.0421875 0.034375
2 0.290625 0.18203125 0.046875 0.0390625
2 0.31328125 0.4453125 0.0484375 0.040625
2 0.38515625 0.40703125 0.0703125 0.0671875
2 0.3546875 0.4671875 0.05625 0.059375
2 0.334375 0.45546875 0.05625 0.0453125
2 0.3328125 0.33671875 0.05 0.0421875
2 0.33984375 0.3609375 0.0421875 0.040625
2 0.31640625 0.3609375 0.0546875 0.046875
2 0.37265625 0.32734375 0.0484375 0.0484375
2 0.25390625 0.3234375 0.0515625 0.046875
2 0.27890625 0.38046875 0.0546875 0.0515625
2 0.22109375 0.35546875 0.0484375 0.0546875
2 0.1828125 0.3734375 0.05625 0.059375
2 0.01640625 0.19921875 0.0328125 0.0515625
2 0.025 0.14453125 0.05 0.0546875
2 0.0234375 0.225 0.046875 0.059375
2 0.246875 0.31015625 0.034375 0.0296875
2 0.25234375 0.30078125 0.0421875 0.0390625
2 0.28515625 0.31484375 0.0421875 0.0421875
2 0.3453125 0.2921875 0.05 0.04375
2 0.45078125 0.30078125 0.0609375 0.0578125
2 0.23359375 0.2734375 0.0515625 0.05
2 0.18125 0.325 0.05 0.04375
3 0.1796875 0.51328125 0.053125 0.0484375
2 0.115625 0.31015625 0.059375 0.0578125
2 0.13046875 0.36640625 0.0578125 0.0453125
2 0.1140625 0.35859375 0.05 0.0515625
2 0.253125 0.26015625 0.0375 0.0390625
2 0.26796875 0.26015625 0.0484375 0.0453125
2 0.2546875 0.234375 0.046875 0.040625
2 0.2375 0.2484375 0.034375 0.03125
2 0.31640625 0.27578125 0.0515625 0.0484375
2 0.278125 0.28984375 0.046875 0.0421875
2 0.19140625 0.0921875 0.0484375 0.05625
2 0.17578125 0.06484375 0.0484375 0.0515625
2 0.309375 0.01796875 0.059375 0.0359375
2 0.31953125 0.0046875 0.0546875 0.009375
2 0.0421875 0.24609375 0.05625 0.0515625
2 0.06640625 0.26015625 0.0578125 0.0546875
2 0.08984375 0.2734375 0.0484375 0.053125
2 0.21328125 0.1296875 0.0609375 0.05625
2 0.2765625 0.0609375 0.05 0.046875
2 0.34375 0.11171875 0.046875 0.0453125
2 0.3234375 0.13984375 0.05625 0.0515625
2 0.2875 0.20625 0.05625 0.053125
2 0.26328125 0.21640625 0.0546875 0.0453125
2 0.365625 0.08671875 0.053125 0.0515625
2 0.28046875 0.11171875 0.0515625 0.0453125
2 0.27734375 0.14296875 0.0484375 0.0421875
2 0.4515625 0.00859375 0.053125 0.0171875
2 0.00703125 0.03046875 0.0140625 0.0515625
2 0.02265625 0.08046875 0.0453125 0.0609375
2 0.08984375 0.19296875 0.0578125 0.0578125
2 0.13828125 0.2984375 0.0609375 0.053125
2 0.1734375 0.21328125 0.046875 0.0515625
2 0.1578125 0.246875 0.05625 0.05
2 0.13828125 0.2125 0.0546875 0.05
2 0.13359375 0.23984375 0.0421875 0.0453125
2 0.18203125 0.2515625 0.0484375 0.046875
2 0.1703125 0.278125 0.053125 0.05625
2 0.2046875 0.23515625 0.046875 0.0515625
2 0.2015625 0.2578125 0.04375 0.040625
2 0.2078125 0.303125 0.04375 0.04375
2 0.19921875 0.31484375 0.0578125 0.0546875
2 0.07578125 0.3453125 0.0546875 0.053125
2 0.3296875 0.39609375 0.046875 0.0515625
2 0.3203125 0.4453125 0.053125 0.05
2 0.37578125 0.27578125 0.0640625 0.0484375
2 0.2078125 0.471875 0.05625 0.059375
3 0.20859375 0.52734375 0.0578125 0.0546875
2 0.21953125 0.50078125 0.0546875 0.0515625
3 0.0984375 0.53046875 0.059375 0.0609375
2 0.040625 0.58359375 0.059375 0.0546875
2 0.01953125 0.53359375 0.0390625 0.0546875
3 0.02578125 0.6 0.0515625 0.06875
2 0.03125 0.53671875 0.053125 0.0515625
2 0.11796875 0.53984375 0.0578125 0.0515625
2 0.04609375 0.1765625 0.0640625 0.059375
2 0.5203125 0.11875 0.059375 0.053125
2 0.3484375 0.24140625 0.046875 0.0484375
2 0.13359375 0.52109375 0.0546875 0.0515625
2 0.1375 0.00703125 0.0625 0.0140625
2 0.16484375 0.01484375 0.0671875 0.0296875
2 0.15 0.56953125 0.06875 0.0546875
2 0.01640625 0.01171875 0.0328125 0.0234375
2 0.11875 0.13125 0.059375 0.053125
2 0.1421875 0.06640625 0.053125 0.0578125
2 0.0546875 0.284375 0.05625 0.059375
2 0.0578125 0.3046875 0.053125 0.05
2 0.03671875 0.2984375 0.0515625 0.05
2 0.02421875 0.30234375 0.0484375 0.0515625
2 0.0125 0.28359375 0.025 0.0453125
2 0.02109375 0.334375 0.0421875 0.046875
2 0.0625 0.32109375 0.046875 0.0421875
2 0.03515625 0.3546875 0.0484375 0.046875
2 0.0609375 0.36015625 0.046875 0.0546875
2 0.025 0.3734375 0.05 0.05
2 0.02421875 0.37734375 0.0484375 0.0484375
2 0.49296875 0.190625 0.0546875 0.05
2 0.32734375 0.19375 0.0484375 0.04375
2 0.2546875 0.140625 0.05 0.046875
2 0.240625 0.1890625 0.05 0.046875
2 0.0921875 0.4375 0.0625 0.05625
2 0.275 0.02265625 0.05625 0.0453125
2 0.346875 0.04921875 0.05625 0.0546875
2 0.40703125 0.3375 0.0640625 0.05625
2 0.415625 0.259375 0.053125 0.053125
4 0.57890625 0.10390625 0.0609375 0.0484375
2 0.209375 0.209375 0.046875 0.04375
2 0.2140625 0.1765625 0.046875 0.040625
2 0.02265625 0.40390625 0.0453125 0.0515625
2 0.24375 0.0578125 0.05625 0.053125
3 0.14921875 0.503125 0.0640625 0.059375
2 0.20625 0.02421875 0.06875 0.0484375
2 0.2328125 0.52265625 0.059375 0.0640625
2 0.45859375 0.3375 0.0484375 0.046875
2 0.47890625 0.23984375 0.0671875 0.0515625
2 0.37734375 0.434375 0.0671875 0.05625
2 0.14375 0.16484375 0.059375 0.0484375
2 0.0984375 0.01171875 0.075 0.0234375
2 0.00625 0.071875 0.0125 0.0625
2 0.06484375 0.09921875 0.0671875 0.0734375
2 0.0078125 0.4640625 0.015625 0.05625
2 0.0703125 0.553125 0.053125 0.053125
2 0.246875 0.54765625 0.0625 0.0640625
2 0.015625 0.1125 0.03125 0.05625
2 0.09609375 0.48671875 0.0609375 0.0609375
2 0.090625 0.4703125 0.053125 0.05
3 0.05234375 0.03125 0.0578125 0.05625
2 0.1328125 0.5765625 0.075 0.05625
2 0.39609375 0.0140625 0.0546875 0.028125
2 0.06171875 0.1703125 0.0484375 0.05
2 0.175 0.1734375 0.0625 0.059375
2 0.5703125 0.1609375 0.053125 0.05625
2 0.57421875 0.19921875 0.0703125 0.0578125
2 0.4109375 0.18671875 0.05625 0.0578125
2 0.128125 0.1390625 0.053125 0.046875
2 0.109375 0.23828125 0.065625 0.0609375
2 0.22109375 0.56015625 0.0640625 0.0609375
2 0.4640625 0.01875 0.05 0.0375
2 0.33125 0.125 0.0625 0.0625
3 0.03828125 0.1203125 0.0640625 0.065625
2 0.20546875 0.14609375 0.0734375 0.0640625
2 0.18125 0.50078125 0.0625 0.0578125
2 0.02734375 0.25234375 0.0546875 0.0453125
3 0.0265625 0.57265625 0.053125 0.0546875
2 0.103125 0.16171875 0.075 0.0609375