2 0.359375 0.02890625 0.05625 0.0546875
4 0.3703125 0.16953125 0.053125 0.0578125
2 0.28671875 0.028125 0.0546875 0.05
4 0.2125 0.02890625 0.059375 0.0578125
2 0.2140625 0.05859375 0.06875 0.0578125
4 0.34375 0.08359375 0.05625 0.0484375
2 0.3203125 0.10703125 0.053125 0.0609375
2 0.26484375 0.06875 0.0703125 0.08125
2 0.296875 0.10546875 0.053125 0.0515625
2 0.340625 0.1703125 0.05625 0.053125
2 0.353125 0.14140625 0.05625 0.0640625
2 0.359375 0.21328125 0.05 0.0515625
2 0.22890625 0.22109375 0.0578125 0.0546875
2 0.33046875 0.19375 0.0546875 0.0625
2 0.5765625 0.39296875 0.065625 0.0640625
4 0.3796875 0.70859375 0.059375 0.0453125
2 0.40546875 0.4 0.0546875 0.046875
2 0.309375 0.38984375 0.0625 0.0421875
2 0.3734375 0.13515625 0.05625 0.0484375
4 0.28046875 0.03125 0.0578125 0.05625
2 0.30703125 0.04921875 0.0515625 0.0453125
2 0.2359375 0.05703125 0.05625 0.0609375
2 0.39296875 0.1546875 0.0515625 0.053125
2 0.4046875 0.5765625 0.053125 0.059375
2 0.3796875 0.575 0.05625 0.05625
2 0.35859375 0.5421875 0.0546875 0.053125
2 0.40625 0.5109375 0.05625 0.05625
2 0.434375 0.50390625 0.05625 0.0515625
4 0.61640625 0.50234375 0.0671875 0.0734375
3 0.075 0.83359375 0.05 0.0609375
2 0.03671875 0.8171875 0.0484375 0.059375
2 0.15625 0.671875 0.05 0.046875
2 0.14140625 0.721875 0.0515625 0.05
2 0.171875 0.6390625 0.059375 0.05
2 0.378125 0.8390625 0.075 0.065625
4 0.08515625 0.94765625 0.0515625 0.0578125
2 0.20390625 0.925 0.0734375 0.0625
2 0.0109375 0.5828125 0.021875 0.0625
2 0.49140625 0.1140625 0.0484375 0.04375
2 0.51640625 0.10546875 0.0609375 0.0609375
2 0.034375 0.38515625 0.0625 0.0515625
2 0.55390625 0.3921875 0.0515625 0.053125
2 0.46484375 0.40546875 0.0484375 0.0515625
2 0.3984375 0.6390625 0.065625 0.05
2 0.36953125 0.63671875 0.0484375 0.0484375
2 0.29765625 0.67421875 0.0609375 0.0546875
2 0.28984375 0.83203125 0.0734375 0.0703125
2 0.303125 0.8 0.05625 0.05625
2 0.03046875 0.525 0.0578125 0.05625
2 0.07109375 0.56640625 0.0515625 0.0515625
2 0.10234375 0.63046875 0.0546875 0.0578125
4 0.23359375 0.68984375 0.0640625 0.0546875
2 0.290625 0.625 0.053125 0.05625
2 0.33671875 0.54609375 0.0390625 0.0359375
2 0.37421875 0.4640625 0.0546875 0.04375
2 0.29296875 0.4953125 0.0546875 0.053125
2 0.3015625 0.53828125 0.040625 0.0390625
2 0.31796875 0.4875 0.0453125 0.046875
2 0.19140625 0.52890625 0.0546875 0.0546875
2 0.2328125 0.43828125 0.059375 0.0515625
2 0.1859375 0.4625 0.046875 0.046875
2 0.09140625 0.43203125 0.0515625 0.0578125
2 0.23984375 0.028125 0.0578125 0.05625
2 0.25625 0.12578125 0.053125 0.0515625
2 0.42890625 0.31640625 0.0671875 0.0671875
2 0.60390625 0.3828125 0.0484375 0.05625
2 0.5140625 0.5046875 0.0625 0.05625
2 0.6203125 0.53125 0.059375 0.05625
2 0.625 0.55078125 0.053125 0.0515625
4 0.63125 0.590625 0.05625 0.05625
2 0.46484375 0.50625 0.0546875 0.0625
2 0.5234375 0.56484375 0.05625 0.0609375
2 0.53671875 0.53671875 0.0546875 0.0578125
2 0.603125 0.59921875 0.05625 0.0546875
2 0.45234375 0.36875 0.0546875 0.04375
2 0.440625 0.43046875 0.053125 0.0578125
2 0.38125 0.38515625 0.046875 0.0546875
2 0.46640625 0.371875 0.0546875 0.05
2 0.33671875 0.4125 0.0453125 0.04375
2 0.3015625 0.40703125 0.05 0.0515625
2 0.12265625 0.16171875 0.0640625 0.0484375
2 0.01328125 0.13203125 0.0265625 0.0578125
2 0.01875 0.13671875 0.0375 0.0515625
2 0.0671875 0.134375 0.059375 0.053125
2 0.2484375 0.23046875 0.05 0.0421875
3 0.15859375 0.92421875 0.0640625 0.0578125
2 0.14375 0.14375 0.05625 0.046875
2 0.30703125 0.73203125 0.0546875 0.0546875
2 0.09375 0.69921875 0.05625 0.0546875
2 0.00859375 0.715625 0.0171875 0.053125
2 0.31953125 0.628125 0.0546875 0.046875
2 0.31953125 0.67265625 0.0484375 0.0421875
2 0.3828125 0.53984375 0.05 0.0484375
2 0.2890625 0.56328125 0.0375 0.0390625
2 0.4234375 0.65390625 0.0375 0.0453125
2 0.31640625 0.56015625 0.0484375 0.0484375
2 0.28203125 0.57265625 0.0421875 0.0453125
2 0.28984375 0.37890625 0.0484375 0.0453125
2 0.30390625 0.44765625 0.0546875 0.0515625
2 0.025 0.0921875 0.05 0.05625
2 0.08515625 0.04921875 0.0640625 0.0609375
2 0.25859375 0.09609375 0.0671875 0.0640625
2 0.1921875 0.08125 0.0625 0.0625
2 0.0859375 0.17109375 0.059375 0.0609375
2 0.165625 0.1625 0.059375 0.05625
2 0.3671875 0.18828125 0.053125 0.0515625
2 0.17265625 0.075 0.0515625 0.053125
2 0.19140625 0.07265625 0.0453125 0.0453125
2 0.0984375 0.08125 0.05625 0.053125
4 0.2140625 0.10390625 0.05625 0.0546875
2 0.2265625 0.128125 0.059375 0.05625
2 0.203125 0.14453125 0.0625 0.0640625
2 0.0703125 0.075 0.059375 0.05625
2 0.10390625 0.125 0.0609375 0.046875
2 0.12421875 0.11953125 0.0546875 0.0578125
2 0.13359375 0.09921875 0.0578125 0.0546875
2 0.128125 0.19140625 0.059375 0.0546875
2 0.03359375 0.11328125 0.0671875 0.0578125
2 0.0671875 0.0984375 0.0625 0.05
3 0.04921875 0.1125 0.0515625 0.04375
2 0.35234375 0.1296875 0.0515625 0.05
2 0.3296875 0.03125 0.059375 0.053125
2 0.2953125 0.0453125 0.053125 0.059375
2 0.42109375 0.36484375 0.0546875 0.0515625
2 0.440625 0.3671875 0.053125 0.05625
2 0.38203125 0.3453125 0.0578125 0.05
2 0.42734375 0.41875 0.0578125 0.05625
2 0.39609375 0.43359375 0.0515625 0.0484375
2 0.353125 0.49765625 0.05 0.0515625
2 0.35390625 0.53203125 0.0453125 0.0421875
2 0.3984375 0.484375 0.05625 0.053125
2 0.36953125 0.4734375 0.0421875 0.034375
2 0.290625 0.51796875 0.046875 0.0390625
2 0.31328125 0.78125 0.0484375 0.040625
2 0.38515625 0.74296875 0.0703125 0.0671875
2 0.3546875 0.803125 0.05625 0.059375
2 0.334375 0.79140625 0.05625 0.0453125
2 0.3328125 0.67265625 0.05 0.0421875
2 0.33984375 0.696875 0.0421875 0.040625
2 0.31640625 0.696875 0.0546875 0.046875
2 0.37265625 0.66328125 0.0484375 0.0484375
2 0.25390625 0.659375 0.0515625 0.046875
2 0.27890625 0.71640625 0.0546875 0.0515625
2 0.22109375 0.69140625 0.0484375 0.0546875
2 0.1828125 0.709375 0.05625 0.059375
2 0.021875 0.0671875 0.04375 0.05625
2 0.01640625 0.53515625 0.0328125 0.0515625
2 0.025 0.48046875 0.05 0.0546875
2 0.0234375 0.5609375 0.046875 0.059375
2 0.246875 0.64609375 0.034375 0.0296875
2 0.25234375 0.63671875 0.0421875 0.0390625
2 0.28515625 0.65078125 0.0421875 0.0421875
2 0.3453125 0.628125 0.05 0.04375
2 0.45078125 0.63671875 0.0609375 0.0578125
2 0.23359375 0.609375 0.0515625 0.05
2 0.18125 0.6609375 0.05 0.04375
3 0.1796875 0.84921875 0.053125 0.0484375
2 0.115625 0.64609375 0.059375 0.0578125
2 0.13046875 0.70234375 0.0578125 0.0453125
2 0.1140625 0.69453125 0.05 0.0515625
2 0.253125 0.59609375 0.0375 0.0390625
2 0.26796875 0.59609375 0.0484375 0.0453125
2 0.2546875 0.5703125 0.046875 0.040625
2 0.2375 0.584375 0.034375 0.03125
2 0.31640625 0.61171875 0.0515625 0.0484375
2 0.278125 0.62578125 0.046875 0.0421875
2 0.19140625 0.428125 0.0484375 0.05625
2 0.17578125 0.40078125 0.0484375 0.0515625
2 0.309375 0.34296875 0.059375 0.0578125
2 0.31953125 0.3140625 0.0546875 0.0625
2 0.0421875 0.58203125 0.05625 0.0515625
2 0.06640625 0.59609375 0.0578125 0.0546875
2 0.08984375 0.609375 0.0484375 0.053125
2 0.10703125 0.221875 0.0515625 0.053125
2 0.034375 0.028125 0.059375 0.05
2 0.32265625 0.1453125 0.0546875 0.05
2 0.39375 0.025 0.059375 0.05
2 0.24609375 0.20859375 0.0578125 0.0546875
2 0.2359375 0.26796875 0.065625 0.0609375
2 0.1375 0.29609375 0.065625 0.0609375
2 0.08125 0.284375 0.0625 0.0625
2 0.21328125 0.465625 0.0609375 0.05625
2 0.2765625 0.396875 0.05 0.046875
2 0.34375 0.44765625 0.046875 0.0453125
2 0.3234375 0.47578125 0.05625 0.0515625
2 0.2875 0.5421875 0.05625 0.053125
2 0.26328125 0.55234375 0.0546875 0.0453125
2 0.365625 0.42265625 0.053125 0.0515625
2 0.28046875 0.44765625 0.0515625 0.0453125
2 0.27734375 0.47890625 0.0484375 0.0421875
2 0.4515625 0.3265625 0.053125 0.053125
4 0.021875 0.1609375 0.04375 0.05625
2 0.06875 0.196875 0.059375 0.05625
2 0.00703125 0.36640625 0.0140625 0.0515625
2 0.02265625 0.41640625 0.0453125 0.0609375
2 0.08984375 0.52890625 0.0578125 0.0578125
2 0.13828125 0.634375 0.0609375 0.053125
2 0.1734375 0.54921875 0.046875 0.0515625
2 0.1578125 0.5828125 0.05625 0.05
2 0.13828125 0.5484375 0.0546875 0.05
2 0.13359375 0.57578125 0.0421875 0.0453125
2 0.18203125 0.5875 0.0484375 0.046875
2 0.1703125 0.6140625 0.053125 0.05625
2 0.2046875 0.57109375 0.046875 0.0515625
2 0.2015625 0.59375 0.04375 0.040625
2 0.2078125 0.6390625 0.04375 0.04375
2 0.19921875 0.65078125 0.0578125 0.0546875
2 0.07578125 0.68125 0.0546875 0.053125
2 0.3296875 0.73203125 0.046875 0.0515625
2 0.3203125 0.78125 0.053125 0.05
2 0.37578125 0.61171875 0.0640625 0.0484375
2 0.2078125 0.8078125 0.05625 0.059375
3 0.20859375 0.86328125 0.0578125 0.0546875
2 0.21953125 0.83671875 0.0546875 0.0515625
3 0.0984375 0.86640625 0.059375 0.0609375
2 0.040625 0.91953125 0.059375 0.0546875
2 0.01953125 0.86953125 0.0390625 0.0546875
3 0.02578125 0.9359375 0.0515625 0.06875
2 0.03125 0.87265625 0.053125 0.0515625
2 0.11796875 0.87578125 0.0578125 0.0515625
2 0.04609375 0.5125 0.0640625 0.059375
2 0.5203125 0.4546875 0.059375 0.053125
2 0.3484375 0.57734375 0.046875 0.0484375
2 0.39453125 0.278125 0.0640625 0.053125
2 0.13359375 0.85703125 0.0546875 0.0515625
2 0.003125 0.2109375 0.00625 0.05625
2 0.03125 0.25546875 0.05 0.0515625
2 0.1375 0.32109375 0.0625 0.0578125
2 0.16484375 0.3328125 0.0671875 0.065625
2 0.15 0.90546875 0.06875 0.0546875
2 0.01640625 0.33203125 0.0328125 0.0546875
2 0.11875 0.4671875 0.059375 0.053125
2 0.1421875 0.40234375 0.053125 0.0578125
2 0.0546875 0.6203125 0.05625 0.059375
2 0.0578125 0.640625 0.053125 0.05
2 0.03671875 0.634375 0.0515625 0.05
2 0.02421875 0.63828125 0.0484375 0.0515625
2 0.0125 0.61953125 0.025 0.0453125
2 0.02109375 0.6703125 0.0421875 0.046875
2 0.0625 0.65703125 0.046875 0.0421875
2 0.03515625 0.690625 0.0484375 0.046875
2 0.0609375 0.69609375 0.046875 0.0546875
2 0.025 0.709375 0.05 0.05
2 0.02421875 0.71328125 0.0484375 0.0484375
2 0.00859375 0.2953125 0.0171875 0.05625
2 0.49296875 0.5265625 0.0546875 0.05
2 0.32734375 0.5296875 0.0484375 0.04375
2 0.2546875 0.4765625 0.05 0.046875
2 0.240625 0.525 0.05 0.046875
2 0.0921875 0.7734375 0.0625 0.05625
2 0.05390625 0.2578125 0.0546875 0.053125
2 0.08046875 0.246875 0.0609375 0.0625
2 0.0203125 0.27421875 0.040625 0.0578125
2 0.0046875 0.2609375 0.009375 0.05625
2 0.275 0.3546875 0.05625 0.053125
2 0.346875 0.38515625 0.05625 0.0546875
2 0.40703125 0.6734375 0.0640625 0.05625
2 0.415625 0.5953125 0.053125 0.053125
4 0.57890625 0.43984375 0.0609375 0.0484375
2 0.209375 0.5453125 0.046875 0.04375
2 0.2140625 0.5125 0.046875 0.040625
2 0.02265625 0.73984375 0.0453125 0.0515625
2 0.03046875 0.2015625 0.0515625 0.05625
2 0.28359375 0.18671875 0.0546875 0.0609375
2 0.18515625 0.1078125 0.0671875 0.059375
2 0.2078125 0.18359375 0.065625 0.0578125
2 0.24375 0.39375 0.05625 0.053125
3 0.14921875 0.8390625 0.0640625 0.059375
2 0.03046875 0.2921875 0.0609375 0.053125
2 0.47890625 0.13046875 0.0609375 0.0546875
2 0.20625 0.35390625 0.06875 0.0609375
2 0.2328125 0.85859375 0.059375 0.0640625
2 0.45859375 0.6734375 0.0484375 0.046875
2 0.47890625 0.57578125 0.0671875 0.0515625
2 0.37734375 0.7703125 0.0671875 0.05625
2 0.14375 0.50078125 0.059375 0.0484375
2 0.0984375 0.32578125 0.075 0.0671875
2 0.0546875 0.30390625 0.05625 0.0546875
2 0.00625 0.4078125 0.0125 0.0625
2 0.06484375 0.43515625 0.0671875 0.0734375
2 0.0078125 0.8 0.015625 0.05625
2 0.0703125 0.8890625 0.053125 0.053125
2 0.246875 0.88359375 0.0625 0.0640625
2 0.015625 0.4484375 0.03125 0.05625
2 0.09609375 0.82265625 0.0609375 0.0609375
2 0.378125 0.30625 0.0625 0.059375
2 0.090625 0.80625 0.053125 0.05
3 0.05234375 0.3671875 0.0578125 0.05625
2 0.4765625 0.25859375 0.08125 0.0734375
2 0.1328125 0.9125 0.075 0.05625
2 0.4671875 0.196875 0.053125 0.053125
2 0.515625 0.16953125 0.046875 0.0609375
2 0.43828125 0.178125 0.0578125 0.05625
2 0.33125 0.228125 0.0625 0.046875
2 0.39609375 0.3375 0.0546875 0.053125
2 0.06171875 0.50625 0.0484375 0.05
2 0.175 0.509375 0.0625 0.059375
2 0.5703125 0.496875 0.053125 0.05625
2 0.57421875 0.53515625 0.0703125 0.0578125
2 0.54375 0.25234375 0.084375 0.0796875
2 0.153125 0.3015625 0.053125 0.046875
2 0.4109375 0.52265625 0.05625 0.0578125
2 0.128125 0.475 0.053125 0.046875
2 0.109375 0.57421875 0.065625 0.0609375
3 0.01875 0.24453125 0.0375 0.0578125
2 0.22109375 0.89609375 0.0640625 0.0609375
2 0.0203125 0.0234375 0.040625 0.04375
2 0.1828125 0.0578125 0.078125 0.065625
2 0.4640625 0.3515625 0.05 0.04375
2 0.33125 0.4609375 0.0625 0.0625
3 0.03828125 0.45625 0.0640625 0.065625
2 0.20546875 0.48203125 0.0734375 0.0640625
4 0.21796875 0.125 0.0609375 0.059375
2 0.02734375 0.1734375 0.0546875 0.04375
2 0.18125 0.83671875 0.0625 0.0578125
2 0.02734375 0.58828125 0.0546875 0.0453125
3 0.0265625 0.90859375 0.053125 0.0546875
2 0.103125 0.49765625 0.075 0.0609375