2 0.97265625 0.35234375 0.0546875 0.0578125
2 0.9546875 0.275 0.059375 0.0625
2 0.9609375 0.26015625 0.0625 0.0546875
2 0.98203125 0.9171875 0.0359375 0.05625
2 0.78984375 0.71640625 0.0640625 0.0609375
2 0.821875 0.6984375 0.059375 0.05625
4 0.75546875 0.64140625 0.0640625 0.0640625
3 0.92578125 0.625 0.0578125 0.0625
2 0.984375 0.36796875 0.03125 0.0578125
2 0.9390625 0.38515625 0.05625 0.0578125
3 0.7984375 0.4375 0.065625 0.0625
2 0.8265625 0.29140625 0.05625 0.0609375
2 0.97578125 0.1640625 0.0484375 0.0625
2 0.9875 0.97265625 0.025 0.0546875
3 0.8265625 0.6484375 0.0625 0.059375
2 0.896875 0.1984375 0.0625 0.05625
2 0.77421875 0.37578125 0.0484375 0.0578125
4 0.86484375 0.75859375 0.0640625 0.0640625
2 0.9453125 0.6890625 0.06875 0.059375
2 0.9828125 0.6546875 0.034375 0.04375
2 0.9859375 0.63203125 0.028125 0.0546875
2 0.95546875 0.22421875 0.0609375 0.0609375
4 0.98125 0.10078125 0.0375 0.0484375
2 0.9921875 0.53046875 0.015625 0.0609375
2 0.9671875 0.14765625 0.0625 0.0578125
2 0.87578125 0.265625 0.0609375 0.075
2 0.965625 0.37265625 0.059375 0.0546875
2 0.98359375 0.45703125 0.0328125 0.0640625
2 0.9859375 0.396875 0.028125 0.05625
2 0.99375 0.3734375 0.0125 0.05
2 0.934375 0.446875 0.059375 0.065625
2 0.9171875 0.28515625 0.059375 0.0578125
2 0.9 0.25 0.0625 0.05625
2 0.8984375 0.27734375 0.05 0.0453125
2 0.884375 0.30234375 0.05625 0.0546875
2 0.8484375 0.26015625 0.05625 0.0578125
2 0.825 0.3078125 0.071875 0.0625
4 0.78046875 0.625 0.0578125 0.059375
2 0.8953125 0.6265625 0.05 0.053125
2 0.93515625 0.62578125 0.0515625 0.0546875
2 0.903125 0.590625 0.053125 0.053125
2 0.9171875 0.5875 0.05625 0.05
2 0.87109375 0.584375 0.0578125 0.053125
2 0.8578125 0.6234375 0.059375 0.053125
2 0.8578125 0.64765625 0.065625 0.0546875
2 0.840625 0.75859375 0.06875 0.0765625
2 0.878125 0.79140625 0.06875 0.0609375
2 0.81171875 0.73515625 0.0546875 0.0546875
3 0.8515625 0.37265625 0.053125 0.0546875
2 0.89375 0.33046875 0.059375 0.0578125
3 0.81796875 0.590625 0.0609375 0.05625
2 0.95234375 0.1109375 0.0546875 0.05625
2 0.92421875 0.1265625 0.0734375 0.065625
2 0.86328125 0.14140625 0.0703125 0.0640625
2 0.9734375 0.453125 0.053125 0.05
2 0.93046875 0.32109375 0.0578125 0.0515625
2 0.97421875 0.41875 0.0515625 0.053125
2 0.925 0.8953125 0.06875 0.059375
2 0.98359375 0.88359375 0.0328125 0.0578125
2 0.81953125 0.8296875 0.0734375 0.06875
2 0.8640625 0.84375 0.06875 0.065625
2 0.85546875 0.80859375 0.0640625 0.0609375
2 0.94921875 0.85390625 0.0484375 0.0484375
2 0.96015625 0.8796875 0.0609375 0.05625
2 0.97421875 0.86953125 0.0453125 0.0453125
2 0.9921875 0.85625 0.015625 0.05
2 0.896875 0.82578125 0.053125 0.0578125
2 0.99609375 0.7578125 0.0078125 0.05
2 0.9859375 0.7578125 0.028125 0.05625
2 0.94921875 0.75859375 0.0546875 0.0578125
2 0.97890625 0.81953125 0.0421875 0.0609375
2 0.853125 0.70703125 0.059375 0.0578125
3 0.68046875 0.62578125 0.0546875 0.0578125
2 0.69375 0.58671875 0.059375 0.0546875
3 0.809375 0.61328125 0.065625 0.0609375
2 0.92890625 0.1578125 0.0640625 0.0625
2 0.990625 0.15859375 0.01875 0.0578125
2 0.8078125 0.46640625 0.065625 0.0578125
2 0.87890625 0.37734375 0.0515625 0.0546875
2 0.9703125 0.61171875 0.059375 0.0609375
2 0.84375 0.840625 0.059375 0.046875
2 0.9171875 0.78984375 0.059375 0.0578125
2 0.97421875 0.93046875 0.0515625 0.0453125
2 0.996875 0.89296875 0.00625 0.0515625
2 0.99609375 0.83984375 0.0078125 0.0609375
2 0.98671875 0.7859375 0.0265625 0.05625
2 0.7765625 0.56953125 0.05625 0.0578125
2 0.953125 0.48671875 0.059375 0.0578125
2 0.98125 0.5671875 0.0375 0.053125
2 0.96015625 0.58515625 0.0640625 0.0578125
2 0.93203125 0.56796875 0.0578125 0.0578125
2 0.846875 0.59296875 0.059375 0.0546875
2 0.94140625 0.70703125 0.0546875 0.0546875
2 0.88671875 0.93671875 0.0546875 0.0609375
2 0.90859375 0.66484375 0.0703125 0.0609375
2 0.93828125 0.79921875 0.0578125 0.0515625
2 0.8546875 0.87421875 0.0625 0.0578125
2 0.965625 0.89296875 0.059375 0.0609375
2 0.9484375 0.53671875 0.053125 0.0484375
2 0.95 0.55625 0.0375 0.040625
2 0.6984375 0.55859375 0.065625 0.0578125
2 0.97265625 0.72578125 0.0546875 0.0609375
3 0.8328125 0.21953125 0.05625 0.0546875
2 0.82421875 0.52421875 0.0765625 0.0765625
2 0.98046875 0.55 0.0390625 0.040625
2 0.9625 0.5484375 0.040625 0.046875
2 0.965625 0.8078125 0.059375 0.05625
2 0.975 0.49453125 0.05 0.0578125
2 0.984375 0.68203125 0.03125 0.0515625
2 0.92109375 0.8140625 0.0609375 0.053125
2 0.7 0.51953125 0.065625 0.0609375
2 0.72890625 0.5015625 0.0546875 0.05625
2 0.6828125 0.4484375 0.0625 0.065625
3 0.99375 0.1671875 0.0125 0.0625
2 0.8109375 0.75234375 0.05625 0.0484375
2 0.91953125 0.34296875 0.0484375 0.0484375
2 0.85390625 0.5609375 0.0515625 0.04375
2 0.753125 0.4140625 0.04375 0.04375
2 0.9875 0.26640625 0.025 0.0546875
2 0.78203125 0.41875 0.0578125 0.05625
2 0.74609375 0.38359375 0.0578125 0.0609375
2 0.93671875 0.93046875 0.0546875 0.0609375
2 0.72265625 0.62578125 0.0609375 0.0484375
2 0.9328125 0.7484375 0.0625 0.059375
2 0.825 0.45703125 0.059375 0.0515625
2 0.9171875 0.2109375 0.04375 0.053125
3 0.9625 0.0828125 0.075 0.06875
2 0.7046875 0.40390625 0.05625 0.0703125
3 0.8859375 0.50078125 0.059375 0.0578125
3 0.92421875 0.2421875 0.0578125 0.053125
2 0.7859375 0.30859375 0.05625 0.0609375
2 0.9859375 0.29375 0.028125 0.05
3 0.78671875 0.47890625 0.0578125 0.0546875
2 0.96875 0.26953125 0.059375 0.0578125
3 0.71328125 0.4578125 0.0640625 0.059375
3 0.859375 0.21796875 0.059375 0.0578125
3 0.84140625 0.3140625 0.0609375 0.05625
2 0.82109375 0.34296875 0.0546875 0.0453125
2 0.9515625 0.33515625 0.05625 0.0578125
2 0.92890625 0.40859375 0.0609375 0.0578125
2 0.8109375 0.265625 0.059375 0.05
3 0.875 0.53828125 0.053125 0.0546875
2 0.84765625 0.4921875 0.0578125 0.0625
2 0.95 0.6453125 0.075 0.059375
2 0.91171875 0.68671875 0.0390625 0.0453125
3 0.99609375 0.27578125 0.0078125 0.0609375
2 0.96328125 0.24296875 0.0734375 0.0671875
3 0.85546875 0.2625 0.0671875 0.0625
2 0.9265625 0.859375 0.05625 0.05
3 0.78203125 0.57578125 0.0703125 0.0578125
2 0.9765625 0.303125 0.046875 0.05
2 0.67421875 0.4796875 0.0453125 0.053125
2 0.95390625 0.50625 0.0796875 0.05625
2 0.89140625 0.55546875 0.0515625 0.0453125
2 0.8109375 0.32578125 0.05625 0.0515625
2 0.821875 0.37578125 0.053125 0.0484375
3 0.8390625 0.91171875 0.075 0.0703125
2 0.83828125 0.79140625 0.0578125 0.0515625
2 0.88046875 0.22421875 0.0453125 0.0421875
2 0.99375 0.04921875 0.0125 0.0640625
4 0.85625 0.58359375 0.065625 0.0609375
3 0.878125 0.9125 0.06875 0.059375
3 0.90078125 0.5296875 0.0671875 0.059375
2 0.68828125 0.440625 0.0703125 0.065625
3 0.8421875 0.56328125 0.071875 0.0578125
2 0.87109375 0.40625 0.0734375 0.059375
2 0.85234375 0.43359375 0.0640625 0.0546875
2 0.86953125 0.58515625 0.0640625 0.0640625
2 0.84140625 0.5265625 0.0640625 0.059375