2 0.97265625 0.02265625 0.0546875 0.0453125
2 0.98203125 0.58125 0.0359375 0.05625
2 0.78984375 0.38046875 0.0640625 0.0609375
2 0.821875 0.3625 0.059375 0.05625
4 0.75546875 0.30546875 0.0640625 0.0640625
3 0.92578125 0.2890625 0.0578125 0.0625
2 0.984375 0.03203125 0.03125 0.0578125
2 0.9390625 0.04921875 0.05625 0.0578125
3 0.7984375 0.1015625 0.065625 0.0625
2 0.9875 0.6375 0.025 0.05625
3 0.8265625 0.3125 0.0625 0.059375
2 0.77421875 0.03984375 0.0484375 0.0578125
4 0.86484375 0.42265625 0.0640625 0.0640625
2 0.9453125 0.353125 0.06875 0.059375
2 0.9828125 0.31875 0.034375 0.04375
2 0.9859375 0.29609375 0.028125 0.0546875
2 0.9921875 0.19453125 0.015625 0.0609375
2 0.965625 0.03671875 0.059375 0.0546875
2 0.98359375 0.12109375 0.0328125 0.0640625
2 0.9859375 0.0609375 0.028125 0.05625
2 0.99375 0.0375 0.0125 0.05
2 0.934375 0.1109375 0.059375 0.065625
4 0.78046875 0.2890625 0.0578125 0.059375
2 0.8953125 0.290625 0.05 0.053125
2 0.93515625 0.28984375 0.0515625 0.0546875
2 0.903125 0.2546875 0.053125 0.053125
2 0.9171875 0.2515625 0.05625 0.05
2 0.87109375 0.2484375 0.0578125 0.053125
2 0.8578125 0.2875 0.059375 0.053125
2 0.8578125 0.31171875 0.065625 0.0546875
2 0.840625 0.42265625 0.06875 0.0765625
2 0.878125 0.45546875 0.06875 0.0609375
2 0.81171875 0.39921875 0.0546875 0.0546875
3 0.8515625 0.03671875 0.053125 0.0546875
2 0.89375 0.01171875 0.059375 0.0234375
3 0.81796875 0.2546875 0.0609375 0.05625
2 0.9734375 0.1171875 0.053125 0.05
2 0.93046875 0.00546875 0.0578125 0.0109375
2 0.97421875 0.0828125 0.0515625 0.053125
2 0.925 0.559375 0.06875 0.059375
2 0.98359375 0.54765625 0.0328125 0.0578125
2 0.81953125 0.49375 0.0734375 0.06875
2 0.8640625 0.5078125 0.06875 0.065625
2 0.85546875 0.47265625 0.0640625 0.0609375
2 0.94921875 0.51796875 0.0484375 0.0484375
2 0.96015625 0.54375 0.0609375 0.05625
2 0.97421875 0.53359375 0.0453125 0.0453125
2 0.9921875 0.5203125 0.015625 0.05
2 0.896875 0.48984375 0.053125 0.0578125
2 0.99609375 0.421875 0.0078125 0.05
2 0.9859375 0.421875 0.028125 0.05625
2 0.94921875 0.42265625 0.0546875 0.0578125
2 0.97890625 0.48359375 0.0421875 0.0609375
2 0.853125 0.37109375 0.059375 0.0578125
3 0.68046875 0.28984375 0.0546875 0.0578125
2 0.69375 0.25078125 0.059375 0.0546875
3 0.809375 0.27734375 0.065625 0.0609375
2 0.8078125 0.13046875 0.065625 0.0578125
2 0.87890625 0.04140625 0.0515625 0.0546875
2 0.9703125 0.27578125 0.059375 0.0609375
2 0.84375 0.5046875 0.059375 0.046875
2 0.9171875 0.45390625 0.059375 0.0578125
2 0.97421875 0.59453125 0.0515625 0.0453125
2 0.996875 0.55703125 0.00625 0.0515625
2 0.99609375 0.50390625 0.0078125 0.0609375
2 0.98671875 0.45 0.0265625 0.05625
2 0.7765625 0.23359375 0.05625 0.0578125
2 0.953125 0.15078125 0.059375 0.0578125
2 0.98125 0.23125 0.0375 0.053125
2 0.96015625 0.24921875 0.0640625 0.0578125
2 0.93203125 0.23203125 0.0578125 0.0578125
2 0.846875 0.25703125 0.059375 0.0546875
2 0.94140625 0.37109375 0.0546875 0.0546875
2 0.88671875 0.60078125 0.0546875 0.0609375
2 0.90859375 0.32890625 0.0703125 0.0609375
2 0.93828125 0.46328125 0.0578125 0.0515625
2 0.8546875 0.53828125 0.0625 0.0578125
2 0.965625 0.55703125 0.059375 0.0609375
2 0.9484375 0.20078125 0.053125 0.0484375
2 0.95 0.2203125 0.0375 0.040625
2 0.6984375 0.22265625 0.065625 0.0578125
2 0.97265625 0.38984375 0.0546875 0.0609375
2 0.82421875 0.18828125 0.0765625 0.0765625
2 0.98046875 0.2140625 0.0390625 0.040625
2 0.9625 0.2125 0.040625 0.046875
2 0.965625 0.471875 0.059375 0.05625
2 0.975 0.15859375 0.05 0.0578125
2 0.984375 0.34609375 0.03125 0.0515625
2 0.92109375 0.478125 0.0609375 0.053125
2 0.7 0.18359375 0.065625 0.0609375
2 0.72890625 0.165625 0.0546875 0.05625
2 0.6828125 0.1125 0.0625 0.065625
2 0.8109375 0.41640625 0.05625 0.0484375
2 0.91953125 0.015625 0.0484375 0.03125
2 0.85390625 0.225 0.0515625 0.04375
2 0.753125 0.078125 0.04375 0.04375
2 0.78203125 0.0828125 0.0578125 0.05625
2 0.74609375 0.04765625 0.0578125 0.0609375
2 0.93671875 0.59453125 0.0546875 0.0609375
2 0.72265625 0.28984375 0.0609375 0.0484375
2 0.9328125 0.4125 0.0625 0.059375
2 0.825 0.12109375 0.059375 0.0515625
2 0.7046875 0.06796875 0.05625 0.0703125
3 0.8859375 0.16484375 0.059375 0.0578125
3 0.78671875 0.14296875 0.0578125 0.0546875
3 0.71328125 0.121875 0.0640625 0.059375
3 0.84140625 0.003125 0.0609375 0.00625
2 0.82109375 0.01484375 0.0546875 0.0296875
2 0.9515625 0.0140625 0.05625 0.028125
2 0.92890625 0.07265625 0.0609375 0.0578125
3 0.875 0.20234375 0.053125 0.0546875
2 0.84765625 0.15625 0.0578125 0.0625
2 0.95 0.309375 0.075 0.059375
2 0.91171875 0.35078125 0.0390625 0.0453125
2 0.9265625 0.5234375 0.05625 0.05
3 0.78203125 0.23984375 0.0703125 0.0578125
2 0.67421875 0.14375 0.0453125 0.053125
2 0.95390625 0.1703125 0.0796875 0.05625
2 0.89140625 0.21953125 0.0515625 0.0453125
2 0.8109375 0.0078125 0.05625 0.015625
2 0.821875 0.03984375 0.053125 0.0484375
3 0.8390625 0.57578125 0.075 0.0703125
2 0.83828125 0.45546875 0.0578125 0.0515625
4 0.85625 0.24765625 0.065625 0.0609375
3 0.878125 0.5765625 0.06875 0.059375
3 0.90078125 0.19375 0.0671875 0.059375
2 0.68828125 0.1046875 0.0703125 0.065625
3 0.8421875 0.22734375 0.071875 0.0578125
2 0.87109375 0.0703125 0.0734375 0.059375
2 0.85234375 0.09765625 0.0640625 0.0546875
2 0.86953125 0.24921875 0.0640625 0.0640625
2 0.84140625 0.190625 0.0640625 0.059375