3 0.3952303 0.2409357 0.0276316 0.045614
2 0.3850329 0.5839181 0.0279605 0.045614
2 0.2996711 0.4657895 0.0286184 0.045614
2 0.2319079 0.4333333 0.0279605 0.045614
2 0.3075658 0.3701754 0.0279605 0.045614
2 0.4453125 0.0754386 0.0287829 0.045614
2 0.3560855 0.3254386 0.0279605 0.045614
2 0.3662829 0.3467836 0.0279605 0.045614
2 0.4026316 0.3555556 0.0279605 0.045614
2 0.3827303 0.3540936 0.0276316 0.0444444
2 0.3509868 0.2611111 0.0279605 0.045614
2 0.3559211 0.0540936 0.0279605 0.0461988
2 0.3333882 0.0505848 0.0279605 0.045614
2 0.3207237 0.0722222 0.0279605 0.045614
2 0.5246711 0.1017544 0.0279605 0.045614
2 0.4661184 0.0716374 0.0279605 0.045614
3 0.4570724 0.0248538 0.0279605 0.045614
2 0.2907895 0.5002924 0.0279605 0.045614
2 0.2075658 0.5122807 0.0279605 0.045614
2 0.2324013 0.4073099 0.0279605 0.045614
2 0.2134868 0.4833333 0.0279605 0.045614
2 0.3544408 0.0716374 0.0279605 0.045614
2 0.3449013 0.0581871 0.0279605 0.045614
2 0.3772204 0.072807 0.028125 0.045614
2 0.3837171 0.0350877 0.0279605 0.045614
2 0.4442434 0.1100877 0.0292763 0.0464912
3 0.3638158 0.1154971 0.0279605 0.045614
2 0.3605263 0.1312865 0.0279605 0.045614
2 0.3432566 0.4163743 0.0279605 0.045614
2 0.3886513 0.2052632 0.0279605 0.045614
2 0.4080592 0.2345029 0.0286184 0.045614
2 0.2763158 0.294152 0.0279605 0.045614
2 0.3523026 0.319883 0.0279605 0.045614
2 0.3077303 0.3549708 0.0279605 0.045614
2 0.3213816 0.3690058 0.0279605 0.045614
2 0.4444079 0.472076 0.0269737 0.0429825
2 0.3338816 0.3894737 0.0279605 0.045614
2 0.3059211 0.4505848 0.0279605 0.045614
2 0.3467105 0.4516082 0.0279605 0.0435673
2 0.3399671 0.4657895 0.0279605 0.045614
2 0.3896382 0.4033626 0.0269737 0.0429825
2 0.4090461 0.3852339 0.0269737 0.0429825
3 0.4771382 0.4606725 0.0269737 0.0429825
2 0.4327303 0.4618421 0.0269737 0.0429825
2 0.2544408 0.549269 0.0269737 0.0429825
2 0.4171053 0.4944444 0.0273026 0.0426901
2 0.3792763 0.5244152 0.0276316 0.0423977
2 0.4226974 0.5302632 0.0269737 0.0429825
3 0.3125 0.479386 0.0269737 0.0429825
2 0.4144737 0.472076 0.0269737 0.0429825
2 0.25 0.5323099 0.0269737 0.0429825
3 0.1654605 0.422076 0.0269737 0.0429825
2 0.1302632 0.4972222 0.0269737 0.0429825
2 0.1638158 0.5802632 0.0269737 0.0429825
2 0.4019737 0.5726608 0.0269737 0.0429825
2 0.4100329 0.5451754 0.0269737 0.0429825
2 0.4087171 0.5150585 0.0269737 0.0429825
2 0.4210526 0.4589181 0.0269737 0.0429825
2 0.3802632 0.0812865 0.0279605 0.045614
2 0.3828947 0.0573099 0.0279605 0.045614
2 0.3898026 0.1 0.0279605 0.045614
2 0.3878289 0.0923977 0.0279605 0.045614
2 0.4303454 0.0355263 0.0284539 0.0464912
2 0.31875 0.0976608 0.0279605 0.045614
2 0.2940789 0.1190058 0.0279605 0.045614
3 0.2498355 0.0584795 0.0279605 0.045614
2 0.2575658 0.2114035 0.0279605 0.045614
2 0.3506579 0.1847953 0.0279605 0.045614
2 0.4083882 0.2872807 0.0286184 0.0459064
2 0.4133224 0.2885965 0.0279605 0.045614
2 0.3197368 0.402924 0.0279605 0.045614
2 0.3100329 0.4324561 0.0279605 0.045614
2 0.2138158 0.5073099 0.0279605 0.045614
2 0.2511513 0.5106725 0.0269737 0.0429825
4 0.2478618 0.5209064 0.0269737 0.0429825
2 0.5102796 0.3156433 0.0271382 0.0429825
2 0.3011513 0.5362573 0.0269737 0.0409357
3 0.3087171 0.5097953 0.0269737 0.0429825
2 0.3930921 0.5875731 0.0269737 0.0429825
2 0.5393092 0.5583333 0.0269737 0.0429825
2 0.5432566 0.527924 0.0269737 0.0429825
2 0.5328947 0.5472222 0.0269737 0.0429825
2 0.4480263 0.4422515 0.0269737 0.0429825
3 0.5463816 0.6635965 0.0269737 0.0429825
2 0.6251645 0.5425439 0.0269737 0.0429825
2 0.5254934 0.3197368 0.0269737 0.0429825
2 0.5095395 0.7103801 0.0269737 0.0429825
2 0.5654605 0.5323099 0.0269737 0.0429825
2 0.6547697 0.3396199 0.0269737 0.0429825
2 0.6689145 0.5893275 0.0269737 0.0429825
2 0.6243421 0.1483918 0.0269737 0.0429825
3 0.5697368 0.3366959 0.0269737 0.0429825
2 0.5189145 0.2969298 0.0269737 0.0429825
2 0.5092105 0.2811404 0.0269737 0.0429825
2 0.484375 0.2957602 0.0269737 0.0429825
2 0.4691612 0.2831871 0.0274671 0.0429825
2 0.4261513 0.3542398 0.0269737 0.0429825
3 0.6179276 0.2442982 0.0269737 0.0429825
2 0.4059211 0.3165205 0.0269737 0.0429825
2 0.5976974 0.2662281 0.0269737 0.0429825
2 0.3926809 0.1790936 0.0271382 0.0423977
2 0.5075658 0.1635965 0.0269737 0.0429825
2 0.4953947 0.152193 0.0269737 0.0429825
2 0.5100329 0.1469298 0.0269737 0.0429825
2 0.4986842 0.2127193 0.0269737 0.0429825
2 0.5490954 0.1510234 0.0264803 0.0435673
2 0.7042763 0.2472222 0.0269737 0.0429825
2 0.5697368 0.2840643 0.0269737 0.0429825
3 0.4927632 0.1995614 0.0269737 0.0429825
2 0.4661184 0.1747076 0.0269737 0.0429825
3 0.3422697 0.220614 0.0269737 0.0429825
2 0.4113487 0.0387427 0.0269737 0.0429825
2 0.4175987 0.179386 0.0269737 0.0429825
2 0.4098684 0.1767544 0.0269737 0.0429825
2 0.3633224 0.1725146 0.0269737 0.0438596
2 0.3817434 0.1571637 0.0269737 0.0429825
2 0.4391447 0.1381579 0.0269737 0.0429825
2 0.4233553 0.0352339 0.0269737 0.0429825
2 0.3991776 0.0355263 0.0269737 0.0429825
2 0.4040296 0.0201754 0.0271382 0.0157895
2 0.2310855 0.0589181 0.0269737 0.0429825
0 0.4126645 0.0337719 0.0269737 0.0429825
2 0.5692434 0.5062865 0.0269737 0.0429825
2 0.6333882 0.3185673 0.0269737 0.0429825
2 0.6226974 0.2805556 0.0269737 0.0429825
2 0.6842105 0.4065789 0.0269737 0.0429825
2 0.7189145 0.3589181 0.0269737 0.0429825
0 0.7111842 0.2419591 0.0269737 0.0429825
2 0.7141447 0.3176901 0.0269737 0.0429825
2 0.6916118 0.2457602 0.0269737 0.0429825
2 0.6103618 0.220614 0.0269737 0.0429825
3 0.6190789 0.3159357 0.0269737 0.0429825
2 0.5601974 0.2975146 0.0269737 0.0429825
3 0.5713816 0.303655 0.0269737 0.0429825
2 0.2744243 0.1181287 0.0284539 0.045614
2 0.2682566 0.0923977 0.0279605 0.045614
2 0.1675987 0.4416667 0.0269737 0.0429825
2 0.1865132 0.4790936 0.0269737 0.0429825
2 0.1807566 0.4627193 0.0269737 0.0429825
3 0.1845395 0.4951754 0.0269737 0.0429825
4 0.1832237 0.4133041 0.0269737 0.0429825
2 0.2370066 0.5054094 0.0269737 0.0429825
3 0.1554276 0.5960526 0.0269737 0.0429825
2 0.1539474 0.570614 0.0269737 0.0429825
2 0.4401316 0.5407895 0.0269737 0.0429825
2 0.1957237 0.780848 0.0269737 0.0429825
2 0.2456414 0.6061404 0.0264803 0.0421053
2 0.2353618 0.5884503 0.0269737 0.0429825
2 0.2236842 0.5744152 0.0269737 0.0429825
2 0.2442434 0.5659357 0.0269737 0.0429825
2 0.4194079 0.5714912 0.0269737 0.0429825
2 0.3735197 0.5019006 0.0269737 0.0429825
2 0.4636513 0.6276316 0.0269737 0.0429825
2 0.4618421 0.6527778 0.0269737 0.0429825
2 0.4386513 0.6410819 0.0269737 0.0429825
2 0.4296053 0.679386 0.0269737 0.0429825
2 0.4699013 0.6589181 0.0269737 0.0429825
2 0.4090461 0.6747076 0.0269737 0.0429825
2 0.3381579 0.7328947 0.0269737 0.0429825
2 0.4664474 0.5434211 0.0269737 0.0429825
2 0.4953947 0.6624269 0.0269737 0.0429825
2 0.4300987 0.5513158 0.0269737 0.0429825
2 0.3416118 0.1434211 0.0269737 0.0429825
2 0.3827303 0.3048246 0.0269737 0.0429825
2 0.3853618 0.2799708 0.0269737 0.0429825
2 0.3947368 0.3118421 0.0269737 0.0429825
2 0.4491776 0.2121345 0.0269737 0.0429825
3 0.3699013 0.2109649 0.0269737 0.0429825
2 0.3269737 0.1668129 0.0269737 0.0429825
2 0.2740132 0.0919591 0.0269737 0.0429825
2 0.3660362 0.0535088 0.0268092 0.0438596
2 0.4539474 0.0986842 0.0269737 0.0429825
2 0.4848684 0.0916667 0.0269737 0.0429825
2 0.4534539 0.0571637 0.0269737 0.0429825
2 0.4465461 0.0378655 0.0269737 0.0429825
2 0.4736842 0.0399123 0.0269737 0.0429825
2 0.3837171 0.127924 0.0269737 0.0429825
2 0.41875 0.0758772 0.0269737 0.0429825
3 0.321875 0.0244152 0.0269737 0.0447368
2 0.3629934 0.0342105 0.0259868 0.0438596
2 0.3368421 0.0795322 0.0292763 0.0432749
2 0.3421053 0.1597953 0.0269737 0.044152
2 0.6238487 0.1887427 0.0269737 0.0429825
2 0.5945724 0.2010234 0.0269737 0.0429825
2 0.5014803 0.0337719 0.0269737 0.0429825
2 0.5796053 0.2144737 0.0269737 0.0429825
2 0.5871711 0.7697368 0.0269737 0.0429825
2 0.5259046 0.5609649 0.0271382 0.0418129
2 0.4210526 0.7714912 0.0269737 0.0429825
2 0.4950658 0.7133041 0.0269737 0.0429825
3 0.6880757 0.1261696 0.0277961 0.0429825
2 0.6738487 0.1282164 0.0269737 0.0429825
2 0.6555921 0.1580409 0.0269737 0.0429825
2 0.6446546 0.1599415 0.0261513 0.0438596
3 0.5585526 0.144883 0.0269737 0.0429825
2 0.1871711 0.3523392 0.0279605 0.045614
2 0.2746711 0.1568713 0.0269737 0.0429825
2 0.304852 0.1100877 0.0274671 0.0429825
2 0.3133224 0.1283626 0.0266447 0.0461988
2 0.2559211 0.0967836 0.0279605 0.045614
2 0.1393092 0.4595029 0.0269737 0.0429825
4 0.1763158 0.4337719 0.0269737 0.0429825
2 0.1539474 0.6931287 0.0269737 0.0429825
2 0.2748355 0.6214912 0.0269737 0.0429825
2 0.3064145 0.6922515 0.0269737 0.0429825
2 0.3004934 0.6668129 0.0269737 0.0429825
2 0.3236842 0.6849415 0.0269737 0.0429825
2 0.4396382 0.7168129 0.0269737 0.0429825
2 0.3996711 0.6483918 0.0269737 0.0429825
3 0.3690789 0.6156433 0.0269737 0.0429825
2 0.3541118 0.6203216 0.0269737 0.0429825
2 0.3314145 0.5788012 0.0269737 0.0429825
3 0.3424342 0.5092105 0.0269737 0.0429825
2 0.3335526 0.5337719 0.0269737 0.0429825
2 0.4215461 0.5652047 0.0273026 0.0409357
2 0.4544408 0.5703216 0.0269737 0.0429825
2 0.3587171 0.4937135 0.0269737 0.0429825
2 0.3858553 0.4586257 0.0269737 0.0429825
2 0.3936678 0.4646199 0.0274671 0.0444444
2 0.3802632 0.4328947 0.0269737 0.0429825
2 0.3805921 0.3875731 0.0269737 0.0429825
2 0.3055921 0.3834795 0.0269737 0.0429825
2 0.4648849 0.3035088 0.0268092 0.0426901
2 0.4125 0.3665205 0.0269737 0.0394737
2 0.3953947 0.2138889 0.0269737 0.0429825
2 0.4254934 0.3150585 0.0269737 0.0429825
2 0.3702303 0.2352339 0.0269737 0.0429825
2 0.4052632 0.1951754 0.0269737 0.0429825
2 0.4171053 0.252924 0.0279605 0.045614
2 0.4120066 0.2567251 0.0279605 0.045614
3 0.4602796 0.1033626 0.0268092 0.0429825
2 0.3770559 0.0381579 0.0268092 0.0423977
2 0.348273 0.0337719 0.0268092 0.0429825
2 0.3422697 0.0381579 0.0269737 0.0429825
2 0.5909539 0.3861111 0.0269737 0.0429825
2 0.5279605 0.405117 0.0269737 0.0429825
2 0.4884046 0.3887427 0.0268092 0.0429825
2 0.5631579 0.3975146 0.0269737 0.0429825
2 0.5661184 0.380848 0.0269737 0.0429825
2 0.5953947 0.3989766 0.0269737 0.0429825
2 0.6358553 0.5419591 0.0269737 0.0429825
2 0.6199013 0.5504386 0.0269737 0.0429825
2 0.5825658 0.5150585 0.0269737 0.0429825
2 0.584375 0.4752924 0.0269737 0.0429825
2 0.5653783 0.5913743 0.0271382 0.0418129
2 0.5598684 0.6059942 0.0269737 0.0429825
2 0.5478618 0.696345 0.0269737 0.0429825
2 0.5087171 0.726462 0.0269737 0.0429825
2 0.5113487 0.773538 0.0269737 0.0429825
2 0.609375 0.7723684 0.0269737 0.0429825
2 0.5728618 0.8381579 0.0269737 0.0429825
2 0.6143092 0.653655 0.0269737 0.0429825
2 0.5942434 0.5633041 0.0269737 0.0429825
2 0.6460526 0.4592105 0.0269737 0.0429825
2 0.54375 0.1365497 0.0279605 0.045614
2 0.4868421 0.2185673 0.0269737 0.0429825
3 0.5348684 0.4440058 0.0269737 0.0429825
3 0.5125 0.6171053 0.0276316 0.0429825
3 0.4881579 0.5884503 0.0269737 0.0429825
2 0.4547697 0.8869883 0.0269737 0.0429825
2 0.2503289 0.9062865 0.0269737 0.0429825
2 0.1277961 0.4163743 0.0279605 0.045614
2 0.2756579 0.2467836 0.0279605 0.045614
2 0.1391447 0.2845029 0.0279605 0.045614
3 0.1220395 0.2836257 0.0279605 0.045614
2 0.1694079 0.375731 0.0279605 0.045614
2 0.1412829 0.3944444 0.0279605 0.045614
2 0.1133224 0.4304094 0.0279605 0.045614
2 0.1098684 0.3883041 0.0279605 0.045614
2 0.1138158 0.3312865 0.0279605 0.045614
2 0.1777961 0.5048246 0.0269737 0.0429825
2 0.1651316 0.4630117 0.0269737 0.0429825
2 0.1421053 0.7138889 0.0269737 0.0429825
2 0.1988487 0.8065789 0.0269737 0.0429825
2 0.1478618 0.747807 0.0269737 0.0429825
2 0.2131579 0.7168129 0.0269737 0.0429825
2 0.2301809 0.7124269 0.0271382 0.0406433
2 0.2417763 0.6755848 0.0269737 0.0429825
2 0.2286184 0.6986842 0.0269737 0.0429825
2 0.2657895 0.7571637 0.0269737 0.0429825
2 0.2353618 0.8422515 0.0269737 0.0429825
2 0.2380757 0.7729532 0.0261513 0.0429825
2 0.2239309 0.7361111 0.0268092 0.0418129
2 0.2203947 0.7200292 0.0269737 0.0429825
2 0.4733553 0.579386 0.0269737 0.0429825
2 0.4930921 0.6501462 0.0269737 0.0429825
2 0.5304276 0.6185673 0.0269737 0.0429825
2 0.4402961 0.6650585 0.0269737 0.0429825
2 0.4960526 0.6013158 0.0269737 0.0429825
2 0.5120066 0.6355263 0.0269737 0.0429825
2 0.5223684 0.6138889 0.0269737 0.0429825
2 0.13125 0.1881579 0.0269737 0.0429825
2 0.4251645 0.2681287 0.0279605 0.045614
2 0.3615132 0.2682749 0.0269737 0.0429825
2 0.3758224 0.2486842 0.0269737 0.0429825
2 0.3019737 0.1831871 0.0269737 0.0429825
2 0.3116776 0.1580409 0.0269737 0.0429825
2 0.475 0.2489766 0.0269737 0.0429825
2 0.4728618 0.2703216 0.0269737 0.0429825
2 0.4442434 0.1747076 0.0269737 0.0429825
3 0.5268092 0.0426901 0.0279605 0.045614
2 0.6082237 0.3296784 0.0269737 0.0429825
2 0.6136513 0.4141813 0.0269737 0.0429825
2 0.6225329 0.3480994 0.0269737 0.0429825
3 0.5229441 0.4305556 0.0271382 0.0429825
2 0.5198191 0.3574561 0.0271382 0.0429825
2 0.5130757 0.3881579 0.0271382 0.0429825
2 0.6108553 0.1776316 0.0269737 0.0429825
2 0.5452303 0.2486842 0.0269737 0.0429825
2 0.4682566 0.0337719 0.0269737 0.0429825
2 0.4516447 0.7711988 0.0269737 0.0429825
2 0.4682566 0.7866959 0.0269737 0.0429825
2 0.5447368 0.8679825 0.0269737 0.0429825
2 0.2286184 0.5005848 0.0263158 0.0438596
2 0.2212171 0.5207602 0.0279605 0.045614
2 0.1909539 0.5675439 0.0279605 0.045614
2 0.2689145 0.1365497 0.0279605 0.045614
2 0.2490132 0.105117 0.0279605 0.0447368
2 0.2972039 0.1576023 0.0279605 0.045614
2 0.2950658 0.1748538 0.0279605 0.0450292
2 0.2990132 0.1356725 0.0279605 0.045614
2 0.1769737 0.3400585 0.0279605 0.045614
3 0.1754934 0.527924 0.0269737 0.0429825
2 0.1615132 0.4928363 0.0269737 0.0429825
2 0.1527138 0.4673977 0.0268092 0.0429825
2 0.225 0.4654971 0.0279605 0.045614
2 0.2651316 0.4453216 0.0279605 0.045614
2 0.1453947 0.5157895 0.0279605 0.045614
2 0.1633224 0.5093567 0.0279605 0.045614
2 0.1511513 0.7616959 0.0279605 0.045614
2 0.3929276 0.8077485 0.0269737 0.0429825
2 0.1743421 0.3969298 0.0269737 0.0429825
2 0.4271382 0.069152 0.0266447 0.0423977
2 0.409375 0.0957602 0.0269737 0.0429825
2 0.4072368 0.1124269 0.0269737 0.0429825
2 0.3837993 0.1084795 0.0274671 0.0426901
2 0.4126645 0.0489766 0.0269737 0.0429825
2 0.514227 0.0961988 0.0287829 0.0444444
2 0.4884868 0.0438596 0.0279605 0.045614
2 0.4865132 0.0350877 0.0279605 0.045614
2 0.46875 0.1434211 0.0269737 0.0429825
2 0.4509868 0.1583333 0.0269737 0.0429825
2 0.4461349 0.1422515 0.0274671 0.0429825
2 0.4447368 0.1270468 0.0269737 0.0429825
2 0.5243421 0.1399123 0.0269737 0.0429825
2 0.5335526 0.1676901 0.0269737 0.0429825
2 0.5422697 0.2024854 0.0269737 0.0429825
2 0.5320724 0.1137427 0.0279605 0.045614
2 0.4975329 0.1828947 0.0269737 0.0429825
2 0.3251645 0.1925439 0.0269737 0.0429825
2 0.4263158 0.6589181 0.0269737 0.0429825
2 0.4947368 0.6276316 0.0276316 0.0423977
2 0.3432566 0.7290936 0.0269737 0.0429825
0 0.5942434 0.8425439 0.0269737 0.0429825
2 0.5773026 0.8583333 0.0269737 0.0429825
2 0.5674342 0.8609649 0.0269737 0.0429825
3 0.5996711 0.753655 0.0269737 0.0429825
2 0.6842105 0.575 0.0269737 0.0429825
2 0.6157895 0.602193 0.0269737 0.0429825
2 0.4837171 0.5665205 0.0269737 0.0429825
2 0.5268092 0.4899123 0.0269737 0.0429825
3 0.5638158 0.4615497 0.0269737 0.0429825
3 0.5434211 0.4498538 0.0269737 0.0429825
2 0.6386513 0.4393275 0.0273026 0.0429825
2 0.6671053 0.3480994 0.0269737 0.0429825
2 0.5962171 0.4106725 0.0269737 0.0429825
2 0.5985197 0.4320175 0.0269737 0.0429825
2 0.6475329 0.3577485 0.0269737 0.0429825
2 0.5712171 0.3878655 0.0269737 0.0429825
2 0.6771382 0.0752924 0.0269737 0.0429825
2 0.6990132 0.3223684 0.0269737 0.0429825
2 0.6072368 0.2410819 0.0269737 0.0429825
2 0.6633224 0.2203216 0.0269737 0.0429825
2 0.6353618 0.3568713 0.0269737 0.0429825
2 0.6526316 0.2244152 0.0269737 0.0429825
2 0.6902961 0.2273392 0.0269737 0.0429825
2 0.6172697 0.1922515 0.0269737 0.0429825
2 0.6226974 0.2153509 0.0269737 0.0429825
2 0.6103618 0.1252924 0.0269737 0.0429825
2 0.6046053 0.1516082 0.0269737 0.0429825
2 0.6325658 0.1258772 0.0269737 0.0429825
2 0.5294408 0.5229532 0.0269737 0.0429825
2 0.5470395 0.680848 0.0269737 0.0429825
2 0.6215461 0.7565789 0.0269737 0.0429825
2 0.3692434 0.3131579 0.0279605 0.045614
2 0.3429276 0.6837719 0.0269737 0.0429825
3 0.3233553 0.6717836 0.0269737 0.0429825
3 0.0830592 0.4020468 0.0279605 0.045614
2 0.2917763 0.4219298 0.0279605 0.045614
2 0.1618421 0.3187135 0.0279605 0.045614
2 0.1391447 0.3631579 0.0279605 0.045614
2 0.2381579 0.4245614 0.0279605 0.045614
2 0.1860197 0.5403509 0.0279605 0.0444444
2 0.2699013 0.0631579 0.0279605 0.045614
2 0.3121711 0.227193 0.0279605 0.045614
2 0.2345395 0.1722222 0.0279605 0.045614
2 0.2611842 0.1315789 0.0279605 0.045614
2 0.1223684 0.4868421 0.0279605 0.045614
2 0.2029605 0.5847953 0.0279605 0.045614
3 0.1264803 0.7159357 0.0269737 0.0429825
2 0.5041118 0.4849415 0.0269737 0.0429825
2 0.4332237 0.5188596 0.0269737 0.0429825
2 0.3225329 0.5074561 0.0266447 0.0418129
2 0.3833059 0.4792398 0.0264803 0.0432749
2 0.3578947 0.419152 0.0269737 0.0429825
2 0.3036184 0.3225146 0.0276316 0.0461988
2 0.4466283 0.2225146 0.0268092 0.0426901
2 0.5272204 0.2103801 0.0264803 0.0435673
2 0.4399671 0.2390351 0.0269737 0.0429825
2 0.342352 0.0247076 0.0284539 0.0453216
2 0.4731908 0.2226608 0.0292763 0.0429825
2 0.3360197 0.0887427 0.0292763 0.0429825
2 0.4605263 0.0546784 0.0279605 0.045614
2 0.5549342 0.3788012 0.0269737 0.0429825
2 0.4256579 0.0855263 0.0269737 0.0429825
2 0.4861842 0.2504386 0.0269737 0.0429825
2 0.4305921 0.7033626 0.0269737 0.0429825
2 0.4587171 0.6165205 0.0269737 0.0429825
2 0.4838816 0.1390351 0.0269737 0.0429825
2 0.6251645 0.4922515 0.0269737 0.0429825
2 0.6819079 0.5065789 0.0269737 0.0429825
2 0.5570724 0.6671053 0.0269737 0.0429825
2 0.2488487 0.5744152 0.0269737 0.0429825
2 0.2476974 0.6162281 0.0269737 0.0429825
2 0.3098684 0.5966374 0.0269737 0.0429825
2 0.2623355 0.5299708 0.0269737 0.0429825
2 0.1338816 0.5201754 0.0279605 0.045614
2 0.3034539 0.0337719 0.0269737 0.0429825
3 0.3021382 0.0331871 0.0269737 0.0418129
2 0.2993421 0.0744152 0.0269737 0.0429825
2 0.2537829 0.0364035 0.0269737 0.0429825
2 0.4372533 0.3324561 0.0268092 0.0426901
2 0.4504112 0.3087719 0.0268092 0.0426901
2 0.6023026 0.177924 0.0269737 0.0429825
3 0.6379934 0.2539474 0.0269737 0.0429825
2 0.5869243 0.3564327 0.0277961 0.0432749
2 0.1787829 0.6239766 0.0279605 0.045614
2 0.1702303 0.6067251 0.0279605 0.045614
2 0.2439145 0.1298246 0.0279605 0.045614
3 0.1590461 0.5453216 0.0279605 0.045614
2 0.1856908 0.5795322 0.0279605 0.045614
2 0.1129934 0.6878655 0.0269737 0.0429825
2 0.2564145 0.7027778 0.0269737 0.0429825
2 0.2457237 0.8062865 0.0269737 0.0429825
2 0.2572368 0.753655 0.0269737 0.0429825
2 0.3717105 0.6717836 0.0269737 0.0429825
2 0.4675987 0.677924 0.0269737 0.0429825
2 0.3771382 0.4685673 0.0269737 0.0429825
2 0.153125 0.2576023 0.0279605 0.045614
2 0.2924342 0.0486842 0.0269737 0.0435673
2 0.5372533 0.0435673 0.0297697 0.045614
2 0.3304276 0.3216374 0.0279605 0.045614
2 0.3314145 0.3061404 0.0279605 0.045614
2 0.3820724 0.2921053 0.0286184 0.0467836
2 0.4205592 0.3966374 0.0269737 0.0429825
2 0.4539474 0.4656433 0.0269737 0.0429825
2 0.440625 0.897807 0.0269737 0.0429825
2 0.4495066 0.9065789 0.0269737 0.0429825
2 0.446875 0.3475146 0.0266447 0.0429825
2 0.4801809 0.3573099 0.0268092 0.0426901
2 0.5264803 0.0561404 0.0279605 0.045614
2 0.5100329 0.0640351 0.0279605 0.045614
2 0.5277961 0.0733918 0.0279605 0.045614
2 0.5441612 0.1828947 0.0268092 0.0423977
2 0.5661184 0.0902047 0.0269737 0.0429825
2 0.5733553 0.0729532 0.0269737 0.0429825
2 0.5836349 0.1480994 0.0268092 0.0423977
2 0.5681743 0.1834795 0.0268092 0.0423977
2 0.6016447 0.3211988 0.0269737 0.0429825
2 0.495477 0.2881579 0.0274671 0.0429825
2 0.5338816 0.2410819 0.0269737 0.0429825
3 0.5557566 0.3612573 0.0269737 0.0429825
2 0.6291118 0.4732456 0.0269737 0.0429825
2 0.5592105 0.4442982 0.0269737 0.0429825
2 0.6414474 0.4475146 0.0269737 0.0429825
4 0.4883224 0.5109649 0.0269737 0.0429825
2 0.5049342 0.5472222 0.0269737 0.0429825
2 0.6379934 0.6314327 0.0269737 0.0429825
2 0.5644737 0.6615497 0.0269737 0.0429825
2 0.5631579 0.8054094 0.0269737 0.0429825
3 0.5809211 0.7533626 0.0269737 0.0429825
2 0.5299342 0.8454678 0.0269737 0.0429825
2 0.6572368 0.4554094 0.0269737 0.0429825
2 0.6527961 0.4416667 0.0269737 0.0429825
2 0.6559211 0.4752924 0.0269737 0.0429825
2 0.6286184 0.2586257 0.0269737 0.0429825
2 0.6480263 0.3033626 0.0269737 0.0429825
2 0.5669408 0.2469298 0.0269737 0.0429825
2 0.6 0.1282164 0.0269737 0.0429825
2 0.615625 0.170614 0.0269737 0.0429825
2 0.6945724 0.0942982 0.0269737 0.0429825
2 0.3702303 0.1612573 0.0269737 0.0429825
2 0.4108553 0.2010234 0.0269737 0.0429825
2 0.4633224 0.2112573 0.0269737 0.0429825
2 0.6 0.047807 0.0269737 0.0429825
2 0.4495066 0.5618421 0.0269737 0.0429825
2 0.4572368 0.5364035 0.0269737 0.0429825
2 0.3034539 0.2839181 0.0279605 0.045614
2 0.1662829 0.3163743 0.0279605 0.045614
2 0.120148 0.2409357 0.0277961 0.045614
2 0.1253289 0.2204678 0.0279605 0.045614
2 0.2495066 0.4666667 0.0279605 0.045614
2 0.1600329 0.3473684 0.0279605 0.045614
2 0.2338816 0.4020468 0.0279605 0.045614
2 0.2126645 0.4409357 0.0279605 0.045614
2 0.2337171 0.4730994 0.0279605 0.045614
2 0.2602796 0.7277778 0.0238487 0.0403509
2 0.2682566 0.9068713 0.0269737 0.0429825
2 0.3271382 0.5209064 0.0269737 0.0429825
2 0.3539474 0.5931287 0.0269737 0.0429825
2 0.3 0.522076 0.0269737 0.0429825
2 0.2658717 0.3030702 0.0241776 0.0388889
2 0.2962993 0.3524854 0.0241776 0.0388889
2 0.1555921 0.2383041 0.0279605 0.045614
2 0.2121711 0.0631579 0.0279605 0.045614
2 0.2114309 0.0843567 0.0277961 0.0464912
2 0.1850329 0.1096491 0.0276316 0.045614
0 0.2733553 0.1847953 0.0279605 0.045614
2 0.2822368 0.0453216 0.0279605 0.045614
2 0.3294408 0.155117 0.0269737 0.0429825
2 0.4269737 0.1998538 0.0292763 0.0429825
2 0.3662829 0.3872807 0.0269737 0.0429825
2 0.3388158 0.2741228 0.0269737 0.0429825
2 0.4047697 0.425 0.0269737 0.0429825
2 0.3708882 0.5328947 0.0269737 0.0429825
2 0.3269737 0.4837719 0.0269737 0.0429825
2 0.4078125 0.6390351 0.0268092 0.0429825
2 0.3695724 0.7752924 0.0269737 0.0429825
2 0.4819079 0.6986842 0.0269737 0.0429825
2 0.4090461 0.5975146 0.0269737 0.0429825
2 0.4713816 0.444883 0.0269737 0.0429825
2 0.4980263 0.5045322 0.0269737 0.0429825
2 0.5419408 0.3881579 0.0269737 0.0429825
2 0.5133224 0.4973684 0.0276316 0.0438596
2 0.4157895 0.5138889 0.0269737 0.0429825
2 0.4977796 0.3365497 0.0268092 0.0426901
2 0.445477 0.2535088 0.0268092 0.0426901
2 0.3492599 0.1356725 0.0297697 0.045614
2 0.3566612 0.1090643 0.0297697 0.045614
2 0.3961349 0.151462 0.0300987 0.0467836
2 0.4870066 0.2342105 0.0256579 0.0421053
2 0.4690789 0.600731 0.0273026 0.0429825
2 0.5932566 0.323538 0.0269737 0.0429825
2 0.6085526 0.3068713 0.0269737 0.0429825
2 0.5981908 0.3095029 0.0269737 0.0429825
2 0.4622533 0.2602339 0.0268092 0.0426901
2 0.4807566 0.1923977 0.0286184 0.045614
2 0.5014803 0.0745614 0.0279605 0.045614
2 0.3975329 0.1394737 0.0279605 0.045614
2 0.4865132 0.0622807 0.0279605 0.045614
2 0.7258224 0.3896199 0.0269737 0.0429825
2 0.6518092 0.1188596 0.0269737 0.0429825
2 0.6389803 0.4211988 0.0269737 0.0429825
3 0.646875 0.5486842 0.0269737 0.0429825
2 0.6643092 0.4194444 0.0269737 0.0429825
2 0.6315789 0.5893275 0.0269737 0.0429825
2 0.5225329 0.6229532 0.0269737 0.0429825
2 0.6651316 0.5013158 0.0269737 0.0429825
2 0.6457237 0.4030702 0.0269737 0.0429825
2 0.6728618 0.475 0.0269737 0.0429825
2 0.6669408 0.1615497 0.0269737 0.0429825
2 0.5978618 0.0700292 0.0269737 0.0429825
3 0.6588816 0.1296784 0.0269737 0.0429825
2 0.2735197 0.2093567 0.0279605 0.045614
2 0.2749178 0.2236842 0.028125 0.045614
2 0.1864309 0.0606725 0.0297697 0.0453216
2 0.1784539 0.1605263 0.03125 0.0461988
2 0.1707237 0.3225146 0.0279605 0.045614
2 0.0899671 0.3625731 0.0279605 0.045614
2 0.1220395 0.3888889 0.0279605 0.045614
2 0.1006579 0.3964912 0.0279605 0.045614
2 0.2725329 0.7307018 0.0279605 0.045614
2 0.1639803 0.6444444 0.0279605 0.045614
2 0.2809211 0.4362573 0.0279605 0.045614
2 0.2386513 0.0752924 0.0279605 0.0464912
0 0.3263158 0.0418129 0.0279605 0.045614
2 0.3779605 0.1769006 0.0279605 0.045614
0 0.3547697 0.3565789 0.0269737 0.0429825
0 0.3411184 0.3659357 0.0269737 0.0429825
0 0.3506579 0.3773392 0.0269737 0.0429825
0 0.3725329 0.4480994 0.0269737 0.0435673
0 0.3736842 0.4378655 0.0269737 0.0429825
2 0.3564145 0.644883 0.0269737 0.0429825
0 0.4975329 0.7785088 0.0269737 0.0429825
2 0.3488487 0.696345 0.0269737 0.0429825
2 0.396875 0.7849415 0.0269737 0.0429825
2 0.3559211 0.7524854 0.0269737 0.0429825
2 0.4563322 0.1785088 0.0268092 0.0412281
2 0.5115132 0.2185673 0.0253289 0.0435673
2 0.5501645 0.9062865 0.0269737 0.0429825
2 0.6172697 0.5717836 0.0269737 0.0429825
2 0.6226974 0.5185673 0.0269737 0.0429825
2 0.6652961 0.1377193 0.0269737 0.0444444
2 0.5970395 0.0953216 0.0269737 0.0444444
2 0.5111842 0.1916667 0.0269737 0.0429825
2 0.5595395 0.3501462 0.0269737 0.0429825
2 0.5957237 0.3358187 0.0269737 0.0429825
2 0.3245066 0.7817251 0.0269737 0.0429825
2 0.429523 0.7353801 0.0271382 0.0421053
2 0.204852 0.2311404 0.0277961 0.0476608
2 0.2932566 0.3766082 0.0279605 0.045614
2 0.1082237 0.3628655 0.0279605 0.045614
2 0.2950658 0.3064327 0.0279605 0.045614
2 0.2810855 0.3415205 0.0279605 0.045614
2 0.1901316 0.3415205 0.0279605 0.045614
2 0.2195724 0.2128655 0.0279605 0.045614
2 0.2024671 0.1573099 0.0279605 0.045614
2 0.0998355 0.4201754 0.0279605 0.045614
2 0.2421053 0.7445906 0.0269737 0.0429825
2 0.2884868 0.5226608 0.0269737 0.0429825
2 0.3240132 0.7428363 0.0269737 0.0429825
2 0.2654605 0.5571637 0.0269737 0.0429825
2 0.1993421 0.1657895 0.0279605 0.045614
2 0.1981908 0.351462 0.0279605 0.045614
2 0.2394737 0.3049708 0.0279605 0.045614
2 0.4439145 0.8738304 0.0269737 0.0429825
2 0.4069079 0.7799708 0.0269737 0.0429825
2 0.4592105 0.5741228 0.0269737 0.0429825
2 0.3947368 0.055848 0.0263158 0.0403509
2 0.496875 0.3209064 0.0243421 0.0412281
2 0.7181743 0.6004386 0.0277961 0.0447368
2 0.514227 0.5887427 0.0277961 0.0447368
2 0.4273026 0.9065789 0.0269737 0.0429825
0 0.5072368 0.8077485 0.0269737 0.0429825
0 0.5126645 0.8273392 0.0269737 0.0429825
2 0.5197368 0.8019006 0.0269737 0.0429825
2 0.5539474 0.653655 0.0269737 0.0429825
2 0.5550987 0.2045322 0.0236842 0.0400585
2 0.6644737 0.4355263 0.0269737 0.0429825
2 0.6274671 0.6390351 0.0269737 0.0429825
2 0.6779605 0.5954678 0.0269737 0.0429825
3 0.5759868 0.4621345 0.0282895 0.0423977
2 0.6799342 0.3855263 0.0269737 0.0429825
2 0.5271382 0.5451754 0.0269737 0.0429825
2 0.4514803 0.5019006 0.0269737 0.0429825
2 0.4118421 0.0646199 0.0263158 0.0403509
3 0.5110197 0.3418129 0.0279605 0.045614
2 0.4100329 0.5861111 0.0269737 0.0429825
2 0.4940789 0.5545322 0.0269737 0.0429825
2 0.2092105 0.1365497 0.0279605 0.045614
2 0.1491776 0.3394737 0.0279605 0.045614
2 0.1730263 0.6792398 0.0279605 0.045614
2 0.2725329 0.7042398 0.0269737 0.0429825
0 0.4529605 0.8489766 0.0269737 0.0429825
2 0.5530428 0.5004386 0.0268092 0.0429825
2 0.4400493 0.6153509 0.0268092 0.0429825
2 0.4321546 0.580848 0.0268092 0.0429825
2 0.5708882 0.6475146 0.0269737 0.0429825
2 0.6980263 0.4292398 0.0269737 0.0450292
2 0.7078947 0.4292398 0.0269737 0.0450292
0 0.6504934 0.2656433 0.0269737 0.0429825
2 0.5042763 0.4725146 0.0256579 0.0426901
2 0.5224507 0.5305556 0.0274671 0.0429825
2 0.2235197 0.6266082 0.0279605 0.045614
3 0.2384868 0.6511696 0.0279605 0.045614
2 0.1963816 0.4207602 0.0279605 0.045614
2 0.2416118 0.3804094 0.0279605 0.045614
2 0.084375 0.424269 0.0279605 0.045614
2 0.2419408 0.3643275 0.0279605 0.045614
2 0.0705592 0.3783626 0.0279605 0.045614
2 0.2713816 0.3777778 0.0279605 0.045614
2 0.2848684 0.8682749 0.0269737 0.0429825
0 0.4652138 0.4763158 0.0277961 0.0450292
2 0.5262336 0.5845029 0.0277961 0.0450292
2 0.7061678 0.5729532 0.0277961 0.0418129
2 0.6728618 0.3722222 0.0305921 0.048538
0 0.4894737 0.7726608 0.0269737 0.0429825
0 0.7276316 0.2805556 0.0269737 0.0429825
0 0.7185855 0.252193 0.0269737 0.0429825
0 0.7138158 0.2615497 0.0269737 0.0429825
0 0.2924342 0.6255848 0.0269737 0.0429825
2 0.2696546 0.0239766 0.0277961 0.0438596
2 0.7030428 0.3659357 0.0327303 0.047076
