2 0.3876645 0.2251462 0.0276316 0.045614
2 0.3833882 0.5716374 0.0279605 0.045614
2 0.2980263 0.4535088 0.0286184 0.045614
2 0.2302632 0.4210526 0.0279605 0.045614
2 0.3059211 0.3578947 0.0279605 0.045614
2 0.4436678 0.0631579 0.0287829 0.045614
2 0.3544408 0.3131579 0.0279605 0.045614
2 0.3646382 0.3345029 0.0279605 0.045614
2 0.4009868 0.3432749 0.0279605 0.045614
2 0.3810855 0.3418129 0.0276316 0.0444444
2 0.3493421 0.2488304 0.0279605 0.045614
2 0.3542763 0.0418129 0.0279605 0.0461988
2 0.3317434 0.0383041 0.0279605 0.045614
2 0.3190789 0.0599415 0.0279605 0.045614
2 0.5230263 0.0894737 0.0279605 0.045614
2 0.4644737 0.0593567 0.0279605 0.045614
2 0.4509868 0.022807 0.0279605 0.045614
2 0.2891447 0.4880117 0.0279605 0.045614
2 0.2059211 0.5 0.0279605 0.045614
2 0.2307566 0.3950292 0.0279605 0.045614
2 0.2118421 0.4710526 0.0279605 0.045614
2 0.3527961 0.0593567 0.0279605 0.045614
2 0.3432566 0.0459064 0.0279605 0.045614
2 0.3755757 0.0605263 0.028125 0.045614
2 0.3820724 0.022807 0.0279605 0.045614
2 0.4425987 0.097807 0.0292763 0.0464912
2 0.3621711 0.1032164 0.0279605 0.045614
1 0.3588816 0.1190058 0.0279605 0.045614
1 0.3416118 0.4040936 0.0279605 0.045614
2 0.3870066 0.1929825 0.0279605 0.045614
2 0.4064145 0.2222222 0.0286184 0.045614
2 0.2746711 0.2818713 0.0279605 0.045614
2 0.3506579 0.3076023 0.0279605 0.045614
2 0.3060855 0.3426901 0.0279605 0.045614
2 0.3197368 0.3567251 0.0279605 0.045614
2 0.4427632 0.4597953 0.0269737 0.0429825
2 0.3322368 0.377193 0.0279605 0.045614
2 0.3042763 0.4383041 0.0279605 0.045614
2 0.3450658 0.4393275 0.0279605 0.0435673
2 0.3383224 0.4535088 0.0279605 0.045614
2 0.3879934 0.3910819 0.0269737 0.0429825
2 0.4074013 0.3729532 0.0269737 0.0429825
2 0.4754934 0.4483918 0.0269737 0.0429825
2 0.4310855 0.4495614 0.0269737 0.0429825
2 0.2527961 0.5369883 0.0269737 0.0429825
2 0.4154605 0.4821637 0.0273026 0.0426901
2 0.3776316 0.5121345 0.0276316 0.0423977
2 0.4210526 0.5179825 0.0269737 0.0429825
2 0.3110197 0.4723684 0.0269737 0.0429825
2 0.4128289 0.4597953 0.0269737 0.0429825
0 0.2483553 0.5200292 0.0269737 0.0429825
2 0.1590461 0.423538 0.0269737 0.0429825
2 0.1286184 0.4849415 0.0269737 0.0429825
2 0.1621711 0.5679825 0.0269737 0.0429825
2 0.4003289 0.5603801 0.0269737 0.0429825
2 0.4083882 0.5328947 0.0269737 0.0429825
2 0.4070724 0.5027778 0.0269737 0.0429825
2 0.4194079 0.4466374 0.0269737 0.0429825
2 0.3786184 0.0690058 0.0279605 0.045614
2 0.38125 0.0450292 0.0279605 0.045614
2 0.3881579 0.0877193 0.0279605 0.045614
2 0.3861842 0.080117 0.0279605 0.045614
2 0.4287007 0.0232456 0.0284539 0.0464912
2 0.3171053 0.0853801 0.0279605 0.045614
2 0.2924342 0.1067251 0.0279605 0.045614
2 0.2481908 0.0461988 0.0279605 0.045614
2 0.2559211 0.1991228 0.0279605 0.045614
2 0.3490132 0.1725146 0.0279605 0.045614
2 0.4067434 0.275 0.0286184 0.0459064
2 0.4116776 0.2763158 0.0279605 0.045614
2 0.3180921 0.3906433 0.0279605 0.045614
2 0.3083882 0.4201754 0.0279605 0.045614
2 0.2121711 0.4950292 0.0279605 0.045614
2 0.2495066 0.4983918 0.0269737 0.0429825
2 0.2462171 0.5086257 0.0269737 0.0429825
2 0.5086349 0.3033626 0.0271382 0.0429825
2 0.2995066 0.5239766 0.0269737 0.0409357
2 0.3070724 0.4975146 0.0269737 0.0429825
2 0.3914474 0.5752924 0.0269737 0.0429825
2 0.5376645 0.5460526 0.0269737 0.0429825
2 0.5416118 0.5156433 0.0269737 0.0429825
2 0.53125 0.5349415 0.0269737 0.0429825
2 0.4463816 0.4299708 0.0269737 0.0429825
2 0.5447368 0.6513158 0.0269737 0.0429825
2 0.6235197 0.5302632 0.0269737 0.0429825
2 0.5238487 0.3074561 0.0269737 0.0429825
2 0.5078947 0.6980994 0.0269737 0.0429825
2 0.5638158 0.5200292 0.0269737 0.0429825
2 0.653125 0.3273392 0.0269737 0.0429825
1 0.6672697 0.5770468 0.0269737 0.0429825
2 0.6226974 0.1361111 0.0269737 0.0429825
2 0.5639803 0.322076 0.0269737 0.0429825
2 0.5172697 0.2846491 0.0269737 0.0429825
2 0.5075658 0.2688596 0.0269737 0.0429825
2 0.4827303 0.2834795 0.0269737 0.0429825
2 0.4675164 0.2709064 0.0274671 0.0429825
2 0.4245066 0.3419591 0.0269737 0.0429825
2 0.6276316 0.229386 0.0269737 0.0429825
2 0.4042763 0.3042398 0.0269737 0.0429825
2 0.5960526 0.2539474 0.0269737 0.0429825
1 0.3910362 0.1668129 0.0271382 0.0423977
2 0.5059211 0.1513158 0.0269737 0.0429825
2 0.49375 0.1399123 0.0269737 0.0429825
2 0.5083882 0.1346491 0.0269737 0.0429825
2 0.4970395 0.2004386 0.0269737 0.0429825
2 0.5474507 0.1387427 0.0264803 0.0435673
2 0.7026316 0.2349415 0.0269737 0.0429825
2 0.5680921 0.2717836 0.0269737 0.0429825
2 0.4911184 0.1872807 0.0269737 0.0429825
2 0.4644737 0.1624269 0.0269737 0.0429825
2 0.3305921 0.2054094 0.0269737 0.0429825
1 0.4097039 0.026462 0.0269737 0.0429825
2 0.4159539 0.1671053 0.0269737 0.0429825
2 0.4082237 0.1644737 0.0269737 0.0429825
1 0.3616776 0.1602339 0.0269737 0.0438596
2 0.3800987 0.144883 0.0269737 0.0429825
2 0.4375 0.1258772 0.0269737 0.0429825
2 0.4217105 0.0229532 0.0269737 0.0429825
2 0.3975329 0.0232456 0.0269737 0.0429825
1 0.4023849 0.0078947 0.0271382 0.0157895
1 0.2294408 0.0466374 0.0269737 0.0429825
0 0.4110197 0.0214912 0.0269737 0.0429825
2 0.5675987 0.4940058 0.0269737 0.0429825
2 0.6317434 0.3062865 0.0269737 0.0429825
2 0.6210526 0.2682749 0.0269737 0.0429825
1 0.6825658 0.3942982 0.0269737 0.0429825
2 0.7172697 0.3466374 0.0269737 0.0429825
0 0.7095395 0.2296784 0.0269737 0.0429825
2 0.7125 0.3054094 0.0269737 0.0429825
2 0.6899671 0.2334795 0.0269737 0.0429825
2 0.6087171 0.2083333 0.0269737 0.0429825
1 0.6174342 0.303655 0.0269737 0.0429825
1 0.5585526 0.2852339 0.0269737 0.0429825
2 0.5697368 0.2913743 0.0269737 0.0429825
2 0.2727796 0.105848 0.0284539 0.045614
2 0.2666118 0.080117 0.0279605 0.045614
2 0.1659539 0.429386 0.0269737 0.0429825
2 0.1848684 0.4668129 0.0269737 0.0429825
2 0.1791118 0.4504386 0.0269737 0.0429825
2 0.1828947 0.4828947 0.0269737 0.0429825
2 0.1723684 0.4062865 0.0269737 0.0429825
2 0.2353618 0.4931287 0.0269737 0.0429825
2 0.1491776 0.5732456 0.0269737 0.0429825
2 0.1523026 0.5583333 0.0269737 0.0429825
2 0.4384868 0.5285088 0.0269737 0.0429825
2 0.1940789 0.7685673 0.0269737 0.0429825
2 0.2439967 0.5938596 0.0264803 0.0421053
2 0.2337171 0.5761696 0.0269737 0.0429825
2 0.2220395 0.5621345 0.0269737 0.0429825
2 0.2425987 0.553655 0.0269737 0.0429825
0 0.3827303 0.5378655 0.0269737 0.0429825
2 0.371875 0.4896199 0.0269737 0.0429825
2 0.4620066 0.6153509 0.0269737 0.0429825
2 0.4601974 0.6404971 0.0269737 0.0429825
2 0.4370066 0.6288012 0.0269737 0.0429825
2 0.4279605 0.6671053 0.0269737 0.0429825
2 0.4682566 0.6466374 0.0269737 0.0429825
2 0.4074013 0.6624269 0.0269737 0.0429825
2 0.3365132 0.720614 0.0269737 0.0429825
2 0.4648026 0.5311404 0.0269737 0.0429825
2 0.49375 0.6501462 0.0269737 0.0429825
2 0.4284539 0.5390351 0.0269737 0.0429825
1 0.3399671 0.1311404 0.0269737 0.0429825
2 0.3810855 0.2925439 0.0269737 0.0429825
2 0.3837171 0.2676901 0.0269737 0.0429825
2 0.3930921 0.2995614 0.0269737 0.0429825
2 0.4475329 0.1998538 0.0269737 0.0429825
2 0.3690789 0.1902047 0.0269737 0.0429825
1 0.3253289 0.1545322 0.0269737 0.0429825
2 0.2723684 0.0796784 0.0269737 0.0429825
2 0.3643914 0.0412281 0.0268092 0.0438596
2 0.4523026 0.0864035 0.0269737 0.0429825
2 0.4832237 0.079386 0.0269737 0.0429825
2 0.4518092 0.044883 0.0269737 0.0429825
2 0.4449013 0.0255848 0.0269737 0.0429825
2 0.4720395 0.0276316 0.0269737 0.0429825
1 0.3820724 0.1156433 0.0269737 0.0429825
2 0.4171053 0.0635965 0.0269737 0.0429825
1 0.3202303 0.0133041 0.0269737 0.0266082
2 0.3613487 0.0219298 0.0259868 0.0438596
2 0.3351974 0.0672515 0.0292763 0.0432749
1 0.3404605 0.1475146 0.0269737 0.044152
2 0.6222039 0.176462 0.0269737 0.0429825
2 0.5929276 0.1887427 0.0269737 0.0429825
2 0.4998355 0.0214912 0.0269737 0.0429825
2 0.5779605 0.202193 0.0269737 0.0429825
2 0.5855263 0.7574561 0.0269737 0.0429825
2 0.5242599 0.5486842 0.0271382 0.0418129
2 0.4194079 0.7592105 0.0269737 0.0429825
2 0.4934211 0.7010234 0.0269737 0.0429825
2 0.6866776 0.1134503 0.0273026 0.0421053
2 0.6722039 0.1159357 0.0269737 0.0429825
2 0.6539474 0.1457602 0.0269737 0.0429825
2 0.6430099 0.1476608 0.0261513 0.0438596
2 0.5565789 0.1267544 0.0269737 0.0429825
2 0.1855263 0.3400585 0.0279605 0.045614
2 0.2730263 0.1445906 0.0269737 0.0429825
2 0.3032072 0.097807 0.0274671 0.0429825
2 0.3116776 0.1160819 0.0266447 0.0461988
2 0.2542763 0.0845029 0.0279605 0.045614
2 0.1376645 0.4472222 0.0269737 0.0429825
2 0.1794408 0.4100877 0.0269737 0.0429825
2 0.1523026 0.680848 0.0269737 0.0429825
2 0.1425987 0.6340643 0.0269737 0.0429825
2 0.2731908 0.6092105 0.0269737 0.0429825
1 0.3047697 0.6799708 0.0269737 0.0429825
1 0.2988487 0.6545322 0.0269737 0.0429825
2 0.3220395 0.6726608 0.0269737 0.0429825
2 0.4379934 0.7045322 0.0269737 0.0429825
2 0.3980263 0.6361111 0.0269737 0.0429825
2 0.3674342 0.6033626 0.0269737 0.0429825
1 0.3524671 0.6080409 0.0269737 0.0429825
2 0.3297697 0.5665205 0.0269737 0.0429825
2 0.3342105 0.5001462 0.0269737 0.0429825
1 0.3319079 0.5214912 0.0269737 0.0429825
2 0.4195724 0.5542398 0.0269737 0.0429825
2 0.4527961 0.5580409 0.0269737 0.0429825
2 0.3570724 0.4814327 0.0269737 0.0429825
2 0.3842105 0.446345 0.0269737 0.0429825
2 0.392023 0.4523392 0.0274671 0.0444444
2 0.3786184 0.420614 0.0269737 0.0429825
2 0.3789474 0.3752924 0.0269737 0.0429825
2 0.3039474 0.3711988 0.0269737 0.0429825
2 0.4632401 0.2912281 0.0268092 0.0426901
2 0.4108553 0.3542398 0.0269737 0.0394737
2 0.39375 0.2016082 0.0269737 0.0429825
1 0.4238487 0.3027778 0.0269737 0.0429825
2 0.3685855 0.2229532 0.0269737 0.0429825
2 0.4036184 0.1828947 0.0269737 0.0429825
2 0.4154605 0.2406433 0.0279605 0.045614
2 0.4103618 0.2444444 0.0279605 0.045614
2 0.4586349 0.0910819 0.0268092 0.0429825
2 0.3754112 0.0258772 0.0268092 0.0423977
2 0.3466283 0.0214912 0.0268092 0.0429825
2 0.340625 0.0258772 0.0269737 0.0429825
2 0.5893092 0.3738304 0.0269737 0.0429825
2 0.5263158 0.3928363 0.0269737 0.0429825
2 0.4867599 0.376462 0.0268092 0.0429825
2 0.5615132 0.3852339 0.0269737 0.0429825
2 0.5644737 0.3685673 0.0269737 0.0429825
2 0.59375 0.3866959 0.0269737 0.0429825
1 0.6342105 0.5296784 0.0269737 0.0429825
2 0.6182566 0.5381579 0.0269737 0.0429825
2 0.5809211 0.5027778 0.0269737 0.0429825
2 0.5827303 0.4630117 0.0269737 0.0429825
2 0.5637336 0.5790936 0.0271382 0.0418129
2 0.5582237 0.5937135 0.0269737 0.0429825
2 0.5462171 0.6840643 0.0269737 0.0429825
2 0.5070724 0.7141813 0.0269737 0.0429825
2 0.5097039 0.7612573 0.0269737 0.0429825
2 0.6077303 0.7600877 0.0269737 0.0429825
2 0.5712171 0.8258772 0.0269737 0.0429825
2 0.6126645 0.6413743 0.0269737 0.0429825
2 0.5925987 0.5510234 0.0269737 0.0429825
2 0.6444079 0.4469298 0.0269737 0.0429825
2 0.5421053 0.124269 0.0279605 0.045614
2 0.4851974 0.2062865 0.0269737 0.0429825
2 0.5332237 0.4317251 0.0269737 0.0429825
2 0.5105263 0.6048246 0.0269737 0.0429825
2 0.4865132 0.5761696 0.0269737 0.0429825
2 0.453125 0.8747076 0.0269737 0.0429825
1 0.2486842 0.9513158 0.0269737 0.0429825
2 0.1261513 0.4040936 0.0279605 0.045614
2 0.2740132 0.2345029 0.0279605 0.045614
2 0.1375 0.2722222 0.0279605 0.045614
2 0.1202303 0.2625731 0.0279605 0.045614
1 0.1677632 0.3634503 0.0279605 0.045614
1 0.1396382 0.3821637 0.0279605 0.045614
1 0.1116776 0.4181287 0.0279605 0.045614
1 0.1082237 0.3760234 0.0279605 0.045614
2 0.1121711 0.3190058 0.0279605 0.045614
2 0.1761513 0.4925439 0.0269737 0.0429825
2 0.1634868 0.450731 0.0269737 0.0429825
2 0.1404605 0.7016082 0.0269737 0.0429825
2 0.1972039 0.7942982 0.0269737 0.0429825
2 0.1462171 0.7355263 0.0269737 0.0429825
2 0.2115132 0.7045322 0.0269737 0.0429825
2 0.2285362 0.7001462 0.0271382 0.0406433
2 0.2401316 0.6633041 0.0269737 0.0429825
2 0.2269737 0.6864035 0.0269737 0.0429825
2 0.2641447 0.744883 0.0269737 0.0429825
2 0.2337171 0.8299708 0.0269737 0.0429825
2 0.2364309 0.7606725 0.0261513 0.0429825
2 0.2222862 0.7238304 0.0268092 0.0418129
2 0.21875 0.7077485 0.0269737 0.0429825
2 0.4717105 0.5671053 0.0269737 0.0429825
2 0.4914474 0.6378655 0.0269737 0.0429825
2 0.5287829 0.6062865 0.0269737 0.0429825
1 0.4386513 0.6527778 0.0269737 0.0429825
2 0.4944079 0.5890351 0.0269737 0.0429825
2 0.5103618 0.6232456 0.0269737 0.0429825
2 0.5207237 0.6016082 0.0269737 0.0429825
1 0.1296053 0.1758772 0.0269737 0.0429825
2 0.4235197 0.255848 0.0279605 0.045614
2 0.3598684 0.2559942 0.0269737 0.0429825
2 0.3741776 0.2364035 0.0269737 0.0429825
2 0.3003289 0.1709064 0.0269737 0.0429825
2 0.3100329 0.1457602 0.0269737 0.0429825
2 0.4733553 0.2366959 0.0269737 0.0429825
2 0.4712171 0.2580409 0.0269737 0.0429825
2 0.4425987 0.1624269 0.0269737 0.0429825
2 0.5251645 0.0304094 0.0279605 0.045614
1 0.6065789 0.3173977 0.0269737 0.0429825
2 0.6120066 0.4019006 0.0269737 0.0429825
2 0.6208882 0.3358187 0.0269737 0.0429825
2 0.5212993 0.4182749 0.0271382 0.0429825
2 0.5181743 0.3451754 0.0271382 0.0429825
2 0.5114309 0.3758772 0.0271382 0.0429825
2 0.6092105 0.1653509 0.0269737 0.0429825
2 0.5435855 0.2364035 0.0269737 0.0429825
2 0.4666118 0.0214912 0.0269737 0.0429825
2 0.45 0.7589181 0.0269737 0.0429825
2 0.4666118 0.7744152 0.0269737 0.0429825
2 0.5430921 0.8557018 0.0269737 0.0429825
2 0.2273026 0.4878655 0.0269737 0.0429825
2 0.2195724 0.5084795 0.0279605 0.045614
2 0.1893092 0.5552632 0.0279605 0.045614
2 0.2672697 0.124269 0.0279605 0.045614
2 0.2473684 0.0928363 0.0279605 0.0447368
2 0.2955592 0.1453216 0.0279605 0.045614
2 0.2934211 0.1625731 0.0279605 0.0450292
2 0.2973684 0.1233918 0.0279605 0.045614
2 0.1753289 0.3277778 0.0279605 0.045614
2 0.1817434 0.5092105 0.0269737 0.0429825
2 0.1598684 0.4805556 0.0269737 0.0429825
2 0.1510691 0.455117 0.0268092 0.0429825
1 0.0980263 0.5994152 0.0279605 0.045614
2 0.2233553 0.4532164 0.0279605 0.045614
2 0.2634868 0.4330409 0.0279605 0.045614
2 0.14375 0.5035088 0.0279605 0.045614
2 0.1616776 0.497076 0.0279605 0.045614
0 0.1495066 0.7494152 0.0279605 0.045614
2 0.3912829 0.7954678 0.0269737 0.0429825
1 0.1726974 0.3846491 0.0269737 0.0429825
2 0.4254934 0.0568713 0.0266447 0.0423977
2 0.4077303 0.0834795 0.0269737 0.0429825
1 0.4055921 0.1001462 0.0269737 0.0429825
2 0.3821546 0.0961988 0.0274671 0.0426901
1 0.4110197 0.0366959 0.0269737 0.0429825
1 0.5121711 0.0874269 0.0279605 0.045614
2 0.4868421 0.0315789 0.0279605 0.045614
2 0.4848684 0.022807 0.0279605 0.045614
2 0.4671053 0.1311404 0.0269737 0.0429825
2 0.4493421 0.1460526 0.0269737 0.0429825
2 0.4444901 0.1299708 0.0274671 0.0429825
2 0.4430921 0.1147661 0.0269737 0.0429825
1 0.5226974 0.1276316 0.0269737 0.0429825
2 0.5319079 0.1554094 0.0269737 0.0429825
2 0.540625 0.1902047 0.0269737 0.0429825
2 0.5304276 0.101462 0.0279605 0.045614
2 0.4958882 0.170614 0.0269737 0.0429825
2 0.3235197 0.1802632 0.0269737 0.0429825
2 0.4246711 0.6466374 0.0269737 0.0429825
2 0.4930921 0.6153509 0.0276316 0.0423977
2 0.3416118 0.7168129 0.0269737 0.0429825
0 0.5925987 0.8302632 0.0269737 0.0429825
2 0.5756579 0.8460526 0.0269737 0.0429825
2 0.5657895 0.8486842 0.0269737 0.0429825
2 0.5980263 0.7413743 0.0269737 0.0429825
2 0.6825658 0.5627193 0.0269737 0.0429825
1 0.6141447 0.5899123 0.0269737 0.0429825
2 0.4820724 0.5542398 0.0269737 0.0429825
1 0.5251645 0.4776316 0.0269737 0.0429825
2 0.5621711 0.449269 0.0269737 0.0429825
2 0.5417763 0.4375731 0.0269737 0.0429825
2 0.6370066 0.4270468 0.0273026 0.0429825
2 0.6654605 0.3358187 0.0269737 0.0429825
2 0.5945724 0.3983918 0.0269737 0.0429825
2 0.596875 0.4197368 0.0269737 0.0429825
2 0.6458882 0.3454678 0.0269737 0.0429825
2 0.5695724 0.3755848 0.0269737 0.0429825
2 0.6754934 0.0630117 0.0269737 0.0429825
2 0.6973684 0.3100877 0.0269737 0.0429825
1 0.6055921 0.2288012 0.0269737 0.0429825
2 0.6616776 0.2080409 0.0269737 0.0429825
2 0.6337171 0.3445906 0.0269737 0.0429825
2 0.6509868 0.2121345 0.0269737 0.0429825
2 0.6886513 0.2150585 0.0269737 0.0429825
2 0.615625 0.1799708 0.0269737 0.0429825
2 0.6210526 0.2030702 0.0269737 0.0429825
2 0.6087171 0.1130117 0.0269737 0.0429825
1 0.6029605 0.1393275 0.0269737 0.0429825
2 0.6309211 0.1135965 0.0269737 0.0429825
2 0.5277961 0.5106725 0.0269737 0.0429825
2 0.5453947 0.6685673 0.0269737 0.0429825
2 0.6199013 0.7442982 0.0269737 0.0429825
2 0.3675987 0.3008772 0.0279605 0.045614
2 0.3412829 0.6714912 0.0269737 0.0429825
2 0.3259868 0.6545322 0.0269737 0.0429825
1 0.0814145 0.3897661 0.0279605 0.045614
2 0.2901316 0.4096491 0.0279605 0.045614
1 0.1601974 0.3064327 0.0279605 0.045614
1 0.1375 0.3508772 0.0279605 0.045614
2 0.2365132 0.4122807 0.0279605 0.045614
2 0.184375 0.5280702 0.0279605 0.0444444
2 0.2682566 0.0508772 0.0279605 0.045614
2 0.3105263 0.2149123 0.0279605 0.045614
2 0.2328947 0.1599415 0.0279605 0.045614
2 0.2595395 0.1192982 0.0279605 0.045614
2 0.1207237 0.4745614 0.0279605 0.045614
1 0.2013158 0.5725146 0.0279605 0.045614
2 0.1225329 0.6910819 0.0269737 0.0429825
1 0.5024671 0.4726608 0.0269737 0.0429825
2 0.4315789 0.5065789 0.0269737 0.0429825
2 0.3210526 0.4957602 0.0269737 0.0429825
2 0.3816612 0.4669591 0.0264803 0.0432749
2 0.35625 0.4068713 0.0269737 0.0429825
2 0.3019737 0.3102339 0.0276316 0.0461988
2 0.4449836 0.2102339 0.0268092 0.0426901
2 0.5255757 0.1980994 0.0264803 0.0435673
2 0.4383224 0.2267544 0.0269737 0.0429825
1 0.3399671 0.0133041 0.0269737 0.0254386
2 0.4715461 0.2103801 0.0292763 0.0429825
1 0.334375 0.076462 0.0292763 0.0429825
2 0.4588816 0.0423977 0.0279605 0.045614
1 0.5532895 0.3665205 0.0269737 0.0429825
2 0.4240132 0.0732456 0.0269737 0.0429825
2 0.4845395 0.2381579 0.0269737 0.0429825
1 0.4289474 0.6910819 0.0269737 0.0429825
2 0.4570724 0.6042398 0.0269737 0.0429825
2 0.4822368 0.1267544 0.0269737 0.0429825
2 0.6235197 0.4799708 0.0269737 0.0429825
1 0.6802632 0.4942982 0.0269737 0.0429825
2 0.5554276 0.6548246 0.0269737 0.0429825
2 0.2472039 0.5621345 0.0269737 0.0429825
2 0.2460526 0.6039474 0.0269737 0.0429825
2 0.3082237 0.5843567 0.0269737 0.0429825
2 0.2606908 0.5176901 0.0269737 0.0429825
2 0.1322368 0.5078947 0.0279605 0.045614
2 0.3018092 0.0214912 0.0269737 0.0429825
2 0.3004934 0.0214912 0.0269737 0.0429825
1 0.2976974 0.0621345 0.0269737 0.0429825
1 0.2521382 0.0241228 0.0269737 0.0429825
2 0.4356086 0.3201754 0.0268092 0.0426901
2 0.4487664 0.2964912 0.0268092 0.0426901
1 0.6006579 0.1656433 0.0269737 0.0429825
2 0.6363487 0.2416667 0.0269737 0.0429825
1 0.5852796 0.344152 0.0277961 0.0432749
2 0.1771382 0.6116959 0.0279605 0.045614
2 0.1685855 0.5944444 0.0279605 0.045614
2 0.2422697 0.1175439 0.0279605 0.045614
2 0.1574013 0.5330409 0.0279605 0.045614
2 0.1840461 0.5672515 0.0279605 0.045614
2 0.1113487 0.6755848 0.0269737 0.0429825
2 0.2547697 0.6904971 0.0269737 0.0429825
1 0.2440789 0.7940058 0.0269737 0.0429825
2 0.2555921 0.7413743 0.0269737 0.0429825
2 0.3700658 0.6595029 0.0269737 0.0429825
2 0.4659539 0.6656433 0.0269737 0.0429825
2 0.3754934 0.4562865 0.0269737 0.0429825
2 0.1514803 0.2453216 0.0279605 0.045614
2 0.2907895 0.0364035 0.0269737 0.0435673
2 0.5356086 0.0312865 0.0297697 0.045614
1 0.3287829 0.3093567 0.0279605 0.045614
1 0.3297697 0.2938596 0.0279605 0.045614
1 0.3804276 0.2798246 0.0286184 0.0467836
2 0.4189145 0.3843567 0.0269737 0.0429825
2 0.4523026 0.4533626 0.0269737 0.0429825
1 0.4389803 0.8855263 0.0269737 0.0429825
1 0.4478618 0.8951754 0.0269737 0.0429825
1 0.4452303 0.3352339 0.0266447 0.0429825
1 0.4785362 0.3450292 0.0268092 0.0426901
2 0.5248355 0.0438596 0.0279605 0.045614
2 0.5083882 0.0517544 0.0279605 0.045614
2 0.5261513 0.0611111 0.0279605 0.045614
2 0.5425164 0.170614 0.0268092 0.0423977
2 0.5644737 0.077924 0.0269737 0.0429825
2 0.5717105 0.0606725 0.0269737 0.0429825
2 0.5819901 0.1358187 0.0268092 0.0423977
2 0.5665296 0.1711988 0.0268092 0.0423977
1 0.6 0.3089181 0.0269737 0.0429825
2 0.4938322 0.2758772 0.0274671 0.0429825
2 0.5322368 0.2288012 0.0269737 0.0429825
1 0.5541118 0.3489766 0.0269737 0.0429825
2 0.6274671 0.4609649 0.0269737 0.0429825
2 0.5575658 0.4320175 0.0269737 0.0429825
2 0.6398026 0.4352339 0.0269737 0.0429825
2 0.4866776 0.4986842 0.0269737 0.0429825
1 0.5032895 0.5349415 0.0269737 0.0429825
2 0.6363487 0.619152 0.0269737 0.0429825
1 0.5628289 0.649269 0.0269737 0.0429825
2 0.5615132 0.7931287 0.0269737 0.0429825
2 0.5792763 0.7410819 0.0269737 0.0429825
2 0.5282895 0.8331871 0.0269737 0.0429825
2 0.6555921 0.4431287 0.0269737 0.0429825
2 0.6511513 0.429386 0.0269737 0.0429825
1 0.6542763 0.4630117 0.0269737 0.0429825
2 0.6269737 0.246345 0.0269737 0.0429825
2 0.6463816 0.2910819 0.0269737 0.0429825
2 0.5652961 0.2346491 0.0269737 0.0429825
1 0.5983553 0.1159357 0.0269737 0.0429825
2 0.6139803 0.1583333 0.0269737 0.0429825
2 0.6929276 0.0820175 0.0269737 0.0429825
2 0.3685855 0.1489766 0.0269737 0.0429825
2 0.4092105 0.1887427 0.0269737 0.0429825
2 0.4616776 0.1989766 0.0269737 0.0429825
2 0.5983553 0.0355263 0.0269737 0.0429825
2 0.4478618 0.5495614 0.0269737 0.0429825
1 0.4555921 0.5241228 0.0269737 0.0429825
2 0.3018092 0.2716374 0.0279605 0.045614
1 0.1646382 0.3040936 0.0279605 0.045614
1 0.11875 0.2283626 0.0279605 0.045614
2 0.1236842 0.2081871 0.0279605 0.045614
0 0.2478618 0.454386 0.0279605 0.045614
1 0.1583882 0.3350877 0.0279605 0.045614
2 0.2322368 0.3897661 0.0279605 0.045614
2 0.2110197 0.428655 0.0279605 0.045614
2 0.2320724 0.4608187 0.0279605 0.045614
1 0.2647204 0.7143275 0.0238487 0.0403509
1 0.2666118 0.9080409 0.0269737 0.0429825
2 0.3194079 0.496345 0.0269737 0.0429825
1 0.3523026 0.580848 0.0269737 0.0429825
1 0.2983553 0.5097953 0.0269737 0.0429825
1 0.264227 0.2907895 0.0241776 0.0388889
2 0.2946546 0.3402047 0.0241776 0.0388889
2 0.1539474 0.2260234 0.0279605 0.045614
1 0.2105263 0.0508772 0.0279605 0.045614
1 0.2098684 0.0719298 0.0279605 0.045614
1 0.1832237 0.0973684 0.0279605 0.045614
0 0.2717105 0.1725146 0.0279605 0.045614
2 0.2805921 0.0330409 0.0279605 0.045614
2 0.3277961 0.1428363 0.0269737 0.0429825
2 0.4253289 0.1875731 0.0292763 0.0429825
2 0.3646382 0.375 0.0269737 0.0429825
1 0.3371711 0.2618421 0.0269737 0.0429825
2 0.403125 0.4127193 0.0269737 0.0429825
1 0.3692434 0.520614 0.0269737 0.0429825
1 0.3253289 0.4714912 0.0269737 0.0429825
2 0.4061678 0.6267544 0.0268092 0.0429825
1 0.3679276 0.7630117 0.0269737 0.0429825
1 0.4802632 0.6864035 0.0269737 0.0429825
1 0.4074013 0.5852339 0.0269737 0.0429825
2 0.4697368 0.4326023 0.0269737 0.0429825
1 0.4919408 0.4942982 0.0269737 0.0429825
2 0.5402961 0.3758772 0.0269737 0.0429825
1 0.5120066 0.4846491 0.0269737 0.0429825
2 0.4141447 0.5016082 0.0269737 0.0429825
1 0.4961349 0.324269 0.0268092 0.0426901
2 0.4438322 0.2412281 0.0268092 0.0426901
1 0.3476151 0.1233918 0.0297697 0.045614
1 0.3550164 0.0967836 0.0297697 0.045614
1 0.3948191 0.1394737 0.0297697 0.045614
2 0.4853618 0.2219298 0.0256579 0.0421053
1 0.4674342 0.5884503 0.0273026 0.0429825
1 0.5916118 0.3112573 0.0269737 0.0429825
1 0.6074013 0.2945906 0.0269737 0.0429825
1 0.5965461 0.2972222 0.0269737 0.0429825
2 0.4606086 0.2479532 0.0268092 0.0426901
2 0.4787829 0.180117 0.0279605 0.045614
2 0.4998355 0.0622807 0.0279605 0.045614
1 0.3958882 0.127193 0.0279605 0.045614
2 0.4848684 0.05 0.0279605 0.045614
1 0.7241776 0.3773392 0.0269737 0.0429825
1 0.6501645 0.1065789 0.0269737 0.0429825
1 0.6373355 0.4089181 0.0269737 0.0429825
2 0.6539474 0.5328947 0.0269737 0.0429825
1 0.6626645 0.4071637 0.0269737 0.0429825
2 0.6299342 0.5770468 0.0269737 0.0429825
1 0.5143092 0.6135965 0.0269737 0.0429825
2 0.6634868 0.4890351 0.0269737 0.0429825
1 0.6440789 0.3907895 0.0269737 0.0429825
1 0.6712171 0.4627193 0.0269737 0.0429825
1 0.6652961 0.149269 0.0269737 0.0429825
2 0.5962171 0.0577485 0.0269737 0.0429825
1 0.6572368 0.1173977 0.0269737 0.0429825
1 0.271875 0.197076 0.0279605 0.045614
1 0.273273 0.2114035 0.028125 0.045614
1 0.1847862 0.0483918 0.0297697 0.0453216
2 0.1768092 0.1482456 0.03125 0.0461988
1 0.1690789 0.3102339 0.0279605 0.045614
1 0.0883224 0.3502924 0.0279605 0.045614
1 0.1203947 0.3766082 0.0279605 0.045614
1 0.0990132 0.3842105 0.0279605 0.045614
2 0.2708882 0.7184211 0.0279605 0.045614
1 0.1633224 0.6239766 0.0279605 0.045614
1 0.096875 0.4552632 0.0279605 0.045614
1 0.2792763 0.4239766 0.0279605 0.045614
2 0.2370066 0.0630117 0.0279605 0.0464912
0 0.3246711 0.0295322 0.0279605 0.045614
2 0.3763158 0.1646199 0.0279605 0.045614
0 0.353125 0.3442982 0.0269737 0.0429825
0 0.3394737 0.353655 0.0269737 0.0429825
0 0.3490132 0.3650585 0.0269737 0.0429825
0 0.3708882 0.4358187 0.0269737 0.0435673
0 0.3720395 0.4255848 0.0269737 0.0429825
1 0.3547697 0.6326023 0.0269737 0.0429825
0 0.4958882 0.7662281 0.0269737 0.0429825
2 0.3472039 0.6840643 0.0269737 0.0429825
1 0.3952303 0.7726608 0.0269737 0.0429825
1 0.3542763 0.7402047 0.0269737 0.0429825
2 0.4546875 0.1662281 0.0268092 0.0412281
1 0.5098684 0.2062865 0.0253289 0.0435673
2 0.5485197 0.9042398 0.0269737 0.0429825
1 0.615625 0.5595029 0.0269737 0.0429825
1 0.6210526 0.5062865 0.0269737 0.0429825
1 0.6636513 0.1254386 0.0269737 0.0444444
1 0.5953947 0.0830409 0.0269737 0.0444444
2 0.5095395 0.179386 0.0269737 0.0429825
1 0.5578947 0.3378655 0.0269737 0.0429825
1 0.5940789 0.323538 0.0269737 0.0429825
2 0.3228618 0.7694444 0.0269737 0.0429825
2 0.4278783 0.7230994 0.0271382 0.0421053
2 0.2032072 0.2188596 0.0277961 0.0476608
2 0.2916118 0.3643275 0.0279605 0.045614
1 0.1065789 0.3505848 0.0279605 0.045614
0 0.2934211 0.294152 0.0279605 0.045614
0 0.2794408 0.3292398 0.0279605 0.045614
1 0.1884868 0.3292398 0.0279605 0.045614
1 0.2174342 0.1868421 0.0279605 0.045614
1 0.2008224 0.1450292 0.0279605 0.045614
1 0.0981908 0.4078947 0.0279605 0.045614
2 0.2404605 0.7323099 0.0269737 0.0429825
2 0.2868421 0.5103801 0.0269737 0.0429825
2 0.3223684 0.7305556 0.0269737 0.0429825
2 0.2638158 0.544883 0.0269737 0.0429825
1 0.1976974 0.1535088 0.0279605 0.045614
1 0.1965461 0.3391813 0.0279605 0.045614
1 0.2378289 0.2926901 0.0279605 0.045614
1 0.4422697 0.8615497 0.0269737 0.0429825
1 0.4052632 0.7676901 0.0269737 0.0429825
2 0.4575658 0.5618421 0.0269737 0.0429825
1 0.3930921 0.0435673 0.0263158 0.0403509
1 0.4952303 0.3086257 0.0243421 0.0412281
2 0.7165296 0.5881579 0.0277961 0.0447368
1 0.5125822 0.576462 0.0277961 0.0447368
1 0.4256579 0.8998538 0.0269737 0.0429825
0 0.5055921 0.7954678 0.0269737 0.0429825
0 0.5110197 0.8150585 0.0269737 0.0429825
2 0.5180921 0.7896199 0.0269737 0.0429825
1 0.5523026 0.6413743 0.0269737 0.0429825
1 0.5534539 0.1922515 0.0236842 0.0400585
1 0.6628289 0.4232456 0.0269737 0.0429825
1 0.6258224 0.6267544 0.0269737 0.0429825
1 0.6763158 0.5831871 0.0269737 0.0429825
2 0.5743421 0.4498538 0.0282895 0.0423977
1 0.6782895 0.3732456 0.0269737 0.0429825
1 0.5254934 0.5328947 0.0269737 0.0429825
1 0.4498355 0.4896199 0.0269737 0.0429825
1 0.4101974 0.0523392 0.0263158 0.0403509
2 0.5067434 0.322807 0.0279605 0.045614
0 0.3587171 0.5182749 0.0269737 0.0429825
1 0.4924342 0.5422515 0.0269737 0.0429825
1 0.2075658 0.124269 0.0279605 0.045614
1 0.1475329 0.327193 0.0279605 0.045614
0 0.1713816 0.6669591 0.0279605 0.045614
1 0.2708882 0.6919591 0.0269737 0.0429825
0 0.4513158 0.8366959 0.0269737 0.0429825
0 0.4244243 0.5834795 0.0268092 0.0429825
1 0.4384046 0.6030702 0.0268092 0.0429825
0 0.4408717 0.5899123 0.0268092 0.0429825
2 0.5692434 0.6352339 0.0269737 0.0429825
1 0.6963816 0.4169591 0.0269737 0.0450292
1 0.70625 0.4169591 0.0269737 0.0450292
0 0.6488487 0.2533626 0.0269737 0.0429825
1 0.5026316 0.4602339 0.0256579 0.0426901
1 0.5208059 0.5182749 0.0274671 0.0429825
0 0.221875 0.6143275 0.0279605 0.045614
1 0.2407895 0.630117 0.0279605 0.045614
1 0.1973684 0.3926901 0.0279605 0.045614
0 0.2399671 0.3681287 0.0279605 0.045614
1 0.0827303 0.4119883 0.0279605 0.045614
0 0.2402961 0.3520468 0.0279605 0.045614
1 0.0689145 0.3660819 0.0279605 0.045614
0 0.2697368 0.3654971 0.0279605 0.045614
1 0.2832237 0.8559942 0.0269737 0.0429825
0 0.4635691 0.4640351 0.0277961 0.0450292
1 0.5245888 0.5722222 0.0277961 0.0450292
1 0.704523 0.5606725 0.0277961 0.0418129
1 0.6712171 0.3599415 0.0305921 0.048538
0 0.4878289 0.7603801 0.0269737 0.0429825
0 0.7259868 0.2682749 0.0269737 0.0429825
0 0.7169408 0.2399123 0.0269737 0.0429825
0 0.7121711 0.249269 0.0269737 0.0429825
0 0.2907895 0.6133041 0.0269737 0.0429825
1 0.2680099 0.0124269 0.0277961 0.0248538
1 0.701398 0.353655 0.0327303 0.047076
2 0.8234375 0.7453216 0.0310855 0.0502924
2 0.8657072 0.9178363 0.0310855 0.0502924
2 0.7305099 0.8701754 0.0310855 0.0502924
2 0.7175164 0.8891813 0.0310855 0.0502924
2 0.8364309 0.9304094 0.0310855 0.0502924
0 0.8175164 0.8023392 0.0310855 0.0502924
2 0.7859375 0.9336257 0.0310855 0.0502924
2 0.7953125 0.8432749 0.0310855 0.0502924
2 0.8688322 0.877193 0.0310855 0.0502924
0 0.8148849 0.894152 0.0310855 0.0502924
2 0.7566612 0.8494152 0.0310855 0.0502924
1 0.8148849 0.9820175 0.0310855 0.0342105
2 0.8084704 0.9681287 0.0310855 0.0502924
0 0.7166941 0.9280702 0.0310855 0.0502924
0 0.8788651 0.9078947 0.0310855 0.0502924
0 0.736102 0.9289474 0.0310855 0.0502924
0 0.832977 0.8789474 0.0310855 0.0502924
0 0.8229441 0.8947368 0.0310855 0.0502924
