2 0.0625 0.06484375 0.0625 0.0578125
2 0.0046875 0.2140625 0.009375 0.05
2 0.04375 0.13359375 0.059375 0.0578125
2 0.01875 0.25859375 0.0375 0.0546875
2 0.1375 0.25390625 0.0625 0.0578125
2 0.1859375 0.3640625 0.0625 0.05625
2 0.2171875 0.25625 0.075 0.065625
2 0.22890625 0.36015625 0.0578125 0.0546875
2 0.0578125 0.31640625 0.059375 0.0578125
3 0.16328125 0.4171875 0.0640625 0.053125
2 0.13671875 0.171875 0.0578125 0.05625
2 0.23828125 0.37734375 0.0578125 0.0484375
2 0.0984375 0.83046875 0.071875 0.0640625
2 0.0171875 0.45625 0.034375 0.053125
2 0.253125 0.61171875 0.06875 0.0609375
2 0.10703125 0.49296875 0.0578125 0.0484375
2 0.015625 0.42265625 0.03125 0.0578125
2 0.0171875 0.1640625 0.034375 0.075
2 0.23984375 0.7265625 0.0640625 0.059375
2 0.19765625 0.67578125 0.0671875 0.0609375
2 0.1296875 0.64609375 0.0625 0.0609375
2 0.11953125 0.7984375 0.0640625 0.059375
2 0.05859375 0.7546875 0.0578125 0.059375
2 0.06484375 0.75625 0.0671875 0.0625
2 0.0078125 0.771875 0.015625 0.0625
2 0.05234375 0.7296875 0.0703125 0.0625
2 0.128125 0.8671875 0.0625 0.0625
2 0.02578125 0.92109375 0.0515625 0.0609375
2 0.08125 0.55546875 0.05625 0.0515625
2 0.12578125 0.03046875 0.0640625 0.0609375
2 0.01640625 0.9125 0.0328125 0.059375
3 0.00703125 0.8453125 0.0140625 0.059375
2 0.05546875 0.6265625 0.0546875 0.0625
2 0.0390625 0.65625 0.05625 0.053125
2 0.0140625 0.67578125 0.028125 0.0546875
2 0.0453125 0.46953125 0.06875 0.0609375
2 0.1109375 0.40078125 0.0625 0.0640625
2 0.05078125 0.44609375 0.0703125 0.0578125
2 0.0046875 0.51796875 0.009375 0.0515625
2 0.21171875 0.46640625 0.0609375 0.0546875
2 0.1984375 0.496875 0.059375 0.05625
2 0.2078125 0.71328125 0.059375 0.0609375
2 0.16953125 0.6203125 0.0703125 0.05625
2 0.190625 0.57890625 0.05625 0.0515625
2 0.1921875 0.603125 0.059375 0.0625
2 0.28359375 0.49296875 0.0671875 0.0640625
2 0.24921875 0.44609375 0.0609375 0.0578125
2 0.2328125 0.40234375 0.065625 0.0609375
2 0.121875 0.1625 0.05625 0.05625
2 0.16796875 0.18828125 0.0640625 0.0578125
2 0.1625 0.1421875 0.08125 0.075
2 0.125 0.31796875 0.059375 0.0515625
2 0.1796875 0.159375 0.071875 0.065625
2 0.20859375 0.2265625 0.0765625 0.0625
2 0.17265625 0.475 0.0671875 0.0625
2 0.03515625 0.35625 0.0546875 0.053125
2 0.16640625 0.503125 0.0671875 0.0625
2 0.1203125 0.47109375 0.06875 0.0609375
2 0.19609375 0.7 0.0640625 0.059375
2 0.10859375 0.778125 0.0640625 0.059375
2 0.24453125 0.6921875 0.0640625 0.059375
2 0.17421875 0.790625 0.0640625 0.059375
2 0.28984375 0.6515625 0.0640625 0.059375
2 0.01171875 0.53671875 0.0234375 0.0546875
2 0.04921875 0.8765625 0.0640625 0.059375
2 0.08359375 0.790625 0.0640625 0.059375
2 0.00546875 0.93125 0.0109375 0.059375
2 0.01796875 0.603125 0.0359375 0.0625
2 0.01015625 0.596875 0.0203125 0.0625
2 0.00703125 0.95390625 0.0140625 0.0609375
2 0.00703125 0.89296875 0.0140625 0.0609375
2 0.0203125 0.88984375 0.040625 0.0609375
3 0.034375 0.86484375 0.0625 0.0609375
2 0.096875 0.90390625 0.0625 0.0609375
3 0.01015625 0.60078125 0.0203125 0.0546875
3 0.01875 0.76953125 0.0375 0.0609375
2 0.059375 0.80390625 0.0625 0.0609375
2 0.03046875 0.696875 0.0484375 0.05
2 0.0078125 0.67421875 0.015625 0.0609375
2 0.0046875 0.3734375 0.009375 0.046875
2 0.00625 0.41953125 0.0125 0.0609375
3 0.2609375 0.25078125 0.065625 0.0578125
2 0.02734375 0.20703125 0.0546875 0.0515625
2 0.02890625 0.16484375 0.0578125 0.0578125
2 0.17734375 0.44140625 0.0578125 0.0546875
2 0.2265625 0.440625 0.059375 0.05625
3 0.20859375 0.4234375 0.0546875 0.05
2 0.146875 0.44765625 0.05625 0.0515625
2 0.0796875 0.36328125 0.053125 0.0546875
2 0.09453125 0.3421875 0.0671875 0.0625
2 0.05859375 0.3421875 0.0546875 0.053125
2 0.26484375 0.390625 0.0671875 0.0625
2 0.23046875 0.58046875 0.0609375 0.0546875
2 0.23359375 0.509375 0.0609375 0.059375
2 0.1234375 0.58515625 0.0625 0.0515625
2 0.29921875 0.54375 0.0734375 0.065625
2 0.025 0.4640625 0.05 0.046875
2 0.1390625 0.58828125 0.059375 0.0546875
2 0.14296875 0.7 0.0640625 0.059375
2 0.09375 0.62734375 0.065625 0.0609375
2 0.09140625 0.65703125 0.0546875 0.0515625
2 0.0515625 0.67578125 0.05625 0.0515625
2 0.28984375 0.56875 0.0640625 0.059375
2 0.07734375 0.621875 0.0640625 0.059375
2 0.01015625 0.66015625 0.0203125 0.0546875
2 0.0765625 0.66484375 0.05625 0.0515625
3 0.08515625 0.690625 0.0640625 0.059375
2 0.06328125 0.7015625 0.0640625 0.059375
2 0.20546875 0.740625 0.0640625 0.059375
2 0.1296875 0.55546875 0.053125 0.0546875
2 0.115625 0.5203125 0.05625 0.053125
2 0.07890625 0.465625 0.0671875 0.0625
2 0.22578125 0.615625 0.0734375 0.065625
2 0.10703125 0.1125 0.0640625 0.0625
2 0.01953125 0.09296875 0.0390625 0.0484375
2 0.16328125 0.096875 0.0640625 0.0625
2 0.13359375 0.084375 0.0640625 0.0625
2 0.14140625 0.0734375 0.0640625 0.0625
2 0.0046875 0.0953125 0.009375 0.0625
2 0.0140625 0.28984375 0.028125 0.0578125
2 0.053125 0.83671875 0.059375 0.0546875
2 0.0328125 0.8125 0.065625 0.059375
2 0.05703125 0.9171875 0.0640625 0.059375
3 0.01640625 0.740625 0.0328125 0.0625
2 0.14140625 0.63515625 0.0640625 0.0609375
2 0.26640625 0.6765625 0.0640625 0.059375
2 0.16171875 0.5921875 0.0640625 0.059375
2 0.16171875 0.52421875 0.0640625 0.0578125
2 0.17109375 0.4859375 0.0515625 0.053125
2 0.02109375 0.49375 0.0421875 0.05
2 0.0765625 0.2078125 0.065625 0.065625
2 0.07734375 0.165625 0.0609375 0.053125
2 0.015625 0.34765625 0.03125 0.0546875
2 0.25859375 0.57265625 0.0671875 0.0640625
2 0.2453125 0.56015625 0.0625 0.0578125
2 0.30078125 0.60234375 0.0640625 0.0546875
2 0.2765625 0.60859375 0.071875 0.0671875
2 0.159375 0.32734375 0.0625 0.0609375
2 0.034375 0.40234375 0.05625 0.0546875
2 0.0515625 0.24375 0.059375 0.053125
2 0.12578125 0.3546875 0.0671875 0.0625
2 0.17109375 0.30625 0.0671875 0.0625
2 0.06015625 0.2046875 0.0640625 0.0625
2 0.096875 0.14609375 0.059375 0.0609375
2 0.04609375 0.20859375 0.0609375 0.0578125
2 0.121875 0.53203125 0.05625 0.0578125
2 0.1875 0.45234375 0.05625 0.0546875
2 0.18828125 0.778125 0.0640625 0.059375
2 0.02734375 0.71875 0.0546875 0.059375
2 0.13984375 0.6734375 0.0640625 0.059375
2 0.11640625 0.675 0.0578125 0.053125
2 0.22109375 0.5546875 0.0640625 0.0625
2 0.221875 0.31484375 0.0625 0.0609375
2 0.07421875 0.38828125 0.0609375 0.0609375
2 0.01796875 0.81015625 0.0359375 0.0609375
2 0.2609375 0.503125 0.0625 0.059375
2 0.05234375 0.5609375 0.0640625 0.059375
2 0.1203125 0.28046875 0.059375 0.0515625
2 0.1390625 0.490625 0.0625 0.059375
2 0.18828125 0.640625 0.0640625 0.059375
2 0.1421875 0.8296875 0.0625 0.059375
2 0.14609375 0.709375 0.0640625 0.059375
2 0.01171875 0.45625 0.0234375 0.0625
2 0.04609375 0.41328125 0.0640625 0.0609375
2 0.03046875 0.37578125 0.0609375 0.0609375
2 0.00390625 0.38984375 0.0078125 0.0546875
2 0.06953125 0.4390625 0.0609375 0.059375
2 0.11953125 0.7546875 0.0640625 0.059375
2 0.19609375 0.6078125 0.0640625 0.059375
2 0.0859375 0.38515625 0.0625 0.0609375
2 0.0546875 0.37109375 0.0625 0.0609375
2 0.0609375 0.22265625 0.0625 0.0609375
2 0.0875 0.509375 0.0625 0.059375
2 0.0234375 0.62734375 0.046875 0.0546875
2 0.27734375 0.5734375 0.0578125 0.05
2 0.01015625 0.965625 0.0203125 0.059375
2 0.234375 0.4796875 0.0625 0.059375
2 0.01953125 0.5484375 0.0390625 0.0625
0 0.24296875 0.334375 0.0640625 0.0625
2 0.17578125 0.209375 0.0640625 0.059375
2 0.0546875 0.115625 0.059375 0.05
2 0.0359375 0.62421875 0.053125 0.0453125
2 0.17421875 0.7125 0.0640625 0.059375
2 0.10625 0.55625 0.053125 0.05
0 0.12109375 0.7234375 0.0640625 0.059375
2 0.04921875 0.50390625 0.0546875 0.0515625
2 0.0484375 0.5359375 0.05625 0.046875
2 0.01796875 0.240625 0.0359375 0.053125
2 0.17265625 0.2578125 0.0640625 0.0625
2 0.11875 0.8765625 0.05625 0.046875
1 0.27578125 0.4984375 0.0640625 0.059375
0 0.07734375 0.26875 0.0640625 0.059375
2 0.09921875 0.14140625 0.0578125 0.0484375
2 0.15234375 0.51953125 0.0546875 0.0546875
2 0.0546875 0.13359375 0.05625 0.0515625
2 0.23203125 0.465625 0.0640625 0.059375
0 0.0046875 0.321875 0.009375 0.059375
2 0.18046875 0.5484375 0.0515625 0.05
2 0.27265625 0.48515625 0.0515625 0.0515625
0 0.0203125 0.04140625 0.040625 0.0515625
0 0.0453125 0.0234375 0.053125 0.046875
2 0.0671875 0.56953125 0.05 0.0421875
2 0.021875 0.903125 0.04375 0.053125
2 0.08046875 0.5921875 0.0515625 0.05
2 0.18046875 0.5265625 0.0515625 0.05