2 0.9296875 0.38515625 0.05625 0.0453125
3 0.5875 0.30078125 0.065625 0.0609375
2 0.69140625 0.27265625 0.0640625 0.0640625
2 0.78515625 0.24609375 0.0578125 0.0546875
3 0.7171875 0.49375 0.053125 0.05
3 0.68984375 0.3453125 0.0578125 0.059375
2 0.53046875 0.40859375 0.0640625 0.0640625
2 0.78828125 0.34609375 0.0640625 0.0578125
3 0.93515625 0.31875 0.0515625 0.05
2 0.903125 0.4046875 0.059375 0.059375
2 0.80625 0.19453125 0.0625 0.0546875
2 0.84921875 0.31171875 0.0578125 0.0515625
2 0.89296875 0.59296875 0.0578125 0.0515625
2 0.5234375 0.80703125 0.065625 0.0609375
2 0.90859375 0.51171875 0.0640625 0.0546875
2 0.92578125 0.48828125 0.0609375 0.0609375
2 0.58203125 0.86328125 0.0671875 0.0609375
3 0.67109375 0.7265625 0.0546875 0.053125
2 0.940625 0.6609375 0.05625 0.053125
2 0.8734375 0.64140625 0.059375 0.0609375
3 0.49375 0.62734375 0.065625 0.0609375
2 0.9609375 0.525 0.0625 0.05625
2 0.86484375 0.44921875 0.0609375 0.0609375
2 0.44765625 0.49375 0.0640625 0.05625
2 0.3984375 0.6125 0.084375 0.075
3 0.415625 0.5921875 0.08125 0.075
2 0.721875 0.62578125 0.05 0.0515625
2 0.634375 0.578125 0.053125 0.046875
2 0.57109375 0.59296875 0.0609375 0.0546875
2 0.49921875 0.71171875 0.0609375 0.0578125
2 0.2375 0.628125 0.08125 0.075
2 0.73046875 0.54296875 0.0671875 0.0609375
3 0.4828125 0.74765625 0.059375 0.0578125
2 0.8125 0.80625 0.0625 0.05
2 0.9046875 0.76015625 0.05625 0.0515625
2 0.61171875 0.9953125 0.0640625 0.009375
2 0.525 0.94453125 0.059375 0.0578125
2 0.3984375 0.978125 0.059375 0.04375
2 0.58203125 0.9671875 0.0640625 0.059375
2 0.74453125 0.89375 0.0546875 0.05
2 0.678125 0.8390625 0.059375 0.059375
2 0.45625 0.984375 0.059375 0.03125
2 0.96640625 0.8984375 0.0578125 0.05
2 0.56953125 0.415625 0.0546875 0.05625
2 0.740625 0.2609375 0.0625 0.053125
3 0.59296875 0.25859375 0.0703125 0.0640625
2 0.653125 0.26953125 0.065625 0.0609375
3 0.8 0.46953125 0.0625 0.0609375
2 0.67890625 0.51015625 0.0515625 0.0578125
2 0.81953125 0.4015625 0.0609375 0.05625
2 0.79921875 0.52734375 0.0703125 0.0640625
2 0.77109375 0.53671875 0.0578125 0.0546875
2 0.75546875 0.484375 0.0515625 0.05
2 0.8484375 0.64609375 0.05 0.0546875
2 0.8578125 0.753125 0.0625 0.05625
2 0.8046875 0.72734375 0.059375 0.0546875
2 0.53984375 0.6875 0.0515625 0.053125
2 0.5671875 0.80546875 0.0625 0.0546875
3 0.74375 0.7390625 0.05625 0.05
2 0.52265625 0.7125 0.0578125 0.05625
2 0.46875 0.7125 0.071875 0.0625
2 0.5296875 0.665625 0.059375 0.053125
3 0.72421875 0.84140625 0.0640625 0.0640625
3 0.73515625 0.86640625 0.0578125 0.0546875
2 0.51875 0.82578125 0.059375 0.0578125
2 0.4296875 0.984375 0.05625 0.03125
3 0.65859375 0.98046875 0.0546875 0.0390625
2 0.41484375 0.99609375 0.0640625 0.0078125
2 0.9390625 0.440625 0.053125 0.053125
2 0.8546875 0.88125 0.075 0.06875
2 0.7171875 0.95234375 0.053125 0.0546875
2 0.67734375 0.95078125 0.0671875 0.0578125
3 0.91484375 0.99375 0.0640625 0.0125
2 0.896875 0.69453125 0.05 0.0515625
2 0.9078125 0.72890625 0.0625 0.0578125
2 0.74765625 0.65546875 0.0609375 0.0578125
2 0.9765625 0.621875 0.046875 0.053125
2 0.93359375 0.615625 0.0609375 0.059375
2 0.88515625 0.63984375 0.0578125 0.0515625
2 0.37578125 0.69296875 0.0671875 0.0640625
2 0.69765625 0.646875 0.0640625 0.059375
2 0.65625 0.62734375 0.059375 0.0515625
2 0.6828125 0.621875 0.05625 0.05625
3 0.6203125 0.62109375 0.05625 0.0578125
2 0.84921875 0.71328125 0.0609375 0.0484375
2 0.66953125 0.60078125 0.0609375 0.0578125
2 0.41484375 0.8859375 0.0734375 0.06875
2 0.5875 0.9265625 0.065625 0.065625
2 0.47109375 0.86015625 0.0671875 0.0640625
2 0.9796875 0.6640625 0.040625 0.05
2 0.99453125 0.784375 0.0109375 0.053125
2 0.7734375 0.84140625 0.065625 0.0609375
3 0.8546875 0.93515625 0.065625 0.0609375
2 0.9953125 0.74765625 0.009375 0.0609375
2 0.9671875 0.8640625 0.05625 0.053125
2 0.96875 0.83359375 0.053125 0.0421875
2 0.86015625 0.846875 0.0578125 0.053125
2 0.88671875 0.76953125 0.0609375 0.0578125
3 0.9359375 0.92890625 0.0625 0.0546875
2 0.98046875 0.97421875 0.0390625 0.0515625
3 0.9015625 0.9578125 0.05625 0.053125
2 0.85625 0.78984375 0.05625 0.0546875
3 0.75078125 0.7703125 0.0578125 0.05625
2 0.865625 0.503125 0.059375 0.053125
2 0.86953125 0.47734375 0.0578125 0.0515625
3 0.746875 0.5296875 0.05625 0.05625
2 0.93828125 0.51953125 0.0578125 0.0515625
2 0.43046875 0.67890625 0.0640625 0.0609375
2 0.5046875 0.696875 0.059375 0.059375
2 0.45078125 0.84296875 0.0609375 0.0515625
2 0.61171875 0.85625 0.0609375 0.05625
3 0.48125 0.8265625 0.059375 0.0625
2 0.440625 0.95 0.071875 0.065625
2 0.4171875 0.9296875 0.071875 0.065625
2 0.6828125 0.98203125 0.059375 0.0359375
3 0.87578125 0.9703125 0.0640625 0.059375
2 0.71796875 0.99453125 0.0640625 0.0109375
3 0.89921875 0.9859375 0.0640625 0.028125
2 0.890625 0.95234375 0.0625 0.0578125
2 0.69921875 0.98203125 0.0640625 0.0359375
2 0.62421875 0.8828125 0.0640625 0.059375
3 0.78828125 0.9203125 0.0640625 0.059375
3 0.85546875 0.98515625 0.0640625 0.0296875
2 0.79765625 0.5984375 0.0640625 0.059375
2 0.77890625 0.9 0.0640625 0.059375
2 0.78828125 0.878125 0.0640625 0.059375
3 0.68359375 0.7890625 0.0640625 0.059375
3 0.75234375 0.715625 0.0640625 0.059375
2 0.56015625 0.68046875 0.0484375 0.0484375
2 0.77734375 0.65625 0.0640625 0.059375
2 0.82109375 0.6375 0.0640625 0.059375
2 0.59921875 0.5078125 0.0640625 0.059375
2 0.75234375 0.5796875 0.0578125 0.05
2 0.68984375 0.621875 0.0640625 0.059375
2 0.87109375 0.5703125 0.0640625 0.059375
2 0.86953125 0.54375 0.0640625 0.059375
2 0.84296875 0.52734375 0.0546875 0.0515625
3 0.80703125 0.446875 0.0640625 0.059375
2 0.90234375 0.43125 0.0640625 0.059375
3 0.64453125 0.38515625 0.0515625 0.0515625
2 0.69453125 0.296875 0.0640625 0.059375
3 0.66875 0.38046875 0.053125 0.0484375
2 0.58515625 0.35625 0.0640625 0.059375
3 0.6578125 0.34921875 0.05625 0.0515625
2 0.71015625 0.309375 0.0640625 0.059375
2 0.73125 0.27734375 0.05625 0.0453125
2 0.97109375 0.2796875 0.0578125 0.059375
2 0.83359375 0.2421875 0.0578125 0.053125
2 0.740625 0.2359375 0.065625 0.059375
2 0.99609375 0.2421875 0.0078125 0.059375
2 0.97265625 0.775 0.0546875 0.059375
2 0.934375 0.775 0.05625 0.05625
2 0.96015625 0.8046875 0.0609375 0.053125
2 0.9859375 0.89921875 0.028125 0.0484375
2 0.98828125 0.4734375 0.0234375 0.053125
2 0.9703125 0.73359375 0.059375 0.0546875
2 0.43203125 0.60859375 0.0671875 0.0640625
2 0.47734375 0.67265625 0.0609375 0.0546875
2 0.38984375 0.63515625 0.0671875 0.0640625
3 0.6046875 0.36953125 0.059375 0.0515625
3 0.5671875 0.6578125 0.05625 0.053125
2 0.81171875 0.6921875 0.0640625 0.059375
2 0.7390625 0.35859375 0.059375 0.0578125
2 0.74453125 0.45078125 0.0640625 0.0578125
2 0.71484375 0.465625 0.0546875 0.05
3 0.709375 0.4359375 0.0625 0.05625
3 0.74296875 0.46796875 0.0546875 0.0515625
2 0.76875 0.36640625 0.059375 0.0578125
3 0.70625 0.3609375 0.053125 0.046875
3 0.71328125 0.38046875 0.0515625 0.0484375
2 0.84453125 0.34375 0.0546875 0.046875
2 0.59140625 0.4203125 0.0578125 0.05625
2 0.61484375 0.471875 0.0640625 0.059375
2 0.50703125 0.390625 0.0640625 0.059375
3 0.715625 0.72890625 0.05 0.0484375
2 0.45234375 0.87421875 0.0671875 0.0640625
2 0.85 0.72890625 0.05625 0.0515625
2 0.471875 0.89453125 0.059375 0.0546875
2 0.86484375 0.81875 0.0578125 0.05
2 0.45234375 0.9703125 0.0640625 0.05625
2 0.52578125 0.884375 0.0546875 0.053125
2 0.4015625 0.98671875 0.05625 0.0265625
3 0.94140625 0.9734375 0.0640625 0.053125
2 0.96953125 0.98046875 0.0578125 0.0390625
3 0.93359375 0.95390625 0.0640625 0.0640625
3 0.97734375 0.2515625 0.0453125 0.059375
2 0.8828125 0.2359375 0.065625 0.059375
2 0.8390625 0.225 0.065625 0.059375
2 0.9296875 0.234375 0.065625 0.059375
3 0.875 0.253125 0.059375 0.053125
2 0.8703125 0.36875 0.065625 0.059375
2 0.903125 0.3171875 0.065625 0.05625
2 0.9671875 0.40234375 0.05625 0.0484375
2 0.9625 0.83828125 0.065625 0.0609375
2 0.9265625 0.9125 0.05625 0.05625
3 0.87109375 0.91484375 0.0515625 0.0484375
3 0.84140625 0.85078125 0.0578125 0.0578125
2 0.9859375 0.81796875 0.028125 0.0515625
2 0.503125 0.96640625 0.05625 0.0546875
2 0.98046875 0.46484375 0.0390625 0.0640625
2 0.953125 0.440625 0.059375 0.059375
2 0.9765625 0.43984375 0.046875 0.0484375
2 0.7328125 0.33203125 0.059375 0.0609375
3 0.6671875 0.67734375 0.059375 0.0578125
2 0.8734375 0.41796875 0.05625 0.0515625
2 0.9796875 0.32578125 0.040625 0.0515625
2 0.47109375 0.5828125 0.0640625 0.059375
3 0.6671875 0.55078125 0.05625 0.0484375
3 0.659375 0.53828125 0.053125 0.0484375
2 0.634375 0.540625 0.05625 0.053125
2 0.64453125 0.5 0.0578125 0.05
3 0.71328125 0.6875 0.0640625 0.059375
3 0.61796875 0.690625 0.0640625 0.059375
3 0.63359375 0.76953125 0.0546875 0.0515625
2 0.61796875 0.875 0.0578125 0.05
2 0.60546875 0.90703125 0.0578125 0.0546875
2 0.690625 0.89453125 0.06875 0.0640625
2 0.92734375 0.35703125 0.0515625 0.0515625
3 0.9421875 0.284375 0.065625 0.059375
2 0.9640625 0.31171875 0.05625 0.0515625
3 0.721875 0.5515625 0.0625 0.053125
3 0.7546875 0.63671875 0.05625 0.0515625
2 0.984375 0.7140625 0.03125 0.05625
2 0.9296875 0.68984375 0.059375 0.0546875
2 0.953125 0.71015625 0.059375 0.0546875
2 0.88046875 0.79296875 0.0578125 0.0546875
2 0.9078125 0.8203125 0.059375 0.05625
2 0.871875 0.81796875 0.05625 0.0546875
2 0.85625 0.9953125 0.065625 0.009375
2 0.82109375 0.8703125 0.0515625 0.05
2 0.984375 0.5765625 0.03125 0.053125
2 0.94921875 0.5734375 0.0609375 0.053125
2 0.91484375 0.60546875 0.0578125 0.0515625
2 0.796875 0.378125 0.065625 0.059375
2 0.88125 0.2921875 0.065625 0.059375
2 0.81796875 0.25859375 0.0578125 0.0515625
3 0.7984375 0.2921875 0.065625 0.059375
2 0.91484375 0.84140625 0.0578125 0.0515625
2 0.8984375 0.8546875 0.053125 0.053125
3 0.81953125 0.9296875 0.0640625 0.059375
2 0.73359375 0.93046875 0.0578125 0.0515625
3 0.53984375 0.3703125 0.0640625 0.059375
2 0.56484375 0.490625 0.0578125 0.05
3 0.53984375 0.625 0.0609375 0.053125
3 0.7828125 0.7578125 0.053125 0.05625
3 0.71015625 0.77578125 0.0546875 0.0546875
3 0.68671875 0.7609375 0.0546875 0.053125
2 0.77265625 0.32109375 0.0640625 0.0609375
2 0.79296875 0.63203125 0.0578125 0.0515625
2 0.52890625 0.6 0.0640625 0.059375
3 0.684375 0.56796875 0.05625 0.0546875
2 0.6984375 0.56875 0.05 0.05
3 0.59140625 0.6859375 0.0640625 0.059375
3 0.8234375 0.99375 0.0625 0.0125
3 0.90625 0.93125 0.053125 0.046875
3 0.840625 0.88671875 0.053125 0.0453125
2 0.66796875 0.990625 0.0640625 0.01875
3 0.88359375 0.98359375 0.0640625 0.0328125
2 0.7828125 0.97421875 0.059375 0.0515625
0 0.65546875 0.87578125 0.0671875 0.0640625
2 0.684375 0.87734375 0.065625 0.0640625
2 0.50390625 0.9890625 0.0546875 0.021875
2 0.7609375 0.4328125 0.053125 0.053125
3 0.76875 0.615625 0.05 0.05
2 0.89921875 0.88828125 0.0546875 0.0515625
2 0.7515625 0.3046875 0.0625 0.05625
2 0.63515625 0.90625 0.0578125 0.05625
2 0.6453125 0.8703125 0.0625 0.059375
3 0.53125 0.7296875 0.059375 0.05625
2 0.9625 0.6484375 0.053125 0.05
2 0.97890625 0.59453125 0.0421875 0.0546875
2 0.8171875 0.765625 0.046875 0.046875
2 0.984375 0.86328125 0.03125 0.0546875
3 0.625 0.37109375 0.0625 0.0578125
2 0.7671875 0.290625 0.0625 0.05625
2 0.5671875 0.3390625 0.0625 0.05625
2 0.73203125 0.565625 0.0640625 0.059375
2 0.87578125 0.40078125 0.0640625 0.0578125
2 0.98984375 0.4125 0.0203125 0.05
2 0.959375 0.42265625 0.0625 0.0515625
0 0.4234375 0.8140625 0.06875 0.0625
2 0.48828125 0.73359375 0.0609375 0.0515625
2 0.89453125 0.89375 0.0515625 0.046875
3 0.72421875 0.51796875 0.0578125 0.0515625
2 0.58828125 0.56484375 0.0515625 0.0484375
0 0.6203125 0.96015625 0.05625 0.0515625
0 0.56953125 0.9453125 0.0640625 0.059375
2 0.54921875 0.94375 0.0671875 0.0625
3 0.471875 0.640625 0.05625 0.053125
2 0.2609375 0.6296875 0.059375 0.05625
2 0.79140625 0.3125 0.0578125 0.05625
0 0.5125 0.534375 0.059375 0.05625
2 0.9875 0.34609375 0.025 0.0453125
2 0.759375 0.4078125 0.059375 0.05625
2 0.4828125 0.6171875 0.05625 0.053125
2 0.43515625 0.90390625 0.0671875 0.0640625
2 0.64296875 0.8890625 0.0546875 0.053125
2 0.81640625 0.78203125 0.0515625 0.0515625
2 0.74921875 0.90625 0.0640625 0.059375
2 0.9015625 0.328125 0.059375 0.05625
2 0.8390625 0.51171875 0.05 0.0515625
0 0.97109375 0.378125 0.0546875 0.05
2 0.98359375 0.68671875 0.0328125 0.0453125
2 0.9171875 0.63125 0.053125 0.05
3 0.7609375 0.86953125 0.059375 0.0546875
2 0.93828125 0.87734375 0.0515625 0.0453125
2 0.990625 0.98984375 0.01875 0.0203125
2 0.6 0.803125 0.059375 0.05625
2 0.65703125 0.69375 0.0578125 0.05
2 0.88359375 0.61015625 0.0546875 0.0515625
2 0.77109375 0.59140625 0.0546875 0.0546875
0 0.68125 0.415625 0.059375 0.05625
0 0.9671875 0.484375 0.059375 0.05625
2 0.534375 0.39375 0.059375 0.05625
0 0.646875 0.3 0.059375 0.05625
0 0.9125 0.271875 0.059375 0.05625
2 0.98203125 0.59921875 0.0359375 0.0484375
2 0.759375 0.74765625 0.053125 0.0484375
0 0.48125 0.54921875 0.053125 0.0484375
0 0.6 0.65859375 0.053125 0.0484375
2 0.8234375 0.96796875 0.053125 0.0515625
0 0.76640625 0.94375 0.0640625 0.059375
1 0.69765625 0.91875 0.0640625 0.059375
2 0.86484375 0.6765625 0.0546875 0.053125
0 0.99453125 0.534375 0.0109375 0.0625
0 0.828125 0.575 0.065625 0.0625
2 0.59453125 0.98125 0.0640625 0.0375
0 0.76171875 0.94375 0.0640625 0.059375
0 0.98125 0.9265625 0.0375 0.053125
2 0.85546875 0.9734375 0.0640625 0.053125
2 0.784375 0.428125 0.053125 0.046875
0 0.54765625 0.91875 0.0640625 0.059375
2 0.88515625 0.7203125 0.0546875 0.053125
2 0.76640625 0.68125 0.0546875 0.053125
2 0.92109375 0.878125 0.0546875 0.053125
2 0.83984375 0.76796875 0.0484375 0.0484375
2 0.85546875 0.7984375 0.0546875 0.053125
0 0.90546875 0.796875 0.0546875 0.053125
0 0.515625 0.56484375 0.053125 0.0484375
0 0.6625 0.47265625 0.053125 0.0484375
0 0.9046875 0.55078125 0.053125 0.0484375
2 0.9921875 0.3921875 0.015625 0.05
2 0.9765625 0.8328125 0.046875 0.05
0 0.9890625 0.52890625 0.021875 0.0515625
0 0.8546875 0.3921875 0.059375 0.05625
0 0.7453125 0.3828125 0.059375 0.05625
0 0.58125 0.98984375 0.053125 0.0203125
2 0.60546875 0.36875 0.0546875 0.05
0 0.3875 0.93359375 0.05625 0.0515625
0 0.74921875 0.98046875 0.0546875 0.0390625