2 0.9296875 0.04921875 0.05625 0.0453125
3 0.7171875 0.1578125 0.053125 0.05
3 0.68984375 0.01953125 0.0578125 0.0390625
2 0.53046875 0.07265625 0.0640625 0.0640625
2 0.78828125 0.01953125 0.0640625 0.0390625
3 0.93515625 0.00390625 0.0515625 0.0078125
2 0.903125 0.06875 0.059375 0.059375
2 0.89296875 0.25703125 0.0578125 0.0515625
2 0.5234375 0.47109375 0.065625 0.0609375
2 0.90859375 0.17578125 0.0640625 0.0546875
2 0.92578125 0.15234375 0.0609375 0.0609375
2 0.58203125 0.52734375 0.0671875 0.0609375
3 0.67109375 0.390625 0.0546875 0.053125
2 0.940625 0.325 0.05625 0.053125
2 0.8734375 0.30546875 0.059375 0.0609375
3 0.49375 0.29140625 0.065625 0.0609375
2 0.9609375 0.1890625 0.0625 0.05625
2 0.86484375 0.11328125 0.0609375 0.0609375
2 0.91640625 0.8765625 0.0578125 0.05625
2 0.73828125 0.90078125 0.0609375 0.0578125
2 0.70859375 0.9046875 0.0640625 0.059375
3 0.78046875 0.96796875 0.0640625 0.0546875
2 0.91875 0.94609375 0.065625 0.0640625
2 0.53046875 0.9375 0.0734375 0.06875
2 0.6953125 0.9609375 0.06875 0.065625
2 0.659375 0.875 0.065625 0.0625
2 0.6890625 0.9421875 0.05625 0.053125
2 0.67734375 0.92421875 0.0640625 0.0578125
2 0.59296875 0.96484375 0.0640625 0.0578125
2 0.67421875 0.93828125 0.0515625 0.0515625
2 0.6234375 0.92578125 0.065625 0.0609375
2 0.609375 0.97578125 0.0625 0.0390625
2 0.73671875 0.96640625 0.0609375 0.0546875
2 0.52578125 0.9625 0.0765625 0.0625
2 0.53125 0.871875 0.053125 0.053125
2 0.44765625 0.1578125 0.0640625 0.05625
2 0.3984375 0.2765625 0.084375 0.075
3 0.415625 0.25625 0.08125 0.075
2 0.721875 0.28984375 0.05 0.0515625
2 0.634375 0.2421875 0.053125 0.046875
2 0.57109375 0.25703125 0.0609375 0.0546875
2 0.49921875 0.37578125 0.0609375 0.0578125
2 0.2375 0.2921875 0.08125 0.075
2 0.73046875 0.20703125 0.0671875 0.0609375
3 0.4828125 0.41171875 0.059375 0.0578125
2 0.8125 0.4703125 0.0625 0.05
2 0.9046875 0.42421875 0.05625 0.0515625
3 0.7984375 0.690625 0.0625 0.0625
2 0.88984375 0.80703125 0.0671875 0.0609375
2 0.909375 0.79765625 0.059375 0.0546875
2 0.61328125 0.9140625 0.0640625 0.0625
2 0.65703125 0.803125 0.0671875 0.065625
2 0.9765625 0.809375 0.046875 0.0625
2 0.696875 0.80703125 0.065625 0.0578125
2 0.61171875 0.6828125 0.0640625 0.05625
3 0.66796875 0.77265625 0.0609375 0.0546875
2 0.51640625 0.82890625 0.0609375 0.0578125
2 0.5859375 0.8703125 0.065625 0.0625
2 0.66015625 0.71796875 0.0671875 0.0609375
2 0.4484375 0.83828125 0.053125 0.0515625
2 0.46875 0.90546875 0.065625 0.0609375
2 0.5578125 0.8171875 0.059375 0.059375
2 0.4359375 0.80390625 0.0625 0.0609375
2 0.46875 0.84609375 0.05625 0.0578125
2 0.51875 0.7515625 0.059375 0.053125
2 0.525 0.60859375 0.059375 0.0578125
2 0.5328125 0.69765625 0.05 0.0484375
2 0.50703125 0.72421875 0.0578125 0.0546875
2 0.3984375 0.65 0.059375 0.059375
2 0.58203125 0.63125 0.0640625 0.059375
2 0.50390625 0.75 0.0578125 0.053125
2 0.74453125 0.5578125 0.0546875 0.05
2 0.678125 0.503125 0.059375 0.059375
2 0.45625 0.6609375 0.059375 0.05625
2 0.9734375 0.83984375 0.053125 0.0671875
2 0.96640625 0.5625 0.0578125 0.05
2 0.56953125 0.0796875 0.0546875 0.05625
2 0.6359375 0.9359375 0.065625 0.0625
2 0.8203125 0.88046875 0.071875 0.0640625
3 0.8 0.13359375 0.0625 0.0609375
2 0.67890625 0.17421875 0.0515625 0.0578125
2 0.81953125 0.065625 0.0609375 0.05625
2 0.79921875 0.19140625 0.0703125 0.0640625
2 0.77109375 0.20078125 0.0578125 0.0546875
2 0.75546875 0.1484375 0.0515625 0.05
2 0.8484375 0.31015625 0.05 0.0546875
2 0.8578125 0.4171875 0.0625 0.05625
2 0.8046875 0.39140625 0.059375 0.0546875
2 0.53984375 0.3515625 0.0515625 0.053125
2 0.5671875 0.46953125 0.0625 0.0546875
3 0.74375 0.403125 0.05625 0.05
2 0.52265625 0.3765625 0.0578125 0.05625
2 0.46875 0.3765625 0.071875 0.0625
2 0.5296875 0.3296875 0.059375 0.053125
3 0.72421875 0.50546875 0.0640625 0.0640625
3 0.73515625 0.53046875 0.0578125 0.0546875
2 0.51875 0.48984375 0.059375 0.0578125
2 0.4296875 0.65859375 0.05625 0.0515625
3 0.65859375 0.6546875 0.0546875 0.059375
2 0.41484375 0.6859375 0.0640625 0.059375
2 0.5140625 0.91015625 0.0625 0.0546875
2 0.51484375 0.85234375 0.0671875 0.0609375
2 0.55390625 0.86484375 0.0578125 0.0578125
2 0.56796875 0.9625 0.0671875 0.0625
2 0.9796875 0.93046875 0.040625 0.0578125
2 0.9390625 0.1046875 0.053125 0.053125
2 0.99453125 0.70390625 0.0109375 0.0578125
2 0.8546875 0.5453125 0.075 0.06875
2 0.74140625 0.74765625 0.0671875 0.0609375
2 0.7171875 0.61640625 0.053125 0.0546875
2 0.67734375 0.61484375 0.0671875 0.0578125
3 0.91484375 0.68359375 0.0640625 0.0640625
2 0.896875 0.35859375 0.05 0.0515625
2 0.9078125 0.39296875 0.0625 0.0578125
2 0.74765625 0.31953125 0.0609375 0.0578125
2 0.9765625 0.2859375 0.046875 0.053125
2 0.93359375 0.2796875 0.0609375 0.059375
2 0.88515625 0.30390625 0.0578125 0.0515625
2 0.37578125 0.35703125 0.0671875 0.0640625
2 0.69765625 0.3109375 0.0640625 0.059375
2 0.65625 0.29140625 0.059375 0.0515625
2 0.6828125 0.2859375 0.05625 0.05625
3 0.6203125 0.28515625 0.05625 0.0578125
2 0.84921875 0.37734375 0.0609375 0.0484375
2 0.66953125 0.26484375 0.0609375 0.0578125
2 0.41484375 0.55 0.0734375 0.06875
2 0.5875 0.590625 0.065625 0.065625
2 0.47109375 0.52421875 0.0671875 0.0640625
2 0.4890625 0.88671875 0.0625 0.0546875
2 0.578125 0.9140625 0.065625 0.059375
2 0.53984375 0.91328125 0.0703125 0.0640625
2 0.7921875 0.95 0.065625 0.059375
2 0.9796875 0.328125 0.040625 0.05
2 0.9859375 0.91171875 0.028125 0.0546875
2 0.9890625 0.94140625 0.021875 0.0609375
2 0.8984375 0.96328125 0.065625 0.0609375
2 0.99453125 0.4484375 0.0109375 0.053125
2 0.64140625 0.96484375 0.0640625 0.0609375
2 0.48515625 0.79140625 0.0640625 0.0609375
2 0.42890625 0.7734375 0.0640625 0.059375
2 0.7734375 0.50546875 0.065625 0.0609375
3 0.6390625 0.76328125 0.065625 0.0609375
2 0.890625 0.78203125 0.065625 0.0609375
3 0.896875 0.70703125 0.065625 0.0609375
3 0.8546875 0.59921875 0.065625 0.0609375
2 0.9953125 0.41171875 0.009375 0.0609375
2 0.9671875 0.528125 0.05625 0.053125
2 0.96875 0.49765625 0.053125 0.0421875
2 0.86015625 0.5109375 0.0578125 0.053125
2 0.88671875 0.43359375 0.0609375 0.0578125
3 0.9359375 0.59296875 0.0625 0.0546875
2 0.98046875 0.63984375 0.0390625 0.0546875
3 0.9015625 0.621875 0.05625 0.053125
2 0.85625 0.45390625 0.05625 0.0546875
3 0.75078125 0.434375 0.0578125 0.05625
2 0.865625 0.1671875 0.059375 0.053125
2 0.86953125 0.14140625 0.0578125 0.0515625
3 0.746875 0.19375 0.05625 0.05625
2 0.93828125 0.18359375 0.0578125 0.0515625
2 0.43046875 0.34296875 0.0640625 0.0609375
2 0.5046875 0.3609375 0.059375 0.059375
2 0.45078125 0.50703125 0.0609375 0.0515625
2 0.61171875 0.5203125 0.0609375 0.05625
3 0.48125 0.490625 0.059375 0.0625
2 0.440625 0.6140625 0.071875 0.065625
2 0.4171875 0.59375 0.071875 0.065625
2 0.6828125 0.65703125 0.059375 0.0578125
2 0.42734375 0.70625 0.0640625 0.059375
2 0.45859375 0.7265625 0.0640625 0.059375
2 0.46328125 0.7421875 0.0640625 0.059375
2 0.51875 0.74921875 0.065625 0.0609375
2 0.5453125 0.728125 0.0625 0.059375
2 0.50859375 0.7703125 0.0578125 0.053125
2 0.596875 0.81015625 0.065625 0.0609375
2 0.6578125 0.74765625 0.065625 0.0609375
2 0.659375 0.8328125 0.065625 0.059375
2 0.4828125 0.81015625 0.065625 0.0609375
2 0.56875 0.85703125 0.065625 0.0609375
2 0.53359375 0.7953125 0.0578125 0.05625
2 0.51484375 0.809375 0.0640625 0.0625
2 0.4609375 0.86640625 0.065625 0.0609375
2 0.65 0.9765625 0.059375 0.0375
2 0.6234375 0.9609375 0.065625 0.059375
2 0.64765625 0.959375 0.0640625 0.059375
3 0.87578125 0.634375 0.0640625 0.059375
2 0.81171875 0.965625 0.0640625 0.059375
3 0.86796875 0.83125 0.0609375 0.05625
2 0.69921875 0.8546875 0.0640625 0.059375
2 0.7109375 0.83984375 0.05625 0.0515625
2 0.79921875 0.8125 0.0640625 0.059375
3 0.85859375 0.753125 0.0640625 0.059375
2 0.70234375 0.721875 0.0640625 0.059375
2 0.89453125 0.7234375 0.0640625 0.059375
2 0.73203125 0.6984375 0.0640625 0.059375
2 0.71796875 0.6828125 0.0640625 0.059375
3 0.89921875 0.665625 0.0640625 0.059375
2 0.890625 0.61640625 0.0625 0.0578125
2 0.69921875 0.6578125 0.0640625 0.059375
2 0.62421875 0.546875 0.0640625 0.059375
3 0.78828125 0.584375 0.0640625 0.059375
3 0.85546875 0.6640625 0.0640625 0.059375
2 0.79765625 0.2625 0.0640625 0.059375
2 0.77890625 0.5640625 0.0640625 0.059375
2 0.78828125 0.5421875 0.0640625 0.059375
3 0.68359375 0.453125 0.0640625 0.059375
3 0.75234375 0.3796875 0.0640625 0.059375
2 0.56015625 0.34453125 0.0484375 0.0484375
2 0.77734375 0.3203125 0.0640625 0.059375
2 0.82109375 0.3015625 0.0640625 0.059375
2 0.59921875 0.171875 0.0640625 0.059375
2 0.75234375 0.24375 0.0578125 0.05
2 0.68984375 0.2859375 0.0640625 0.059375
2 0.87109375 0.234375 0.0640625 0.059375
2 0.86953125 0.2078125 0.0640625 0.059375
2 0.84296875 0.19140625 0.0546875 0.0515625
3 0.80703125 0.1109375 0.0640625 0.059375
2 0.90234375 0.0953125 0.0640625 0.059375
3 0.64453125 0.04921875 0.0515625 0.0515625
3 0.66875 0.04453125 0.053125 0.0484375
2 0.58515625 0.025 0.0640625 0.05
3 0.6578125 0.01953125 0.05625 0.0390625
2 0.97265625 0.4390625 0.0546875 0.059375
2 0.934375 0.4390625 0.05625 0.05625
2 0.96015625 0.46875 0.0609375 0.053125
2 0.9859375 0.56328125 0.028125 0.0484375
2 0.98671875 0.74921875 0.0265625 0.0578125
3 0.93203125 0.78046875 0.0640625 0.0578125
2 0.97890625 0.68515625 0.0421875 0.0578125
2 0.98984375 0.76328125 0.0203125 0.0578125
2 0.946875 0.8078125 0.065625 0.059375
2 0.915625 0.7953125 0.065625 0.059375
2 0.9921875 0.7875 0.015625 0.059375
3 0.9890625 0.8484375 0.021875 0.059375
2 0.98828125 0.1375 0.0234375 0.053125
2 0.9703125 0.39765625 0.059375 0.0546875
2 0.43203125 0.27265625 0.0671875 0.0640625
2 0.47734375 0.33671875 0.0609375 0.0546875
2 0.38984375 0.29921875 0.0671875 0.0640625
3 0.6046875 0.03359375 0.059375 0.0515625
3 0.5671875 0.321875 0.05625 0.053125
2 0.81171875 0.35625 0.0640625 0.059375
2 0.7390625 0.02578125 0.059375 0.0515625
2 0.74453125 0.11484375 0.0640625 0.0578125
2 0.71484375 0.1296875 0.0546875 0.05
3 0.709375 0.1 0.0625 0.05625
3 0.74296875 0.13203125 0.0546875 0.0515625
2 0.76875 0.03046875 0.059375 0.0578125
3 0.70625 0.025 0.053125 0.046875
3 0.71328125 0.04453125 0.0515625 0.0484375
2 0.84453125 0.015625 0.0546875 0.03125
2 0.59140625 0.084375 0.0578125 0.05625
2 0.61484375 0.1359375 0.0640625 0.059375
2 0.50703125 0.0546875 0.0640625 0.059375
3 0.715625 0.39296875 0.05 0.0484375
2 0.45234375 0.53828125 0.0671875 0.0640625
2 0.85 0.39296875 0.05625 0.0515625
2 0.471875 0.55859375 0.059375 0.0546875
2 0.86484375 0.4828125 0.0578125 0.05
2 0.45234375 0.634375 0.0640625 0.05625
2 0.52578125 0.5484375 0.0546875 0.053125
2 0.56484375 0.74609375 0.0578125 0.0515625
2 0.4015625 0.6640625 0.05625 0.053125
2 0.71875 0.94296875 0.05625 0.0515625
2 0.96875 0.8921875 0.0625 0.059375
3 0.94140625 0.64296875 0.0640625 0.0640625
2 0.96953125 0.653125 0.0578125 0.05625
3 0.93359375 0.61796875 0.0640625 0.0640625
2 0.8703125 0.0328125 0.065625 0.059375
2 0.903125 0.0046875 0.065625 0.009375
2 0.9671875 0.06640625 0.05625 0.0484375
2 0.9625 0.50234375 0.065625 0.0609375
2 0.9265625 0.5765625 0.05625 0.05625
3 0.87109375 0.57890625 0.0515625 0.0484375
3 0.84140625 0.51484375 0.0578125 0.0578125
2 0.9859375 0.48203125 0.028125 0.0515625
2 0.68828125 0.696875 0.0578125 0.053125
2 0.734375 0.778125 0.059375 0.053125
2 0.77265625 0.7625 0.0578125 0.059375
2 0.621875 0.88984375 0.065625 0.0609375
2 0.41640625 0.7546875 0.0640625 0.059375
2 0.43125 0.75 0.059375 0.053125
2 0.503125 0.63046875 0.05625 0.0546875
2 0.98046875 0.12890625 0.0390625 0.0640625
2 0.953125 0.1046875 0.059375 0.059375
2 0.9765625 0.10390625 0.046875 0.0484375
2 0.7328125 0.01328125 0.059375 0.0265625
3 0.6671875 0.34140625 0.059375 0.0578125
2 0.63359375 0.809375 0.0578125 0.053125
2 0.61796875 0.80859375 0.0546875 0.0546875
2 0.8734375 0.08203125 0.05625 0.0515625
2 0.9796875 0.0078125 0.040625 0.015625
2 0.47109375 0.246875 0.0640625 0.059375
3 0.6671875 0.21484375 0.05625 0.0484375
3 0.659375 0.20234375 0.053125 0.0484375
2 0.634375 0.2046875 0.05625 0.053125
2 0.64453125 0.1640625 0.0578125 0.05
3 0.71328125 0.3515625 0.0640625 0.059375
3 0.61796875 0.3546875 0.0640625 0.059375
3 0.63359375 0.43359375 0.0546875 0.0515625
2 0.61796875 0.5390625 0.0578125 0.05
2 0.60546875 0.57109375 0.0578125 0.0546875
2 0.690625 0.55859375 0.06875 0.0640625
2 0.50078125 0.78828125 0.0546875 0.0515625
2 0.584375 0.96953125 0.065625 0.0484375
2 0.559375 0.77734375 0.05625 0.0484375
3 0.95234375 0.71484375 0.0640625 0.0578125
2 0.9734375 0.740625 0.053125 0.053125
2 0.94453125 0.8578125 0.0640625 0.059375
2 0.92734375 0.0234375 0.0515625 0.046875
3 0.721875 0.215625 0.0625 0.053125
3 0.7546875 0.30078125 0.05625 0.0515625
2 0.984375 0.378125 0.03125 0.05625
2 0.9296875 0.35390625 0.059375 0.0546875
2 0.953125 0.37421875 0.059375 0.0546875
2 0.88046875 0.45703125 0.0578125 0.0546875
2 0.9078125 0.484375 0.059375 0.05625
2 0.871875 0.48203125 0.05625 0.0546875
2 0.85625 0.68515625 0.065625 0.0609375
2 0.82109375 0.534375 0.0515625 0.05
2 0.984375 0.240625 0.03125 0.053125
2 0.94921875 0.2375 0.0609375 0.053125
2 0.91484375 0.26953125 0.0578125 0.0515625
2 0.796875 0.0421875 0.065625 0.059375
2 0.91484375 0.50546875 0.0578125 0.0515625
2 0.8984375 0.51875 0.053125 0.053125
3 0.81953125 0.59375 0.0640625 0.059375
2 0.73359375 0.59453125 0.0578125 0.0515625
2 0.76015625 0.7140625 0.0640625 0.059375
2 0.78359375 0.7921875 0.0640625 0.059375
3 0.83828125 0.76875 0.0640625 0.059375
3 0.53984375 0.034375 0.0640625 0.059375
2 0.56484375 0.1546875 0.0578125 0.05
3 0.53984375 0.2890625 0.0609375 0.053125
3 0.7828125 0.421875 0.053125 0.05625
3 0.71015625 0.43984375 0.0546875 0.0546875
3 0.68671875 0.425 0.0546875 0.053125
2 0.77265625 0.0078125 0.0640625 0.015625
2 0.79296875 0.29609375 0.0578125 0.0515625
2 0.52890625 0.2640625 0.0640625 0.059375
3 0.684375 0.23203125 0.05625 0.0546875
2 0.6984375 0.2328125 0.05 0.05
3 0.59140625 0.35 0.0640625 0.059375
3 0.8234375 0.68046875 0.0625 0.0578125
3 0.90625 0.5953125 0.053125 0.046875
3 0.840625 0.55078125 0.053125 0.0453125
2 0.6234375 0.8625 0.059375 0.05625
2 0.965625 0.93515625 0.065625 0.0609375
2 0.56796875 0.96484375 0.0671875 0.0609375
2 0.78984375 0.74375 0.0640625 0.059375
2 0.8890625 0.85546875 0.065625 0.0609375
2 0.66796875 0.675 0.0640625 0.059375
3 0.88359375 0.66171875 0.0640625 0.0609375
2 0.7828125 0.6390625 0.059375 0.053125
0 0.65546875 0.53984375 0.0671875 0.0640625
2 0.684375 0.54140625 0.065625 0.0640625
2 0.4953125 0.69375 0.05625 0.053125
2 0.50390625 0.66875 0.0546875 0.053125
2 0.7609375 0.096875 0.053125 0.053125
3 0.76875 0.2796875 0.05 0.05
2 0.89921875 0.55234375 0.0546875 0.0515625
2 0.63515625 0.5703125 0.0578125 0.05625
2 0.6453125 0.534375 0.0625 0.059375
3 0.53125 0.39375 0.059375 0.05625
3 0.8984375 0.73984375 0.05625 0.0578125
3 0.825 0.8078125 0.053125 0.053125
2 0.7828125 0.8953125 0.0625 0.0625
3 0.8453125 0.7234375 0.05625 0.05
3 0.8265625 0.73359375 0.05625 0.0515625
2 0.9625 0.3125 0.053125 0.05
2 0.97890625 0.25859375 0.0421875 0.0546875
2 0.8171875 0.4296875 0.046875 0.046875
2 0.984375 0.52734375 0.03125 0.0546875
3 0.625 0.03515625 0.0625 0.0578125
2 0.5671875 0.015625 0.0625 0.03125
2 0.73203125 0.2296875 0.0640625 0.059375
2 0.87578125 0.06484375 0.0640625 0.0578125
2 0.98984375 0.0765625 0.0203125 0.05
2 0.959375 0.08671875 0.0625 0.0515625
0 0.4234375 0.478125 0.06875 0.0625
2 0.48828125 0.39765625 0.0609375 0.0515625
3 0.8671875 0.6984375 0.053125 0.05625
2 0.92890625 0.7109375 0.0578125 0.05625
2 0.89453125 0.5578125 0.0515625 0.046875
3 0.72421875 0.18203125 0.0578125 0.0515625
2 0.58828125 0.22890625 0.0515625 0.0484375
2 0.47578125 0.70390625 0.0515625 0.0546875
0 0.6203125 0.62421875 0.05625 0.0515625
0 0.609375 0.72890625 0.053125 0.0515625
0 0.56953125 0.609375 0.0640625 0.059375
2 0.54921875 0.6078125 0.0671875 0.0625
3 0.471875 0.3046875 0.05625 0.053125
2 0.2609375 0.29375 0.059375 0.05625
0 0.5125 0.1984375 0.059375 0.05625
2 0.9875 0.01640625 0.025 0.0328125
2 0.759375 0.071875 0.059375 0.05625
2 0.4828125 0.28125 0.05625 0.053125
2 0.43515625 0.56796875 0.0671875 0.0640625
2 0.64296875 0.553125 0.0546875 0.053125
2 0.81640625 0.44609375 0.0515625 0.0515625
2 0.94765625 0.8296875 0.0609375 0.05625
2 0.74921875 0.5703125 0.0640625 0.059375
2 0.96640625 0.69296875 0.0546875 0.0546875
2 0.9015625 0.01015625 0.059375 0.0203125
2 0.8390625 0.17578125 0.05 0.0515625
0 0.97109375 0.0421875 0.0546875 0.05
2 0.98359375 0.35078125 0.0328125 0.0453125
2 0.9171875 0.2953125 0.053125 0.05
3 0.7609375 0.53359375 0.059375 0.0546875
0 0.83984375 0.9421875 0.0546875 0.053125
2 0.93828125 0.54140625 0.0515625 0.0453125
2 0.990625 0.66953125 0.01875 0.0515625
2 0.62890625 0.8359375 0.0609375 0.05625
2 0.6 0.4671875 0.059375 0.05625
2 0.65703125 0.3578125 0.0578125 0.05
2 0.88359375 0.27421875 0.0546875 0.0515625
2 0.77109375 0.25546875 0.0546875 0.0546875
0 0.68125 0.0796875 0.059375 0.05625
0 0.9671875 0.1484375 0.059375 0.05625
2 0.534375 0.0578125 0.059375 0.05625
2 0.765625 0.8203125 0.059375 0.059375
2 0.98203125 0.26328125 0.0359375 0.0484375
2 0.759375 0.41171875 0.053125 0.0484375
0 0.48125 0.21328125 0.053125 0.0484375
0 0.6 0.32265625 0.053125 0.0484375
2 0.8234375 0.63203125 0.053125 0.0515625
0 0.76640625 0.6078125 0.0640625 0.059375
1 0.69765625 0.5828125 0.0640625 0.059375
2 0.86484375 0.340625 0.0546875 0.053125
0 0.99453125 0.1984375 0.0109375 0.0625
0 0.828125 0.2390625 0.065625 0.0625
2 0.59453125 0.65625 0.0640625 0.059375
2 0.59609375 0.7109375 0.0546875 0.05
0 0.76171875 0.6078125 0.0640625 0.059375
0 0.98125 0.590625 0.0375 0.053125
2 0.85546875 0.640625 0.0640625 0.059375
3 0.94765625 0.7578125 0.0640625 0.059375
2 0.7359375 0.82421875 0.053125 0.0546875
2 0.784375 0.0921875 0.053125 0.046875
0 0.54765625 0.5828125 0.0640625 0.059375
2 0.88515625 0.384375 0.0546875 0.053125
2 0.76640625 0.3453125 0.0546875 0.053125
2 0.92109375 0.5421875 0.0546875 0.053125
2 0.83984375 0.43203125 0.0484375 0.0484375
2 0.85546875 0.4625 0.0546875 0.053125
0 0.90546875 0.4609375 0.0546875 0.053125
0 0.515625 0.22890625 0.053125 0.0484375
0 0.6625 0.13671875 0.053125 0.0484375
0 0.9046875 0.21484375 0.053125 0.0484375
2 0.9921875 0.05625 0.015625 0.05
2 0.9765625 0.496875 0.046875 0.05
0 0.9890625 0.19296875 0.021875 0.0515625
0 0.80859375 0.934375 0.0640625 0.059375
2 0.55546875 0.93125 0.0546875 0.053125
0 0.8546875 0.05625 0.059375 0.05625
0 0.7453125 0.046875 0.059375 0.05625
0 0.58125 0.66875 0.053125 0.05
0 0.5859375 0.7421875 0.053125 0.05
2 0.60546875 0.0328125 0.0546875 0.05
0 0.3875 0.59765625 0.05625 0.0515625
0 0.74921875 0.6515625 0.0546875 0.053125