2 0.00625 0.3 0.0125 0.06875
2 0.0625 0.40078125 0.0625 0.0578125
2 0.0046875 0.55 0.009375 0.05
2 0.04375 0.46953125 0.059375 0.0578125
2 0.01875 0.59453125 0.0375 0.0546875
2 0.1375 0.58984375 0.0625 0.0578125
2 0.1859375 0.7 0.0625 0.05625
2 0.2171875 0.5921875 0.075 0.065625
2 0.22890625 0.69609375 0.0578125 0.0546875
2 0.0578125 0.65234375 0.059375 0.0578125
3 0.16328125 0.753125 0.0640625 0.053125
2 0.13671875 0.5078125 0.0578125 0.05625
2 0.23828125 0.71328125 0.0578125 0.0484375
2 0.0171875 0.7921875 0.034375 0.053125
2 0.253125 0.94765625 0.06875 0.0609375
2 0.10703125 0.82890625 0.0578125 0.0484375
2 0.015625 0.75859375 0.03125 0.0578125
2 0.0171875 0.5 0.034375 0.075
2 0.01953125 0.303125 0.0390625 0.06875
2 0.19765625 0.990625 0.0671875 0.01875
2 0.1296875 0.97578125 0.0625 0.0484375
2 0.08125 0.89140625 0.05625 0.0515625
2 0.0109375 0.27890625 0.021875 0.0609375
2 0.03984375 0.3 0.0671875 0.06875
2 0.12578125 0.365625 0.0640625 0.0625
2 0.05546875 0.9625 0.0546875 0.0625
2 0.0390625 0.9828125 0.05625 0.034375
2 0.0140625 0.9921875 0.028125 0.015625
2 0.0453125 0.80546875 0.06875 0.0609375
2 0.1109375 0.73671875 0.0625 0.0640625
2 0.05078125 0.78203125 0.0703125 0.0578125
2 0.0046875 0.85390625 0.009375 0.0515625
2 0.21171875 0.80234375 0.0609375 0.0546875
2 0.1984375 0.8328125 0.059375 0.05625
2 0.16953125 0.95625 0.0703125 0.05625
2 0.190625 0.91484375 0.05625 0.0515625
2 0.1921875 0.9390625 0.059375 0.0625
2 0.28359375 0.82890625 0.0671875 0.0640625
2 0.24921875 0.78203125 0.0609375 0.0578125
2 0.2328125 0.73828125 0.065625 0.0609375
2 0.121875 0.4984375 0.05625 0.05625
2 0.16796875 0.52421875 0.0640625 0.0578125
2 0.1625 0.478125 0.08125 0.075
2 0.125 0.65390625 0.059375 0.0515625
2 0.1796875 0.4953125 0.071875 0.065625
2 0.20859375 0.5625 0.0765625 0.0625
2 0.17265625 0.8109375 0.0671875 0.0625
2 0.03515625 0.6921875 0.0546875 0.053125
2 0.16640625 0.8390625 0.0671875 0.0625
2 0.1203125 0.80703125 0.06875 0.0609375
2 0.28984375 0.97890625 0.0640625 0.0421875
2 0.01171875 0.87265625 0.0234375 0.0546875
2 0.01796875 0.9390625 0.0359375 0.0625
2 0.01015625 0.9328125 0.0203125 0.0625
3 0.01015625 0.93671875 0.0203125 0.0546875
2 0.0046875 0.709375 0.009375 0.046875
2 0.00625 0.75546875 0.0125 0.0609375
3 0.2609375 0.58671875 0.065625 0.0578125
2 0.02734375 0.54296875 0.0546875 0.0515625
2 0.02890625 0.50078125 0.0578125 0.0578125
2 0.17734375 0.77734375 0.0578125 0.0546875
2 0.2265625 0.7765625 0.059375 0.05625
3 0.20859375 0.759375 0.0546875 0.05
2 0.146875 0.78359375 0.05625 0.0515625
2 0.0796875 0.69921875 0.053125 0.0546875
2 0.09453125 0.678125 0.0671875 0.0625
2 0.05859375 0.678125 0.0546875 0.053125
2 0.26484375 0.7265625 0.0671875 0.0625
2 0.23046875 0.91640625 0.0609375 0.0546875
2 0.23359375 0.8453125 0.0609375 0.059375
2 0.1234375 0.92109375 0.0625 0.0515625
2 0.29921875 0.8796875 0.0734375 0.065625
2 0.025 0.8 0.05 0.046875
2 0.1390625 0.92421875 0.059375 0.0546875
2 0.09375 0.96328125 0.065625 0.0609375
2 0.09140625 0.98359375 0.0546875 0.0328125
2 0.0515625 0.99296875 0.05625 0.0140625
2 0.28984375 0.9046875 0.0640625 0.059375
2 0.07734375 0.9578125 0.0640625 0.059375
2 0.01015625 0.984375 0.0203125 0.03125
2 0.0765625 0.9875 0.05625 0.025
2 0.1296875 0.89140625 0.053125 0.0546875
2 0.115625 0.85625 0.05625 0.053125
2 0.07890625 0.8015625 0.0671875 0.0625
2 0.22578125 0.9515625 0.0734375 0.065625
2 0.10703125 0.4484375 0.0640625 0.0625
2 0.01953125 0.42890625 0.0390625 0.0484375
2 0.16328125 0.4328125 0.0640625 0.0625
2 0.13359375 0.4203125 0.0640625 0.0625
2 0.14140625 0.409375 0.0640625 0.0625
2 0.0046875 0.43125 0.009375 0.0625
2 0.0140625 0.62578125 0.028125 0.0578125
2 0.14140625 0.9703125 0.0640625 0.059375
2 0.26640625 0.99140625 0.0640625 0.0171875
2 0.16171875 0.928125 0.0640625 0.059375
2 0.16171875 0.86015625 0.0640625 0.0578125
2 0.17109375 0.821875 0.0515625 0.053125
2 0.02109375 0.8296875 0.0421875 0.05
2 0.0765625 0.54375 0.065625 0.065625
2 0.07734375 0.5015625 0.0609375 0.053125
2 0.015625 0.68359375 0.03125 0.0546875
2 0.25859375 0.90859375 0.0671875 0.0640625
2 0.2453125 0.89609375 0.0625 0.0578125
2 0.30078125 0.93828125 0.0640625 0.0546875
2 0.2765625 0.94453125 0.071875 0.0671875
2 0.159375 0.66328125 0.0625 0.0609375
2 0.034375 0.73828125 0.05625 0.0546875
2 0.0515625 0.5796875 0.059375 0.053125
2 0.12578125 0.690625 0.0671875 0.0625
2 0.17109375 0.6421875 0.0671875 0.0625
2 0.06015625 0.540625 0.0640625 0.0625
2 0.096875 0.48203125 0.059375 0.0609375
2 0.04609375 0.54453125 0.0609375 0.0578125
2 0.121875 0.86796875 0.05625 0.0578125
2 0.1875 0.78828125 0.05625 0.0546875
2 0.13984375 0.98984375 0.0640625 0.0203125
2 0.11640625 0.9921875 0.0578125 0.015625
2 0.22109375 0.890625 0.0640625 0.0625
2 0.221875 0.65078125 0.0625 0.0609375
2 0.07421875 0.72421875 0.0609375 0.0609375
2 0.2609375 0.8390625 0.0625 0.059375
2 0.05234375 0.896875 0.0640625 0.059375
2 0.1203125 0.61640625 0.059375 0.0515625
2 0.1390625 0.8265625 0.0625 0.059375
2 0.18828125 0.9734375 0.0640625 0.053125
2 0.01171875 0.7921875 0.0234375 0.0625
2 0.04609375 0.74921875 0.0640625 0.0609375
2 0.03046875 0.71171875 0.0609375 0.0609375
2 0.00390625 0.72578125 0.0078125 0.0546875
2 0.06953125 0.775 0.0609375 0.059375
2 0.19609375 0.94375 0.0640625 0.059375
2 0.0859375 0.72109375 0.0625 0.0609375
2 0.0546875 0.70703125 0.0625 0.0609375
2 0.0609375 0.55859375 0.0625 0.0609375
2 0.0875 0.8453125 0.0625 0.059375
2 0.0234375 0.96328125 0.046875 0.0546875
2 0.27734375 0.909375 0.0578125 0.05
2 0.234375 0.815625 0.0625 0.059375
2 0.01953125 0.884375 0.0390625 0.0625
0 0.24296875 0.6703125 0.0640625 0.0625
2 0.17578125 0.5453125 0.0640625 0.059375
2 0.0546875 0.4515625 0.059375 0.05
2 0.0359375 0.96015625 0.053125 0.0453125
2 0.10625 0.8921875 0.053125 0.05
2 0.04921875 0.83984375 0.0546875 0.0515625
2 0.0484375 0.871875 0.05625 0.046875
2 0.01796875 0.5765625 0.0359375 0.053125
2 0.17265625 0.59375 0.0640625 0.0625
1 0.27578125 0.834375 0.0640625 0.059375
0 0.07734375 0.6046875 0.0640625 0.059375
2 0.09921875 0.47734375 0.0578125 0.0484375
2 0.15234375 0.85546875 0.0546875 0.0546875
2 0.0546875 0.46953125 0.05625 0.0515625
2 0.23203125 0.8015625 0.0640625 0.059375
0 0.0046875 0.6578125 0.009375 0.059375
2 0.18046875 0.884375 0.0515625 0.05
2 0.27265625 0.82109375 0.0515625 0.0515625
0 0.0203125 0.37734375 0.040625 0.0515625
0 0.0453125 0.35703125 0.053125 0.0515625
2 0.0671875 0.90546875 0.05 0.0421875
2 0.08046875 0.928125 0.0515625 0.05
2 0.18046875 0.8625 0.0515625 0.05