2 0.890625 0.33046875 0.040625 0.0328125
2 0.8953125 0.359375 0.040625 0.0375
2 0.85546875 0.4296875 0.0296875 0.034375
2 0.8828125 0.5234375 0.03125 0.034375
2 0.9265625 0.56484375 0.028125 0.0265625
2 0.91484375 0.32265625 0.0234375 0.0390625
2 0.93984375 0.3859375 0.0265625 0.028125
2 0.83125 0.4921875 0.03125 0.028125
2 0.8546875 0.5359375 0.03125 0.028125
2 0.8875 0.56015625 0.028125 0.0265625
2 0.8171875 0.5859375 0.034375 0.03125
2 0.775 0.584375 0.034375 0.028125
2 0.79921875 0.61875 0.0359375 0.034375
2 0.8421875 0.46015625 0.03125 0.0265625
2 0.86953125 0.6703125 0.0296875 0.021875
2 0.9359375 0.58984375 0.028125 0.0296875
2 0.96953125 0.296875 0.0328125 0.040625
2 0.83359375 0.52421875 0.0296875 0.0265625
2 0.81875 0.68125 0.028125 0.028125
2 0.99375 0.53203125 0.0125 0.0296875