2 0.00546875 0.33046875 0.0109375 0.0328125
2 0.0078125 0.359375 0.015625 0.0375
2 0.27421875 0.475 0.0265625 0.025
2 0.0265625 0.56484375 0.028125 0.0265625
2 0.01484375 0.32265625 0.0234375 0.0390625
2 0.03984375 0.3859375 0.0265625 0.028125
2 0.1765625 0.41484375 0.025 0.0234375
2 0.13515625 0.45390625 0.0265625 0.0296875
2 0.24375 0.3609375 0.028125 0.03125
2 0.271875 0.32890625 0.028125 0.0328125
2 0.1796875 0.4578125 0.046875 0.040625
2 0.27265625 0.446875 0.0203125 0.021875
2 0.27578125 0.41796875 0.0265625 0.0296875
2 0.0359375 0.58984375 0.028125 0.0296875
2 0.209375 0.509375 0.03125 0.025
2 0.06953125 0.296875 0.0328125 0.040625
2 0.2703125 0.3890625 0.025 0.03125
2 0.13203125 0.565625 0.0296875 0.034375
2 0.1015625 0.53203125 0.028125 0.0296875
2 0.384375 0.540625 0.03125 0.025
2 0.43125 0.5375 0.040625 0.04375
1 0.44140625 0.634375 0.0359375 0.03125
1 0.42109375 0.6625 0.0359375 0.04375