2 0.00546875 0.66640625 0.0109375 0.0328125
2 0.0078125 0.6953125 0.015625 0.0375
2 0.27421875 0.8109375 0.0265625 0.025
2 0.0265625 0.90078125 0.028125 0.0265625
2 0.01484375 0.65859375 0.0234375 0.0390625
2 0.03984375 0.721875 0.0265625 0.028125
2 0.1765625 0.75078125 0.025 0.0234375
2 0.13515625 0.78984375 0.0265625 0.0296875
2 0.24375 0.696875 0.028125 0.03125
2 0.271875 0.66484375 0.028125 0.0328125
2 0.1796875 0.79375 0.046875 0.040625
2 0.27265625 0.7828125 0.0203125 0.021875
2 0.27578125 0.75390625 0.0265625 0.0296875
2 0.0359375 0.92578125 0.028125 0.0296875
2 0.209375 0.8453125 0.03125 0.025
2 0.06953125 0.6328125 0.0328125 0.040625
2 0.2703125 0.725 0.025 0.03125
2 0.13203125 0.9015625 0.0296875 0.034375
2 0.1015625 0.86796875 0.028125 0.0296875
2 0.384375 0.8765625 0.03125 0.025
2 0.43125 0.8734375 0.040625 0.04375
1 0.44140625 0.9703125 0.0359375 0.03125
1 0.42109375 0.98828125 0.0359375 0.0234375