2 0.890625 0.66640625 0.040625 0.0328125
2 0.8953125 0.6953125 0.040625 0.0375
2 0.85546875 0.765625 0.0296875 0.034375
2 0.8828125 0.859375 0.03125 0.034375
2 0.9265625 0.90078125 0.028125 0.0265625
2 0.91484375 0.65859375 0.0234375 0.0390625
2 0.93984375 0.721875 0.0265625 0.028125
2 0.83125 0.828125 0.03125 0.028125
2 0.8546875 0.871875 0.03125 0.028125
2 0.8875 0.89609375 0.028125 0.0265625
2 0.8171875 0.921875 0.034375 0.03125
2 0.775 0.9203125 0.034375 0.028125
2 0.79921875 0.9546875 0.0359375 0.034375
2 0.8421875 0.79609375 0.03125 0.0265625
2 0.86953125 0.99765625 0.0296875 0.0046875
2 0.9359375 0.92578125 0.028125 0.0296875
2 0.96953125 0.6328125 0.0328125 0.040625
2 0.83359375 0.86015625 0.0296875 0.0265625
2 0.99375 0.86796875 0.0125 0.0296875