2 0.84375 0.03046875 0.06875 0.0578125
2 0.92265625 0.03359375 0.0609375 0.0640625
2 0.7515625 0.00703125 0.06875 0.0140625
3 0.81171875 0.05546875 0.0609375 0.0546875
2 0.8265625 0.07109375 0.053125 0.0515625
2 0.87734375 0.0796875 0.0546875 0.05
2 0.8546875 0.09375 0.075 0.06875
2 0.71640625 0.0859375 0.0546875 0.05
2 0.7390625 0.0234375 0.065625 0.046875
2 0.76015625 0.03046875 0.0546875 0.0484375
2 0.8171875 0.13828125 0.0625 0.0578125
2 0.65234375 0.2171875 0.0703125 0.065625
2 0.69921875 0.0171875 0.0546875 0.034375
2 0.7859375 0.19296875 0.071875 0.0609375
2 0.6828125 0.403125 0.08125 0.0625
2 0.70234375 0.4359375 0.0609375 0.065625
2 0.7125 0.321875 0.06875 0.0625
2 0.41171875 0.4453125 0.0765625 0.06875
2 0.765625 0.32109375 0.065625 0.0609375
2 0.61015625 0.31171875 0.0578125 0.0578125
2 0.7296875 0.17578125 0.059375 0.0640625
3 0.8390625 0.16875 0.078125 0.0625
2 0.3171875 0.19609375 0.0625 0.0640625
2 0.65859375 0.03125 0.0703125 0.059375
2 0.88359375 0.04765625 0.0609375 0.0546875
2 0.67265625 0.0375 0.0609375 0.05625
2 0.578125 0.0265625 0.053125 0.053125
2 0.903125 0.009375 0.065625 0.01875
2 0.69140625 0.0703125 0.0609375 0.059375
2 0.4171875 0.0703125 0.05625 0.06875
2 0.7796875 0.2671875 0.078125 0.065625
2 0.85859375 0.2078125 0.0671875 0.065625
2 0.83359375 0.35078125 0.0859375 0.0765625
2 0.58046875 0.2328125 0.0640625 0.05625
2 0.5875 0.13671875 0.075 0.0703125
2 0.56484375 0.1859375 0.0671875 0.05625
3 0.6671875 0.009375 0.05625 0.01875
2 0.35703125 0.20078125 0.0640625 0.0578125
2 0.33671875 0.15078125 0.0484375 0.0546875
2 0.37109375 0.12265625 0.0546875 0.0484375
2 0.49765625 0.2296875 0.0640625 0.065625
2 0.54375 0.45859375 0.071875 0.0609375
2 0.6421875 0.46328125 0.059375 0.0484375
2 0.51875 0.496875 0.078125 0.065625
2 0.45 0.47421875 0.078125 0.0609375
2 0.81953125 0.23046875 0.0671875 0.0578125
2 0.53359375 0.26640625 0.0609375 0.0546875
2 0.51796875 0.0859375 0.0796875 0.06875
2 0.76015625 0.38671875 0.0578125 0.0578125
2 0.8375 0.26328125 0.071875 0.0671875
2 0.40390625 0.10859375 0.0640625 0.0515625
2 0.31015625 0.25859375 0.0640625 0.0578125
2 0.3890625 0.27578125 0.06875 0.0640625
2 0.33515625 0.278125 0.0515625 0.05625
2 0.36015625 0.346875 0.0703125 0.0625
2 0.55703125 0.44140625 0.0546875 0.0578125
2 0.5234375 0.4203125 0.059375 0.05625