2 0.36875 0.36640625 0.06875 0.0578125
2 0.44765625 0.36953125 0.0609375 0.0640625
2 0.28984375 0.265625 0.0546875 0.05625
2 0.2765625 0.321875 0.06875 0.05625
3 0.33671875 0.39140625 0.0609375 0.0546875
2 0.3515625 0.40703125 0.053125 0.0515625
2 0.40234375 0.415625 0.0546875 0.05
2 0.3796875 0.4296875 0.075 0.06875
2 0.24140625 0.421875 0.0546875 0.05
2 0.2640625 0.35078125 0.065625 0.0640625
2 0.28515625 0.36640625 0.0546875 0.0484375
2 0.3421875 0.47421875 0.0625 0.0578125
2 0.17734375 0.553125 0.0703125 0.065625
2 0.209375 0.2984375 0.0625 0.053125
2 0.22421875 0.34296875 0.0546875 0.0546875
2 0.3109375 0.52890625 0.071875 0.0609375
2 0.2078125 0.7390625 0.08125 0.0625
2 0.22734375 0.771875 0.0609375 0.065625
2 0.2375 0.6578125 0.06875 0.0625
2 0.290625 0.65703125 0.065625 0.0609375
2 0.13515625 0.64765625 0.0578125 0.0578125
2 0.2546875 0.51171875 0.059375 0.0640625
3 0.3640625 0.5046875 0.078125 0.0625
2 0.18359375 0.3671875 0.0703125 0.059375
2 0.40859375 0.38359375 0.0609375 0.0546875
3 0.165625 0.29921875 0.059375 0.0578125
2 0.19765625 0.3734375 0.0609375 0.05625
2 0.103125 0.3625 0.053125 0.053125
2 0.428125 0.32421875 0.065625 0.0609375
2 0.21640625 0.40625 0.0609375 0.059375
2 0.3046875 0.603125 0.078125 0.065625
2 0.38359375 0.54375 0.0671875 0.065625
2 0.35859375 0.68671875 0.0859375 0.0765625
2 0.10546875 0.56875 0.0640625 0.05625
2 0.1125 0.47265625 0.075 0.0703125
2 0.08984375 0.521875 0.0671875 0.05625
3 0.1921875 0.328125 0.05625 0.053125
2 0.2828125 0.26640625 0.05625 0.0546875
2 0.09296875 0.2859375 0.0796875 0.06875
2 0.02734375 0.565625 0.0546875 0.065625
2 0.06875 0.79453125 0.071875 0.0609375
2 0.1671875 0.79921875 0.059375 0.0484375
2 0.04375 0.8328125 0.078125 0.065625
2 0.00703125 0.81015625 0.0140625 0.0609375
2 0.34453125 0.56640625 0.0671875 0.0578125
2 0.05859375 0.60234375 0.0609375 0.0546875
2 0.08125 0.3078125 0.071875 0.053125
2 0.04296875 0.421875 0.0796875 0.06875
2 0.28515625 0.72265625 0.0578125 0.0578125
2 0.3625 0.59921875 0.071875 0.0671875
2 0.08203125 0.77734375 0.0546875 0.0578125
2 0.0484375 0.75625 0.059375 0.05625
2 0.2421875 0.265625 0.0625 0.059375