2 0.36875 0.03046875 0.06875 0.0578125
2 0.44765625 0.03359375 0.0609375 0.0640625
2 0.2765625 0.00703125 0.06875 0.0140625
3 0.33671875 0.05546875 0.0609375 0.0546875
2 0.3515625 0.07109375 0.053125 0.0515625
2 0.40234375 0.0796875 0.0546875 0.05
2 0.3796875 0.09375 0.075 0.06875
2 0.24140625 0.0859375 0.0546875 0.05
2 0.2640625 0.0234375 0.065625 0.046875
2 0.28515625 0.03046875 0.0546875 0.0484375
2 0.3421875 0.13828125 0.0625 0.0578125
2 0.17734375 0.2171875 0.0703125 0.065625
2 0.22421875 0.0171875 0.0546875 0.034375
2 0.3109375 0.19296875 0.071875 0.0609375
2 0.2078125 0.403125 0.08125 0.0625
2 0.22734375 0.4359375 0.0609375 0.065625
2 0.2375 0.321875 0.06875 0.0625
2 0.290625 0.32109375 0.065625 0.0609375
2 0.13515625 0.31171875 0.0578125 0.0578125
2 0.2546875 0.17578125 0.059375 0.0640625
3 0.3640625 0.16875 0.078125 0.0625
2 0.18359375 0.03125 0.0703125 0.059375
2 0.40859375 0.04765625 0.0609375 0.0546875
2 0.19765625 0.0375 0.0609375 0.05625
2 0.103125 0.0265625 0.053125 0.053125
2 0.428125 0.009375 0.065625 0.01875
2 0.21640625 0.0703125 0.0609375 0.059375
2 0.3046875 0.2671875 0.078125 0.065625
2 0.38359375 0.2078125 0.0671875 0.065625
2 0.35859375 0.35078125 0.0859375 0.0765625
2 0.10546875 0.2328125 0.0640625 0.05625
2 0.1125 0.13671875 0.075 0.0703125
2 0.08984375 0.1859375 0.0671875 0.05625
3 0.1921875 0.009375 0.05625 0.01875
2 0.02734375 0.2296875 0.0546875 0.065625
2 0.06875 0.45859375 0.071875 0.0609375
2 0.1671875 0.46328125 0.059375 0.0484375
2 0.04375 0.496875 0.078125 0.065625
2 0.00703125 0.47421875 0.0140625 0.0609375
2 0.34453125 0.23046875 0.0671875 0.0578125
2 0.05859375 0.26640625 0.0609375 0.0546875
2 0.04296875 0.0859375 0.0796875 0.06875
2 0.28515625 0.38671875 0.0578125 0.0578125
2 0.3625 0.26328125 0.071875 0.0671875
2 0.08203125 0.44140625 0.0546875 0.0578125
2 0.0484375 0.4203125 0.059375 0.05625