2 0.84375 0.36640625 0.06875 0.0578125
2 0.92265625 0.36953125 0.0609375 0.0640625
2 0.76484375 0.265625 0.0546875 0.05625
2 0.7515625 0.321875 0.06875 0.05625
3 0.81171875 0.39140625 0.0609375 0.0546875
2 0.8265625 0.40703125 0.053125 0.0515625
2 0.87734375 0.415625 0.0546875 0.05
2 0.8546875 0.4296875 0.075 0.06875
2 0.71640625 0.421875 0.0546875 0.05
2 0.7390625 0.35078125 0.065625 0.0640625
2 0.76015625 0.36640625 0.0546875 0.0484375
2 0.8171875 0.47421875 0.0625 0.0578125
2 0.65234375 0.553125 0.0703125 0.065625
2 0.684375 0.2984375 0.0625 0.053125
2 0.69921875 0.34296875 0.0546875 0.0546875
2 0.7859375 0.52890625 0.071875 0.0609375
2 0.6828125 0.7390625 0.08125 0.0625
2 0.70234375 0.771875 0.0609375 0.065625
2 0.7125 0.6578125 0.06875 0.0625
2 0.41171875 0.78125 0.0765625 0.06875
2 0.765625 0.65703125 0.065625 0.0609375
2 0.61015625 0.64765625 0.0578125 0.0578125
2 0.7296875 0.51171875 0.059375 0.0640625
3 0.8390625 0.5046875 0.078125 0.0625
2 0.3171875 0.53203125 0.0625 0.0640625
2 0.65859375 0.3671875 0.0703125 0.059375
2 0.88359375 0.38359375 0.0609375 0.0546875
3 0.640625 0.29921875 0.059375 0.0578125
2 0.67265625 0.3734375 0.0609375 0.05625
2 0.578125 0.3625 0.053125 0.053125
2 0.903125 0.32421875 0.065625 0.0609375
2 0.69140625 0.40625 0.0609375 0.059375
2 0.4171875 0.40625 0.05625 0.06875
2 0.7796875 0.603125 0.078125 0.065625
2 0.85859375 0.54375 0.0671875 0.065625
2 0.83359375 0.68671875 0.0859375 0.0765625
2 0.58046875 0.56875 0.0640625 0.05625
2 0.5875 0.47265625 0.075 0.0703125
2 0.56484375 0.521875 0.0671875 0.05625
3 0.6671875 0.328125 0.05625 0.053125
2 0.7578125 0.26640625 0.05625 0.0546875
2 0.56796875 0.2859375 0.0796875 0.06875
2 0.35703125 0.53671875 0.0640625 0.0578125
2 0.33671875 0.48671875 0.0484375 0.0546875
2 0.37109375 0.45859375 0.0546875 0.0484375
2 0.49765625 0.565625 0.0640625 0.065625
2 0.54375 0.79453125 0.071875 0.0609375
2 0.6421875 0.79921875 0.059375 0.0484375
2 0.51875 0.8328125 0.078125 0.065625
2 0.45 0.81015625 0.078125 0.0609375
2 0.81953125 0.56640625 0.0671875 0.0578125
2 0.53359375 0.60234375 0.0609375 0.0546875
2 0.55625 0.3078125 0.071875 0.053125
2 0.51796875 0.421875 0.0796875 0.06875
2 0.76015625 0.72265625 0.0578125 0.0578125
2 0.8375 0.59921875 0.071875 0.0671875
2 0.40390625 0.44453125 0.0640625 0.0515625
2 0.31015625 0.59453125 0.0640625 0.0578125
2 0.3890625 0.61171875 0.06875 0.0640625
2 0.33515625 0.6140625 0.0515625 0.05625
2 0.36015625 0.6828125 0.0703125 0.0625
2 0.55703125 0.77734375 0.0546875 0.0578125
2 0.5234375 0.75625 0.059375 0.05625
2 0.7171875 0.265625 0.0625 0.059375