2 0.3913651 0.5173977 0.0235197 0.0400585
2 0.403125 0.522076 0.0256579 0.044152
2 0.2986842 0.5552632 0.0210526 0.0362573
2 0.2847039 0.525731 0.0269737 0.0444444
2 0.4277138 0.6975146 0.0284539 0.047076
2 0.4377467 0.7856725 0.0264803 0.0432749
2 0.3939145 0.8261696 0.0233553 0.0377193
2 0.2720395 0.672807 0.0226974 0.0415205
2 0.2867599 0.7062865 0.021875 0.0418129
2 0.3148026 0.7334795 0.0266447 0.0435673
2 0.4697368 0.3459064 0.0286184 0.0438596
2 0.5790296 0.4678363 0.0248355 0.045614
2 0.582977 0.4846491 0.0248355 0.0383041
2 0.5820724 0.5209064 0.0269737 0.0388889
2 0.4961349 0.5975146 0.0251645 0.0365497
2 0.4253289 0.605848 0.0276316 0.0397661
2 0.3722039 0.598538 0.0213816 0.0403509
2 0.401398 0.8527778 0.028125 0.0429825
2 0.4447368 0.9315789 0.0230263 0.0362573
2 0.3804276 0.8364035 0.025 0.0453216
2 0.4432566 0.8089181 0.0253289 0.0476608
2 0.2981908 0.844883 0.0315789 0.047076
2 0.2862664 0.7501462 0.0251645 0.0423977
2 0.3113487 0.7649123 0.0256579 0.0467836
2 0.3059211 0.7171053 0.0246711 0.0423977
2 0.3878289 0.4967836 0.0243421 0.0362573
2 0.2590461 0.3942982 0.0286184 0.0453216
2 0.3256579 0.2887427 0.0223684 0.0365497
2 0.3852796 0.2747076 0.0238487 0.0423977
4 0.4944079 0.9790936 0.0226974 0.0342105
2 0.2696546 0.6030702 0.0215461 0.0429825
2 0.2824013 0.6328947 0.0190789 0.0307018
4 0.3328947 0.7896199 0.0259868 0.0418129
4 0.3444079 0.7732456 0.0240132 0.0388889
4 0.3526316 0.7864035 0.0263158 0.0429825
2 0.3977796 0.8168129 0.0202303 0.0353801
2 0.298273 0.7283626 0.0291118 0.0403509
2 0.3474507 0.7343567 0.0291118 0.0418129
2 0.3617599 0.9140351 0.0271382 0.0444444
2 0.3840461 0.9137427 0.0305921 0.0450292
2 0.376727 0.9119883 0.0300987 0.0421053
2 0.3543586 0.9141813 0.028125 0.044152
2 0.3596217 0.7869883 0.0238487 0.0406433
2 0.3721217 0.8211988 0.0248355 0.0412281
4 0.3208059 0.7663743 0.0258224 0.0409357
2 0.2792763 0.5274854 0.0184211 0.028655
4 0.2594572 0.6682749 0.0231908 0.0429825
4 0.3691612 0.6201754 0.0245066 0.0362573
2 0.3504112 0.6236842 0.0241776 0.0426901
2 0.3878289 0.5995614 0.0246711 0.0347953
2 0.3902961 0.5865497 0.0226974 0.0356725
2 0.4354441 0.5197368 0.0215461 0.0394737
4 0.420477 0.5105263 0.0248355 0.0444444
2 0.3852796 0.2994152 0.0261513 0.0491228
2 0.4081414 0.3002924 0.0251645 0.0391813
2 0.3333059 0.3561404 0.0241776 0.0502924
2 0.3664474 0.526462 0.0220395 0.0359649
2 0.3820724 0.5182749 0.0246711 0.0400585
2 0.5379934 0.8862573 0.025 0.0432749
2 0.5273026 0.1652047 0.0292763 0.0438596
2 0.5036184 0.1704678 0.0220395 0.0421053
2 0.3970395 0.6447368 0.025 0.0362573
2 0.4054276 0.6814327 0.0233553 0.0394737
2 0.3929276 0.694883 0.0233553 0.0377193
3 0.5884868 0.3099415 0.0263158 0.0444444
2 0.6772204 0.2891813 0.0330592 0.0479532
2 0.6259868 0.2330409 0.0233553 0.045614
2 0.639227 0.2592105 0.0291118 0.0488304
4 0.5839638 0.2709064 0.028125 0.0453216
2 0.5446546 0.3729532 0.0235197 0.0400585
2 0.5489309 0.2704678 0.0245066 0.0444444
2 0.4986842 0.2697368 0.0256579 0.0359649
0 0.5102796 0.2877193 0.0294408 0.0549708
4 0.460773 0.2498538 0.0258224 0.0423977
2 0.4740132 0.3137427 0.0309211 0.0467836
2 0.4526316 0.321345 0.0273026 0.0385965
2 0.4782895 0.3725146 0.0256579 0.0426901
4 0.5229441 0.3681287 0.028125 0.0421053
2 0.4632401 0.1885965 0.0268092 0.0461988
2 0.5162007 0.1991228 0.0241776 0.0385965
2 0.4777961 0.1934211 0.0282895 0.0488304
4 0.5597039 0.2214912 0.0269737 0.0394737
4 0.5578947 0.2710526 0.0226974 0.0426901
2 0.5527138 0.3538012 0.0261513 0.0409357
2 0.5685033 0.3602339 0.0245066 0.0438596
4 0.4885691 0.3402047 0.0284539 0.044152
4 0.4879934 0.320614 0.0292763 0.044152
2 0.6152138 0.4207602 0.0225329 0.0415205
2 0.609375 0.4679825 0.0269737 0.0412281
0 0.620148 0.5090643 0.0228618 0.0497076
2 0.4310033 0.4592105 0.0189145 0.0359649
2 0.4696546 0.444152 0.0277961 0.0450292
2 0.5102796 0.4201754 0.0277961 0.051462
2 0.5308388 0.4046784 0.0287829 0.0444444
2 0.4744243 0.3527778 0.0274671 0.0388889
2 0.4662829 0.3967836 0.0259868 0.0380117
2 0.396875 0.4995614 0.0256579 0.0412281
2 0.4777961 0.4592105 0.0256579 0.047076
2 0.2985197 0.5207602 0.0233553 0.0403509
2 0.4109375 0.3565789 0.0254934 0.044152
4 0.3564145 0.3090643 0.0309211 0.0491228
2 0.4115954 0.3166667 0.028125 0.0444444
2 0.3535362 0.3413743 0.0231908 0.0359649
2 0.3641447 0.403655 0.025 0.0412281
2 0.3762336 0.4005848 0.0208882 0.0391813
2 0.429852 0.4326023 0.0231908 0.0342105
2 0.4320724 0.4592105 0.0309211 0.052924
2 0.3830592 0.4309942 0.0220395 0.0403509
2 0.3689145 0.430117 0.0220395 0.0391813
2 0.4723684 0.4980994 0.0240132 0.0418129
2 0.5108553 0.4812865 0.0236842 0.0368421
2 0.5167763 0.5535088 0.0240132 0.0374269
2 0.5763158 0.5400585 0.0289474 0.0432749
4 0.6027961 0.570614 0.0266447 0.0418129
4 0.6386513 0.5934211 0.0236842 0.0406433
2 0.6851151 0.5416667 0.0307566 0.055848
2 0.6819901 0.6744152 0.0238487 0.0394737
2 0.6400493 0.6817251 0.0235197 0.0342105
2 0.6074013 0.6121345 0.0253289 0.047076
2 0.6196546 0.6219298 0.0271382 0.045614
2 0.646875 0.7026316 0.0259868 0.045614
2 0.6181743 0.6896199 0.0291118 0.0418129
2 0.6052632 0.7225146 0.0256579 0.0385965
2 0.6074013 0.8099415 0.0253289 0.0444444
2 0.6092105 0.7650585 0.0269737 0.0447368
2 0.5797697 0.726462 0.0259868 0.0423977
2 0.5602796 0.6413743 0.0297697 0.0494152
4 0.5365954 0.6519006 0.0238487 0.0423977
2 0.5275493 0.628655 0.0251645 0.0444444
2 0.5990132 0.6624269 0.0263158 0.0435673
2 0.5941612 0.6885965 0.0277961 0.0426901
2 0.582977 0.6577485 0.0261513 0.0412281
4 0.5811678 0.6608187 0.0195724 0.0368421
2 0.557977 0.7077485 0.0254934 0.0394737
4 0.5223684 0.6994152 0.0207237 0.0415205
2 0.5205592 0.7612573 0.0246711 0.0400585
2 0.5858553 0.7837719 0.0279605 0.0435673
2 0.565625 0.7409357 0.0240132 0.0368421
2 0.5518914 0.775 0.0245066 0.0435673
2 0.5740954 0.8328947 0.0245066 0.0412281
4 0.5247533 0.7929825 0.0261513 0.045614
2 0.5150493 0.7815789 0.021875 0.0380117
2 0.484375 0.7859649 0.025 0.0403509
2 0.5041118 0.7019006 0.0246711 0.044152
2 0.4171053 0.6222222 0.0263158 0.0444444
2 0.365625 0.6057018 0.0223684 0.0423977
4 0.5133224 0.6027778 0.0226974 0.0418129
2 0.4933388 0.5646199 0.0264803 0.0421053
2 0.5116776 0.5906433 0.0279605 0.0461988
2 0.4422697 0.4817251 0.0207237 0.0371345
2 0.4737664 0.5261696 0.0241776 0.0406433
4 0.26875 0.5587719 0.0240132 0.0391813
2 0.4491776 0.6119883 0.0233553 0.0415205
2 0.4227796 0.6457602 0.0222039 0.0371345
4 0.5425164 0.6225146 0.0241776 0.0385965
2 0.4317434 0.672807 0.0217105 0.0380117
2 0.4581414 0.7049708 0.0235197 0.0385965
2 0.4463816 0.7152047 0.025 0.045614
2 0.453125 0.7407895 0.0240132 0.0435673
2 0.465625 0.7358187 0.0246711 0.0423977
2 0.4615132 0.7577485 0.0259868 0.0383041
2 0.4367599 0.7615497 0.0251645 0.0383041
2 0.4501645 0.7539474 0.0269737 0.0435673
2 0.4582237 0.796345 0.025 0.0482456
2 0.5133224 0.8384503 0.0236842 0.0423977
2 0.4321546 0.8217836 0.0254934 0.0406433
2 0.4661184 0.8888889 0.0236842 0.0374269
2 0.498602 0.9156433 0.0261513 0.0412281
4 0.4873355 0.9194444 0.0240132 0.0318713
2 0.426727 0.8540936 0.0258224 0.0450292
2 0.3985197 0.7666667 0.0253289 0.0444444
2 0.4651316 0.8660819 0.0269737 0.0461988
2 0.4653783 0.9172515 0.0264803 0.0421053
2 0.4789474 0.9185673 0.0220395 0.0353801
2 0.3833059 0.855117 0.0235197 0.0383041
2 0.3033717 0.6846491 0.0245066 0.0418129
2 0.2987664 0.6766082 0.0307566 0.048538
2 0.3003289 0.6475146 0.0309211 0.0453216
2 0.384375 0.7048246 0.0210526 0.0394737
2 0.3056743 0.6673977 0.0300987 0.0459064
2 0.3184211 0.6314327 0.0240132 0.044152
2 0.3918586 0.5494152 0.0271382 0.0374269
4 0.2842105 0.5716374 0.0243421 0.0391813
4 0.3604441 0.570614 0.0251645 0.0394737
4 0.3533717 0.5887427 0.0212171 0.0365497
2 0.2914474 0.6266082 0.0253289 0.0374269
2 0.3321546 0.6004386 0.0241776 0.0342105
2 0.3144737 0.5283626 0.0240132 0.0380117
2 0.348602 0.5188596 0.0261513 0.0412281
2 0.3416118 0.4861111 0.025 0.0406433
4 0.3538651 0.4245614 0.0268092 0.0403509
2 0.3299342 0.4912281 0.0253289 0.0368421
4 0.3114309 0.4871345 0.028125 0.0415205
2 0.3094572 0.4994152 0.0208882 0.0409357
2 0.3141447 0.4108187 0.0243421 0.0374269
2 0.2994243 0.4890351 0.0225329 0.0406433
2 0.2592105 0.473538 0.0286184 0.0400585
2 0.2902138 0.3998538 0.0258224 0.0447368
2 0.3550987 0.8027778 0.0236842 0.0377193
2 0.3877467 0.3400585 0.0258224 0.0415205
2 0.3755757 0.3571637 0.0228618 0.0371345
2 0.3490132 0.3597953 0.025 0.0394737
2 0.3469572 0.4115497 0.0268092 0.0447368
2 0.3511513 0.3763158 0.0236842 0.0356725
2 0.3239309 0.3653509 0.0264803 0.0482456
2 0.3596217 0.3881579 0.0241776 0.0400585
2 0.3157072 0.3831871 0.0264803 0.0464912
2 0.307977 0.3983918 0.021875 0.0435673
2 0.4911184 0.3850877 0.025 0.0432749
2 0.4705592 0.4165205 0.025 0.0476608
2 0.4958059 0.4078947 0.0277961 0.0438596
2 0.5149671 0.3878655 0.0263158 0.0429825
2 0.6015625 0.5143275 0.0271382 0.0432749
2 0.5567434 0.5976608 0.0266447 0.0450292
2 0.4661184 0.5421053 0.0276316 0.0473684
2 0.5806743 0.5869883 0.0271382 0.0459064
2 0.5907072 0.6109649 0.0274671 0.0429825
2 0.5784539 0.6358187 0.0302632 0.0488304
2 0.4729441 0.6201754 0.0261513 0.0432749
4 0.5078125 0.6277778 0.0248355 0.0444444
2 0.4891447 0.5782164 0.0223684 0.0406433
2 0.4891447 0.6140351 0.025 0.0374269
2 0.5123355 0.5805556 0.0230263 0.0365497
2 0.4138158 0.597807 0.0226974 0.0342105
2 0.4068257 0.5592105 0.0268092 0.0488304
2 0.4185033 0.5782164 0.0261513 0.0429825
4 0.4241776 0.5643275 0.0233553 0.0391813
2 0.4432566 0.5697368 0.0226974 0.0330409
2 0.4068257 0.6318713 0.0268092 0.0415205
4 0.4898026 0.652924 0.0226974 0.0374269
2 0.4944079 0.6928363 0.0217105 0.0435673
2 0.3856908 0.5561404 0.0266447 0.0374269
2 0.3708882 0.5663743 0.0266447 0.0397661
2 0.3375822 0.6176901 0.0245066 0.0423977
2 0.3430921 0.5524854 0.0233553 0.0377193
4 0.3270559 0.5907895 0.0222039 0.0342105
2 0.3034539 0.554386 0.0276316 0.0450292
2 0.3615954 0.5046784 0.021875 0.0385965
2 0.3403783 0.4497076 0.0241776 0.0385965
2 0.3483553 0.4733918 0.0273026 0.0444444
2 0.3384046 0.4292398 0.0271382 0.0438596
2 0.3467928 0.4625731 0.0271382 0.0438596
2 0.2899671 0.4508772 0.0210526 0.0397661
2 0.342023 0.5046784 0.0271382 0.0438596
2 0.3328947 0.5637427 0.0243421 0.0368421
2 0.2922697 0.5868421 0.0276316 0.0450292
2 0.2629934 0.5108187 0.0276316 0.0450292
2 0.2945724 0.6159357 0.0226974 0.0359649
2 0.3212993 0.5116959 0.0271382 0.0438596
2 0.2949013 0.4722222 0.025 0.0391813
2 0.2997533 0.4578947 0.0231908 0.0380117
2 0.3203125 0.4372807 0.0225329 0.0347953
2 0.2899671 0.6834795 0.0226974 0.0353801
2 0.3723684 0.7156433 0.0246711 0.0418129
4 0.2690789 0.7116959 0.0273026 0.0438596
2 0.3848684 0.7994152 0.0253289 0.0385965
2 0.3492599 0.7760234 0.0222039 0.0391813
2 0.3375822 0.6880117 0.0251645 0.0391813
2 0.3023849 0.6326023 0.0291118 0.0418129
2 0.3824013 0.7682749 0.0246711 0.0418129
4 0.3332237 0.744883 0.0246711 0.0388889
2 0.3379934 0.6519006 0.0233553 0.0318713
2 0.4064145 0.8359649 0.0233553 0.0368421
2 0.3907072 0.3230994 0.0274671 0.0415205
2 0.3403783 0.3859649 0.0212171 0.0380117
4 0.4238487 0.3040936 0.0210526 0.0362573
2 0.3797697 0.3739766 0.0230263 0.0374269
2 0.3703947 0.3402047 0.0243421 0.0406433
2 0.2618421 0.3650585 0.0286184 0.0453216
2 0.2641447 0.4665205 0.0223684 0.0418129
4 0.3621711 0.3173977 0.0286184 0.0453216
2 0.2478618 0.4141813 0.0286184 0.0453216
2 0.2463816 0.4942982 0.0286184 0.0453216
2 0.3116776 0.5453216 0.0217105 0.0403509
4 0.3639803 0.6633041 0.0213816 0.0418129
4 0.3525493 0.6934211 0.0291118 0.0418129
2 0.3694901 0.7255848 0.0291118 0.0418129
4 0.3532072 0.6741228 0.0291118 0.0418129
2 0.4221217 0.7214912 0.0248355 0.0388889
2 0.2774671 0.5437135 0.0200658 0.0336257
2 0.3926809 0.672807 0.0245066 0.0380117
2 0.4362664 0.648538 0.0238487 0.0403509
2 0.423602 0.6662281 0.0291118 0.0418129
2 0.3398026 0.9111111 0.0217105 0.0374269
2 0.3706414 0.8861111 0.0261513 0.0359649
2 0.3503289 0.8726608 0.0315789 0.047076
2 0.4335526 0.9065789 0.0273026 0.0388889
2 0.3748355 0.9163743 0.0233553 0.0397661
2 0.4519737 0.8611111 0.0263158 0.0397661
2 0.4080592 0.9134503 0.0315789 0.0461988
2 0.3957237 0.9127193 0.0315789 0.047076
2 0.4106908 0.9152047 0.0243421 0.0374269
2 0.398273 0.9077485 0.0274671 0.0412281
2 0.4251645 0.8859649 0.0236842 0.0380117
4 0.4172697 0.9143275 0.0233553 0.0397661
4 0.4525493 0.929386 0.0228618 0.0377193
2 0.4796053 0.9185673 0.0240132 0.0347953
4 0.4359375 0.9266082 0.0245066 0.0333333
2 0.476398 0.9156433 0.0274671 0.0406433
2 0.5220395 0.9112573 0.0292763 0.05
2 0.4512336 0.9160819 0.0297697 0.0403509
2 0.4836349 0.8435673 0.0245066 0.0397661
2 0.4181743 0.8019006 0.0241776 0.0406433
2 0.4183388 0.7752924 0.0294408 0.047076
2 0.4582237 0.8178363 0.0253289 0.0403509
2 0.4253289 0.7504386 0.0286184 0.0388889
2 0.479852 0.7135965 0.0215461 0.0312865
2 0.5955592 0.8748538 0.025 0.0432749
2 0.5449013 0.8263158 0.025 0.0432749
2 0.5412829 0.8812865 0.025 0.0432749
2 0.7239309 0.5603801 0.0307566 0.055848
2 0.6981086 0.4902047 0.0307566 0.055848
2 0.6888158 0.6486842 0.0279605 0.0447368
2 0.6442434 0.5795322 0.0266447 0.0421053
2 0.6466283 0.4614035 0.0238487 0.0362573
2 0.657648 0.4538012 0.0274671 0.0450292
2 0.6265625 0.4388889 0.0251645 0.0432749
4 0.6314967 0.4668129 0.0248355 0.0400585
0 0.617023 0.4282164 0.0307566 0.055848
2 0.5928454 0.4614035 0.0261513 0.0421053
2 0.6041941 0.4821637 0.0251645 0.0397661
2 0.7186678 0.4945906 0.0307566 0.055848
2 0.6731086 0.6612573 0.0254934 0.0406433
2 0.6540296 0.7346491 0.0268092 0.0488304
2 0.678125 0.6168129 0.0282895 0.0488304
2 0.4569901 0.4296784 0.0238487 0.0394737
2 0.4205592 0.4657895 0.0213816 0.0403509
2 0.4475329 0.5612573 0.0263158 0.0412281
2 0.495148 0.2175439 0.0268092 0.0461988
2 0.5009046 0.2502924 0.0268092 0.0461988
2 0.5278783 0.2035088 0.0268092 0.0461988
2 0.545477 0.2073099 0.0268092 0.0461988
3 0.5777138 0.2385965 0.0268092 0.0461988
2 0.5335526 0.2195906 0.0269737 0.045614
2 0.5749178 0.2546784 0.0268092 0.0461988
3 0.5740954 0.2634503 0.0268092 0.0461988
0 0.4879112 0.1994152 0.0268092 0.0461988
2 0.4810033 0.2472222 0.0320724 0.0505848
4 0.4907895 0.3336257 0.0223684 0.0397661
4 0.4936678 0.2837719 0.0320724 0.0505848
2 0.5500822 0.3349415 0.0235197 0.0400585
0 0.5620888 0.3024854 0.0235197 0.0400585
2 0.5328125 0.3428363 0.0235197 0.0400585
2 0.5509046 0.2916667 0.0235197 0.0400585
4 0.5382401 0.4001462 0.0235197 0.0400585
2 0.5668586 0.2945906 0.0235197 0.0400585
2 0.4890625 0.4288012 0.0235197 0.0400585
0 0.5619243 0.3957602 0.0235197 0.0400585
2 0.5994243 0.3320175 0.0235197 0.0400585
2 0.6314145 0.3312865 0.0230263 0.0391813
2 0.5540296 0.4203216 0.0231908 0.0406433
2 0.595477 0.3682749 0.0235197 0.0400585
0 0.5628289 0.4238304 0.0236842 0.0418129
0 0.5634046 0.4777778 0.0231908 0.0403509
2 0.5770559 0.4128655 0.0258224 0.0421053
2 0.5546875 0.4437135 0.0235197 0.0400585
2 0.4995888 0.4483918 0.0235197 0.0400585
2 0.5476151 0.4469298 0.0235197 0.0400585
2 0.5367599 0.4502924 0.0235197 0.0409357
0 0.5540296 0.4925439 0.0235197 0.0400585
0 0.5237664 0.4755848 0.0235197 0.0400585
2 0.4599507 0.4454678 0.0235197 0.0400585
2 0.5453125 0.4919591 0.0235197 0.0400585
0 0.5270559 0.502193 0.0235197 0.0400585
2 0.4459704 0.4638889 0.0235197 0.0400585
2 0.4444901 0.4548246 0.0235197 0.0400585
2 0.4623355 0.503655 0.0230263 0.0394737
2 0.4397204 0.4504386 0.0199013 0.0347953
4 0.4556743 0.4770468 0.0235197 0.0400585
2 0.4762336 0.5054094 0.0235197 0.0400585
2 0.3428454 0.6112573 0.0235197 0.0400585
2 0.5015625 0.5100877 0.0235197 0.0400585
2 0.5028783 0.5557018 0.0235197 0.0400585
2 0.4373355 0.5565789 0.0226974 0.0371345
2 0.4736842 0.5703216 0.0223684 0.0365497
2 0.4018914 0.6035088 0.0215461 0.0391813
2 0.3880757 0.3599415 0.0212171 0.0380117
2 0.3962171 0.447076 0.0213816 0.0391813
2 0.4441612 0.4125731 0.0208882 0.0385965
2 0.3647204 0.3701754 0.0212171 0.0380117
2 0.3934211 0.4188596 0.0213816 0.0394737
2 0.3695724 0.4622807 0.0213816 0.0380117
4 0.4060033 0.4652047 0.0212171 0.0380117
4 0.351727 0.4578947 0.0212171 0.0380117
2 0.3796875 0.4839181 0.0212171 0.0380117
2 0.3760691 0.4421053 0.0212171 0.0380117
2 0.3240954 0.4900585 0.0212171 0.0380117
2 0.4229441 0.4616959 0.0212171 0.0380117
2 0.2828125 0.5011696 0.0212171 0.0380117
4 0.3215461 0.5738304 0.0200658 0.0336257
2 0.3934211 0.6209064 0.0200658 0.0336257
2 0.3847039 0.6323099 0.0200658 0.0336257
2 0.2873355 0.4299708 0.025 0.0394737
2 0.2712993 0.396345 0.0241776 0.0383041
2 0.2717105 0.3834795 0.0286184 0.0453216
0 0.3050164 0.4166667 0.0238487 0.0391813
2 0.3272204 0.3961988 0.028125 0.0444444
2 0.303125 0.4434211 0.0246711 0.0388889
3 0.2772204 0.497076 0.0248355 0.0426901
4 0.3078125 0.5824561 0.0231908 0.0380117
2 0.3659539 0.5517544 0.0230263 0.0409357
2 0.3766447 0.6567251 0.0233553 0.0415205
2 0.2347862 0.6011696 0.021875 0.0380117
3 0.536102 0.2589181 0.0287829 0.0423977
0 0.5217105 0.2663743 0.025 0.0403509
4 0.5255757 0.2837719 0.0251645 0.0406433
2 0.3182566 0.5571637 0.0213816 0.0377193
2 0.2952303 0.5045322 0.0230263 0.0406433
2 0.3367599 0.5413743 0.0235197 0.0371345
2 0.3167763 0.8049708 0.0253289 0.0385965
2 0.3609375 0.7565789 0.0251645 0.0388889
2 0.3929276 0.7883041 0.0256579 0.0380117
2 0.4024671 0.7856725 0.0253289 0.0385965
2 0.4174342 0.6464912 0.0253289 0.0385965
2 0.3657895 0.8535088 0.0253289 0.0385965
2 0.3973684 0.7106725 0.0246711 0.0388889
2 0.3945724 0.7513158 0.0246711 0.0388889
2 0.41875 0.7785088 0.0246711 0.0388889
2 0.4246711 0.8602339 0.0253289 0.0385965
2 0.4247533 0.826462 0.0251645 0.0383041
2 0.3395559 0.8166667 0.0277961 0.0421053
2 0.4305099 0.9111111 0.0284539 0.0497076
2 0.4544408 0.9172515 0.0253289 0.0380117
2 0.3578947 0.8368421 0.0253289 0.0385965
2 0.4149671 0.8210526 0.0253289 0.0385965
2 0.4337171 0.8453216 0.0253289 0.0385965
2 0.4394737 0.8479532 0.0253289 0.0385965
2 0.3756579 0.9013158 0.0273026 0.0388889
2 0.3800164 0.8624269 0.0238487 0.0371345
2 0.5127467 0.9135965 0.0277961 0.0400585
2 0.4650493 0.9165205 0.0291118 0.0388889
4 0.4143914 0.9402047 0.0248355 0.0330409
2 0.5224507 0.9077485 0.0245066 0.0435673
2 0.4958059 0.8314327 0.0241776 0.0447368
2 0.4615954 0.8400585 0.0245066 0.0362573
2 0.4677632 0.8320175 0.025 0.0406433
2 0.4959704 0.7988304 0.0235197 0.0374269
2 0.4938322 0.805117 0.0294408 0.047076
2 0.4925164 0.9176901 0.0235197 0.0371345
2 0.5248355 0.7799708 0.0269737 0.0423977
2 0.5111842 0.7671053 0.025 0.0418129
4 0.5370888 0.798538 0.0235197 0.0415205
4 0.538898 0.7342105 0.0248355 0.0380117
2 0.5021382 0.7402047 0.0259868 0.0423977
2 0.4052632 0.7248538 0.0223684 0.0380117
2 0.4838816 0.6906433 0.0213816 0.0385965
2 0.4749178 0.724269 0.0274671 0.0461988
2 0.4939967 0.7217836 0.0235197 0.0353801
2 0.4879934 0.7093567 0.0210526 0.0374269
2 0.4573191 0.7239766 0.0238487 0.0380117
4 0.4698191 0.6919591 0.0235197 0.0406433
4 0.6006579 0.8233918 0.025 0.0432749
4 0.5672697 0.8450292 0.025 0.0432749
4 0.5791118 0.8915205 0.025 0.0432749
2 0.5965461 0.8078947 0.025 0.0432749
2 0.5901316 0.8315789 0.025 0.0432749
2 0.6134868 0.8356725 0.025 0.0432749
2 0.6394737 0.7567251 0.025 0.0432749
2 0.5925987 0.7923977 0.025 0.0432749
2 0.6014803 0.8660819 0.025 0.0432749
2 0.6292763 0.7760234 0.025 0.0432749
2 0.6338816 0.7273392 0.0253289 0.044152
0 0.5398849 0.9159357 0.0264803 0.0289474
2 0.5883224 0.7160819 0.025 0.0432749
2 0.5740132 0.7821637 0.025 0.0432749
2 0.6220395 0.8421053 0.025 0.0432749
2 0.5744243 0.5519006 0.0228618 0.0365497
2 0.6097862 0.5519006 0.0228618 0.0365497
4 0.6386513 0.549269 0.0240132 0.0406433
0 0.6119243 0.5244152 0.0228618 0.0365497
2 0.5331414 0.3173977 0.0235197 0.0400585
2 0.5535362 0.3097953 0.0235197 0.0400585
4 0.5078125 0.3802632 0.0235197 0.0400585
2 0.6356908 0.2918129 0.0263158 0.0444444
2 0.6371711 0.2643275 0.0263158 0.0444444
2 0.6141447 0.2321637 0.0263158 0.0444444
2 0.6416941 0.3209064 0.0235197 0.0400585
2 0.679523 0.4171053 0.0277961 0.0453216
2 0.6122533 0.350731 0.0235197 0.0400585
4 0.6775493 0.4577485 0.0235197 0.0400585
0 0.5907072 0.3852339 0.0235197 0.0400585
2 0.6290296 0.3846491 0.0235197 0.0400585
2 0.4362664 0.3973684 0.0208882 0.0385965
2 0.4022204 0.4497076 0.0208882 0.0391813
2 0.4172697 0.4339181 0.0223684 0.0450292
2 0.4564967 0.4016082 0.0241776 0.0435673
2 0.3569901 0.3609649 0.0208882 0.0394737
2 0.4007401 0.4093567 0.0208882 0.0385965
2 0.4615132 0.8966374 0.0273026 0.0435673
2 0.4712171 0.8384503 0.0269737 0.044152
2 0.4404605 0.9168129 0.0246711 0.0388889
2 0.5366776 0.6385965 0.0223684 0.0432749
2 0.5415296 0.6934211 0.0222039 0.0406433
2 0.5090461 0.6361111 0.0220395 0.0412281
2 0.4786184 0.6388889 0.0220395 0.0421053
0 0.4927632 0.6374269 0.0220395 0.0421053
2 0.4994243 0.671345 0.0241776 0.0438596
2 0.4319079 0.5830409 0.0263158 0.0415205
4 0.340625 0.5815789 0.0220395 0.0368421
2 0.4519737 0.5826023 0.0263158 0.0412281
2 0.4489309 0.5245614 0.0268092 0.0409357
2 0.4526316 0.5039474 0.0263158 0.0412281
2 0.4123355 0.5004386 0.0269737 0.0388889
2 0.4213816 0.5314327 0.0263158 0.0412281
2 0.5126645 0.4979532 0.0263158 0.0374269
4 0.5383224 0.5919591 0.0263158 0.0412281
2 0.5054276 0.553655 0.0263158 0.0412281
2 0.5380757 0.5214912 0.0261513 0.0412281
2 0.5802632 0.5580409 0.0263158 0.0412281
2 0.4058388 0.4219298 0.0208882 0.0385965
2 0.5193257 0.4216374 0.0208882 0.0385965
2 0.3671875 0.3906433 0.0208882 0.0345029
2 0.3810855 0.5396199 0.0256579 0.0412281
2 0.3770559 0.5023392 0.0215461 0.0397661
2 0.3557566 0.5105263 0.0203947 0.0362573
2 0.4391447 0.5931287 0.0226974 0.0324561
2 0.4485197 0.5774854 0.0226974 0.0333333
2 0.4436678 0.6707602 0.0241776 0.0391813
2 0.3709704 0.575 0.0241776 0.0377193
2 0.4556743 0.6377193 0.0241776 0.0391813
2 0.390625 0.8907895 0.0273026 0.0388889
2 0.4542763 0.9038012 0.0273026 0.0380117
2 0.3291941 0.9171053 0.0274671 0.0388889
2 0.2811678 0.4100877 0.0248355 0.0412281
2 0.3197368 0.369152 0.0286184 0.0453216
2 0.4050987 0.3754386 0.0210526 0.0385965
4 0.4359375 0.3090643 0.0208882 0.0385965
0 0.3959704 0.3649123 0.0208882 0.0385965
2 0.4441612 0.3692982 0.0208882 0.0385965
2 0.3988487 0.3292398 0.0263158 0.0403509
0 0.4339638 0.328655 0.0208882 0.0385965
2 0.385773 0.4070175 0.0208882 0.0385965
0 0.3323191 0.3988304 0.0208882 0.0385965
2 0.3686678 0.4777778 0.0208882 0.0385965
2 0.3257401 0.4307018 0.0208882 0.0385965
2 0.4287007 0.4959064 0.0212171 0.0391813
2 0.4314145 0.3853801 0.0203947 0.0391813
2 0.5177632 0.5400585 0.0240132 0.0374269
2 0.4935855 0.5321637 0.0240132 0.0374269
2 0.5606908 0.5157895 0.0273026 0.0438596
2 0.3164474 0.4625731 0.025 0.0409357
2 0.2905428 0.4548246 0.0254934 0.0353801
2 0.3228618 0.7054094 0.0246711 0.0388889
4 0.3580592 0.7118421 0.0246711 0.0388889
2 0.3179276 0.744883 0.0246711 0.0388889
2 0.4172697 0.6954678 0.0246711 0.0388889
2 0.3439145 0.702193 0.0246711 0.0388889
2 0.3763158 0.7907895 0.0246711 0.0388889
2 0.4778783 0.9095029 0.0248355 0.0400585
2 0.4264803 0.8666667 0.0286184 0.0432749
2 0.5039474 0.798538 0.0203947 0.0356725
2 0.5012336 0.7668129 0.0235197 0.0383041
2 0.4660362 0.7858187 0.0245066 0.0394737
2 0.4890625 0.8694444 0.0248355 0.0365497
4 0.5629934 0.8641813 0.025 0.0429825
2 0.5800987 0.8497076 0.025 0.0432749
2 0.5625 0.901462 0.025 0.0432749
2 0.6511513 0.7048246 0.0273026 0.0488304
2 0.6212993 0.7162281 0.0228618 0.044152
2 0.6586349 0.7141813 0.0268092 0.0488304
2 0.6112664 0.6932749 0.0271382 0.045614
2 0.6203125 0.6761696 0.0241776 0.0353801
2 0.5606086 0.6783626 0.0271382 0.045614
2 0.5726151 0.6777778 0.0271382 0.045614
2 0.5819901 0.7026316 0.0271382 0.045614
2 0.5699836 0.6366959 0.0271382 0.0447368
2 0.6216283 0.5904971 0.0222039 0.0406433
2 0.5504112 0.6333333 0.0271382 0.0461988
4 0.6185033 0.6347953 0.0271382 0.045614
2 0.6414474 0.5671053 0.0266447 0.0418129
2 0.5963816 0.5688596 0.0266447 0.0418129
2 0.6146382 0.5679825 0.0266447 0.0418129
2 0.7064145 0.6597953 0.0266447 0.0418129
0 0.6524671 0.5758772 0.0266447 0.0418129
2 0.6525493 0.5539474 0.0228618 0.0418129
3 0.6523026 0.5972222 0.0266447 0.0418129
2 0.6434211 0.644883 0.0266447 0.0418129
2 0.7082237 0.5866959 0.0266447 0.0418129
2 0.6811678 0.5239766 0.0300987 0.0479532
0 0.6550987 0.5092105 0.0266447 0.0418129
2 0.678125 0.5659357 0.0266447 0.0418129
0 0.6278783 0.4777778 0.0238487 0.0362573
0 0.6043586 0.4736842 0.0238487 0.0362573
2 0.6407072 0.4394737 0.0238487 0.0362573
2 0.6226974 0.4710526 0.0243421 0.0368421
4 0.6162829 0.4859649 0.0289474 0.0421053
0 0.5880757 0.4845029 0.0238487 0.0362573
0 0.5619243 0.4217836 0.0235197 0.0400585
2 0.6231086 0.4048246 0.0235197 0.0400585
2 0.5363487 0.4302632 0.0230263 0.0394737
2 0.5550164 0.4024854 0.0235197 0.0400585
2 0.607648 0.4057018 0.0235197 0.0400585
2 0.5964638 0.4062865 0.0235197 0.0400585
2 0.5092928 0.4624269 0.0235197 0.0400585
2 0.4913651 0.5005848 0.0235197 0.0397661
2 0.5104441 0.4331871 0.0235197 0.0400585
2 0.4425987 0.6068713 0.0226974 0.0342105
2 0.417352 0.5418129 0.0241776 0.0368421
2 0.4358553 0.6261696 0.0226974 0.0342105
2 0.4659539 0.5555556 0.025 0.0403509
0 0.5278783 0.5454678 0.0225329 0.0365497
2 0.4918586 0.5843567 0.0225329 0.0365497
2 0.4501645 0.6942982 0.0236842 0.0406433
2 0.4615132 0.6913743 0.0236842 0.0406433
2 0.4689145 0.8076023 0.0263158 0.0444444
2 0.4777138 0.7609649 0.0241776 0.0383041
2 0.4884046 0.7707602 0.0235197 0.0391813
2 0.3800987 0.677924 0.0246711 0.0388889
2 0.4409539 0.6864035 0.0246711 0.0388889
2 0.3998355 0.6595029 0.0246711 0.0388889
2 0.5124178 0.2359649 0.0268092 0.0461988
2 0.5612664 0.3296784 0.0235197 0.0400585
2 0.5587993 0.3872807 0.0235197 0.0400585
0 0.5503289 0.3744152 0.0233553 0.0400585
2 0.5939145 0.297807 0.0236842 0.0494152
2 0.6162829 0.3178363 0.0263158 0.0444444
2 0.6179276 0.2988304 0.0263158 0.0444444
2 0.6352796 0.3133041 0.0235197 0.0400585
2 0.6903783 0.3086257 0.0264803 0.0453216
2 0.6425164 0.3580409 0.0235197 0.0400585
2 0.5815789 0.8695906 0.025 0.0432749
2 0.5616776 0.804386 0.025 0.0432749
2 0.5735197 0.8052632 0.025 0.0432749
2 0.5148026 0.7388889 0.025 0.0432749
2 0.5222039 0.7134503 0.025 0.0432749
2 0.5521382 0.7646199 0.025 0.0432749
2 0.5963816 0.7388889 0.025 0.0432749
2 0.5876645 0.7476608 0.025 0.0432749
2 0.6266447 0.7538012 0.025 0.0432749
2 0.4745888 0.4055556 0.0208882 0.0391813
4 0.3777138 0.2935673 0.0245066 0.0421053
4 0.445148 0.3923977 0.0208882 0.0385965
2 0.5134868 0.5659357 0.0263158 0.0412281
2 0.5 0.544152 0.0259868 0.0409357
0 0.5442434 0.5557018 0.0263158 0.0412281
2 0.4615132 0.603655 0.0259868 0.0418129
2 0.4939967 0.4773392 0.0238487 0.0406433
0 0.4849507 0.480848 0.0235197 0.0400585
2 0.5010691 0.4188596 0.0235197 0.0400585
4 0.4591283 0.3263158 0.0208882 0.0391813
0 0.4796875 0.2692982 0.0208882 0.0385965
2 0.445477 0.3333333 0.0208882 0.0385965
2 0.4847862 0.5118421 0.0235197 0.0400585
2 0.3311678 0.4511696 0.0208882 0.0385965
2 0.4046875 0.4429825 0.0208882 0.0385965
2 0.3849507 0.451462 0.0208882 0.0385965
2 0.3570724 0.5394737 0.0259868 0.0374269
2 0.2669408 0.5872807 0.0200658 0.0336257
2 0.2513158 0.6668129 0.0230263 0.0400585
2 0.2396382 0.6998538 0.0246711 0.0388889
4 0.3379934 0.7238304 0.0246711 0.0388889
2 0.3288651 0.6371345 0.0245066 0.0391813
2 0.4220395 0.5501462 0.0246711 0.0388889
2 0.3140625 0.6855263 0.0248355 0.0383041
2 0.4151316 0.7419591 0.0246711 0.0388889
2 0.3445724 0.8625731 0.0253289 0.0385965
2 0.4177632 0.4017544 0.0263158 0.0426901
2 0.3384868 0.9178363 0.0282895 0.0368421
2 0.4065789 0.8872807 0.0273026 0.0388889
2 0.410773 0.9165205 0.0271382 0.0394737
2 0.4328947 0.6118421 0.0217105 0.0342105
2 0.4922697 0.5967836 0.0210526 0.0368421
2 0.4789474 0.5928363 0.0259868 0.0418129
2 0.5224507 0.444883 0.0235197 0.0400585
2 0.5436678 0.3369883 0.0235197 0.0400585
2 0.4960526 0.6482456 0.0220395 0.0421053
2 0.4893092 0.6704678 0.0220395 0.0421053
2 0.5099507 0.6599415 0.0215461 0.0421053
0 0.5230263 0.6694444 0.0220395 0.0412281
2 0.5345395 0.6752924 0.0220395 0.0412281
0 0.5429276 0.6846491 0.0220395 0.0412281
2 0.5464638 0.7454678 0.0254934 0.0394737
0 0.5379112 0.9225146 0.0228618 0.0274854
0 0.538898 0.7048246 0.0254934 0.0394737
2 0.4737664 0.8597953 0.0235197 0.0377193
2 0.4117599 0.8261696 0.0241776 0.0388889
2 0.540625 0.8128655 0.0286184 0.0432749
0 0.6591283 0.4404971 0.0235197 0.0400585
0 0.6410362 0.4334795 0.0235197 0.0400585
0 0.6487664 0.3884503 0.0235197 0.0400585
2 0.2503289 0.4267544 0.0286184 0.0453216
2 0.2705592 0.4564327 0.0263158 0.0415205
0 0.2763158 0.3922515 0.0286184 0.0453216
2 0.2824013 0.3638889 0.0286184 0.0453216
4 0.3407895 0.3065789 0.0286184 0.0453216
3 0.3527961 0.2884503 0.0286184 0.0453216
2 0.4129112 0.4736842 0.0238487 0.0391813
0 0.2509046 0.4406433 0.0238487 0.0391813
0 0.4502467 0.3657895 0.0208882 0.0385965
4 0.4351151 0.3590643 0.0208882 0.0385965
2 0.4188322 0.3716374 0.0208882 0.0385965
0 0.4494243 0.3637427 0.0208882 0.0391813
2 0.5097039 0.9192982 0.0220395 0.0345029
2 0.2972039 0.7418129 0.0226974 0.0362573
2 0.6245066 0.7982456 0.0269737 0.0432749
2 0.6314967 0.6488304 0.0271382 0.045614
2 0.6220395 0.2789474 0.0233553 0.045614
2 0.6087171 0.2605263 0.0233553 0.045614
2 0.4975329 0.8587719 0.025 0.0432749
2 0.6880757 0.3399123 0.0235197 0.0400585
0 0.5467928 0.2008772 0.0268092 0.0461988
0 0.5879112 0.3975146 0.0235197 0.0400585
2 0.5239309 0.3457602 0.0235197 0.0400585
2 0.5745888 0.4311404 0.0235197 0.0400585
0 0.6091283 0.4488304 0.0241776 0.0415205
2 0.5561678 0.4653509 0.0235197 0.0400585
2 0.5541941 0.480848 0.0235197 0.0400585
2 0.5222039 0.6595029 0.0220395 0.0412281
0 0.503125 0.6200292 0.0220395 0.0412281
2 0.5676809 0.6048246 0.028125 0.0464912
2 0.5844572 0.627193 0.0271382 0.045614
2 0.415625 0.8520468 0.0286184 0.0432749
2 0.4881579 0.5378655 0.0263158 0.0412281
2 0.4774671 0.5361111 0.0243421 0.0353801
0 0.5307566 0.5583333 0.0259868 0.0418129
2 0.5405428 0.4627193 0.0235197 0.0400585
2 0.3907072 0.3733918 0.0208882 0.0385965
2 0.4366776 0.7176901 0.0246711 0.0388889
2 0.3832237 0.7261696 0.0246711 0.0388889
2 0.2962171 0.6083333 0.0246711 0.0383041
2 0.4153783 0.904386 0.0271382 0.0426901
4 0.2828947 0.7211988 0.0273026 0.0388889
2 0.2799342 0.6823099 0.0276316 0.0383041
2 0.35 0.8469298 0.0273026 0.0388889
2 0.4721217 0.154386 0.0268092 0.0461988
2 0.425 0.3622807 0.0207237 0.0385965
2 0.3126645 0.6116959 0.0266447 0.0409357
2 0.2891447 0.5524854 0.0200658 0.0336257
2 0.6137336 0.8561404 0.0222039 0.0356725
2 0.4881579 0.7400585 0.0226974 0.0362573
2 0.4273026 0.7783626 0.0226974 0.0362573
2 0.5737664 0.8937135 0.021875 0.0353801
2 0.4384046 0.3508772 0.0208882 0.0385965
2 0.5770559 0.2872807 0.0235197 0.0400585
2 0.5884046 0.325 0.0235197 0.0400585
0 0.570148 0.3714912 0.0235197 0.0400585
2 0.623602 0.3744152 0.0235197 0.0400585
0 0.6216283 0.5302632 0.0228618 0.0365497
2 0.5882401 0.5410819 0.0228618 0.0365497
2 0.6145559 0.5276316 0.0228618 0.0365497
2 0.6463816 0.7416667 0.0266447 0.0418129
2 0.6465461 0.6188596 0.0266447 0.0418129
4 0.6713816 0.6331871 0.0266447 0.0418129
0 0.4248355 0.7324561 0.0226974 0.0362573
2 0.570477 0.4416667 0.0235197 0.0400585
2 0.6939145 0.6290936 0.0266447 0.0418129
2 0.2728618 0.6312865 0.0236842 0.0409357
2 0.5044408 0.8736842 0.0226974 0.0362573
2 0.4573191 0.369883 0.0208882 0.0391813
0 0.5176809 0.2561404 0.0268092 0.0461988
2 0.5515625 0.1567251 0.0268092 0.0461988
2 0.542352 0.2245614 0.0268092 0.0461988
2 0.5594572 0.1438596 0.0268092 0.0461988
2 0.4636513 0.2175439 0.0197368 0.0403509
2 0.5158717 0.3385965 0.0238487 0.0397661
2 0.5431743 0.5095029 0.0235197 0.0400585
2 0.5585526 0.5709064 0.0263158 0.0412281
2 0.7055099 0.3138889 0.0235197 0.0400585
0 0.6377467 0.3942982 0.0235197 0.0400585
2 0.6549342 0.6548246 0.0266447 0.0418129
0 0.3300987 0.3030702 0.0286184 0.0453216
2 0.5676809 0.1888889 0.0268092 0.0461988
0 0.5341283 0.2403509 0.0268092 0.0461988
2 0.5490954 0.7103801 0.0254934 0.0394737
2 0.4321546 0.6352339 0.0238487 0.0383041
0 0.398273 0.3944444 0.0208882 0.0385965
2 0.4550164 0.5517544 0.0238487 0.0391813
0 0.298273 0.4201754 0.0238487 0.0391813
2 0.4153783 0.4400585 0.0248355 0.0374269
2 0.4657072 0.655848 0.0241776 0.0391813
0 0.3230263 0.8498538 0.0273026 0.0388889
2 0.39375 0.879386 0.0273026 0.0388889
0 0.3210526 0.8378655 0.0273026 0.0394737
2 0.5450658 0.8950292 0.0217105 0.0339181
0 0.6698191 0.4944444 0.0238487 0.0362573
2 0.5757401 0.4982456 0.0238487 0.0362573
0 0.6555099 0.4921053 0.0238487 0.0362573
0 0.6526316 0.5252924 0.0266447 0.0418129
2 0.6473684 0.5194444 0.0266447 0.0418129
0 0.3615132 0.6121345 0.0246711 0.0388889
0 0.4296053 0.5188596 0.0246711 0.0388889
2 0.3280428 0.5744152 0.0231908 0.0412281
0 0.3925987 0.5761696 0.0246711 0.0388889
0 0.3960526 0.529386 0.0246711 0.0388889
2 0.3421053 0.577193 0.0233553 0.0391813
2 0.5803454 0.2210526 0.0268092 0.0461988
0 0.5926809 0.2385965 0.0268092 0.0461988
0 0.4862664 0.897076 0.0228618 0.0380117
0 0.5453125 0.2426901 0.0268092 0.0461988
