2 0.4141447 0.4567251 0.0269737 0.0444444
4 0.3104441 0.328655 0.0268092 0.0444444
2 0.5227796 0.319883 0.0268092 0.0444444
2 0.2918586 0.425731 0.0268092 0.0444444
2 0.467352 0.5312865 0.0268092 0.0444444
2 0.4678454 0.5593567 0.0268092 0.0444444
4 0.4631579 0.5747076 0.0266447 0.044152
2 0.6239309 0.5345029 0.0268092 0.0444444
2 0.4032072 0.4701754 0.0268092 0.0444444
2 0.4293586 0.4318713 0.0268092 0.0444444
2 0.4405428 0.4087719 0.0268092 0.0444444
4 0.4980263 0.4654971 0.0273026 0.0444444
2 0.5773849 0.5254386 0.0268092 0.0444444
2 0.6058388 0.5042398 0.0268092 0.044152
4 0.6084704 0.3830409 0.0268092 0.0444444
4 0.601727 0.4782164 0.0241776 0.0412281
2 0.6158717 0.4900585 0.0268092 0.0444444
2 0.613898 0.548538 0.0268092 0.0444444
2 0.6032072 0.455848 0.0268092 0.0444444
4 0.717352 0.3444444 0.0268092 0.0444444
2 0.5939967 0.3654971 0.0268092 0.0444444
2 0.5938322 0.3871345 0.0268092 0.0444444
2 0.3827303 0.1937135 0.0266447 0.0453216
0 0.4802632 0.2872807 0.0269737 0.0435673
2 0.409375 0.3178363 0.0273026 0.0438596
2 0.4227796 0.2181287 0.0268092 0.0444444
2 0.4365954 0.2106725 0.0264803 0.0453216
2 0.4339638 0.222807 0.0284539 0.0444444
4 0.467023 0.1815789 0.0264803 0.0444444
4 0.4109375 0.3602339 0.0268092 0.0432749
2 0.3453125 0.3064327 0.0268092 0.0444444
2 0.229523 0.2315789 0.0268092 0.0444444
2 0.2583059 0.2619883 0.0268092 0.0444444
2 0.4819901 0.030848 0.0268092 0.0289474
2 0.3755757 0.2181287 0.0268092 0.0444444
2 0.3504112 0.1953216 0.0268092 0.0444444
4 0.3678454 0.1833333 0.0268092 0.0444444
2 0.4301809 0.0274854 0.0268092 0.0222222
2 0.3147204 0.3611111 0.0268092 0.0444444
2 0.298602 0.4011696 0.0268092 0.0444444
4 0.2709704 0.4561404 0.0268092 0.0444444
4 0.2688322 0.4406433 0.0268092 0.0444444
2 0.2430099 0.402924 0.0268092 0.0444444
2 0.2321546 0.3818713 0.0268092 0.0444444
2 0.2359375 0.3549708 0.0268092 0.0444444
4 0.2847862 0.3538012 0.0268092 0.0444444
4 0.6731086 0.6040936 0.0268092 0.0444444
2 0.6323191 0.5818713 0.0268092 0.0444444
2 0.6620888 0.5716374 0.0268092 0.0444444
2 0.7056743 0.5795322 0.0268092 0.0444444
2 0.6255757 0.5748538 0.0268092 0.0444444
2 0.6306743 0.5549708 0.0268092 0.0444444
4 0.6122533 0.574269 0.0268092 0.0444444
2 0.6237664 0.5157895 0.0268092 0.0444444
4 0.6319901 0.5295322 0.0268092 0.0444444
2 0.6467928 0.4997076 0.0268092 0.0444444
2 0.6936678 0.5087719 0.0268092 0.0444444
2 0.6693257 0.5777778 0.0268092 0.0444444
2 0.6612664 0.5921053 0.0268092 0.0438596
2 0.5004112 0.3859649 0.0268092 0.0444444
2 0.6750822 0.5660819 0.0268092 0.0444444
2 0.5627467 0.6046784 0.0268092 0.0444444
2 0.5944901 0.6070175 0.0268092 0.0444444
2 0.5931743 0.5926901 0.0268092 0.0444444
2 0.6015625 0.5640351 0.0268092 0.0444444
2 0.4666118 0.6473684 0.0276316 0.0450292
2 0.5966283 0.6453216 0.0268092 0.0444444
2 0.6436678 0.6353801 0.0268092 0.0444444
4 0.6379112 0.6276316 0.0268092 0.0429825
2 0.6140625 0.6394737 0.0268092 0.0444444
2 0.6461349 0.6695906 0.0268092 0.0444444
2 0.5775493 0.6654971 0.0261513 0.0444444
0 0.5719572 0.6649123 0.0268092 0.0444444
2 0.5953125 0.6853801 0.0268092 0.0444444
2 0.5869243 0.6921053 0.0268092 0.0444444
2 0.5759046 0.7163743 0.0268092 0.0444444
2 0.5662007 0.698538 0.0268092 0.0444444
0 0.5490954 0.7099415 0.0268092 0.0444444
2 0.542023 0.7269006 0.0268092 0.0444444
2 0.5755757 0.7546784 0.0268092 0.0444444
2 0.4566612 0.7871345 0.0268092 0.0444444
2 0.6518914 0.7149123 0.0268092 0.0444444
0 0.6444901 0.6957602 0.0258224 0.0418129
4 0.6650493 0.7102339 0.0268092 0.0444444
2 0.6311678 0.702924 0.0268092 0.0444444
2 0.6250822 0.7461988 0.0268092 0.0444444
2 0.7752467 0.8418129 0.0268092 0.0444444
2 0.6375822 0.8076023 0.0268092 0.0444444
2 0.5194901 0.7611111 0.0268092 0.0444444
4 0.5259046 0.7596491 0.0268092 0.0444444
0 0.5882401 0.7576023 0.0268092 0.0444444
2 0.5936678 0.8076023 0.0268092 0.0444444
0 0.3990954 0.8114035 0.0268092 0.0444444
2 0.6071546 0.7675439 0.0268092 0.0444444
2 0.617023 0.7888889 0.0268092 0.0438596
2 0.6176809 0.8263158 0.0268092 0.0444444
4 0.667023 0.8479532 0.0268092 0.0444444
4 0.6629112 0.8599415 0.0258224 0.0444444
2 0.6594572 0.8546784 0.0268092 0.0444444
2 0.6446546 0.8592105 0.028125 0.0429825
4 0.6306743 0.8739766 0.0268092 0.0444444
2 0.6193257 0.8894737 0.0268092 0.0444444
2 0.6114309 0.9064327 0.0268092 0.0444444
2 0.6030428 0.8929825 0.0268092 0.0444444
2 0.7563322 0.7581871 0.0268092 0.0444444
2 0.570148 0.9362573 0.0268092 0.0444444
2 0.5974507 0.9479532 0.0268092 0.0374269
2 0.7229441 0.7976608 0.0268092 0.0444444
2 0.7484375 0.8564327 0.0268092 0.0444444
4 0.6790296 0.8163743 0.0268092 0.0444444
4 0.682648 0.8535088 0.0268092 0.0444444
2 0.6966283 0.8380117 0.0268092 0.0444444
2 0.715625 0.8093567 0.0266447 0.0444444
2 0.732977 0.8277778 0.0268092 0.0444444
2 0.7007401 0.7628655 0.0268092 0.0444444
2 0.6546875 0.7792398 0.0268092 0.0444444
2 0.6936678 0.8017544 0.0268092 0.0444444
2 0.6727796 0.7745614 0.0268092 0.0444444
2 0.6497533 0.7520468 0.0268092 0.0444444
2 0.6591283 0.75 0.0268092 0.0444444
4 0.6782072 0.7359649 0.0268092 0.0444444
2 0.6874178 0.7736842 0.0268092 0.0444444
2 0.6709704 0.7178363 0.0268092 0.0444444
4 0.6859375 0.6330409 0.0268092 0.0444444
2 0.7689967 0.721345 0.0268092 0.0444444
2 0.7370066 0.6824561 0.0266447 0.0444444
2 0.6696546 0.6790936 0.028125 0.0459064
2 0.6757401 0.7254386 0.0245066 0.0438596
4 0.6833059 0.7067251 0.0268092 0.0444444
2 0.6606086 0.7209064 0.0248355 0.0418129
2 0.6522204 0.6368421 0.0268092 0.0444444
4 0.6787007 0.6625731 0.0268092 0.0444444
4 0.6525493 0.6880117 0.0268092 0.0444444
4 0.7091283 0.6388889 0.0268092 0.0444444
4 0.6865954 0.644152 0.0268092 0.0444444
2 0.6762336 0.6269006 0.0268092 0.0444444
2 0.7007401 0.7038012 0.0268092 0.0444444
2 0.6658717 0.5590643 0.0268092 0.0444444
2 0.6564967 0.5140351 0.0268092 0.0444444
2 0.657977 0.5266082 0.0268092 0.0444444
4 0.7254112 0.6602339 0.0268092 0.0444444
4 0.7125 0.520614 0.0282895 0.047076
2 0.6150493 0.4538012 0.0268092 0.0444444
2 0.6839638 0.555848 0.0268092 0.0444444
4 0.6898849 0.5748538 0.0274671 0.045614
2 0.6824836 0.5839181 0.0268092 0.0444444
4 0.7341283 0.4736842 0.0268092 0.0444444
4 0.7094572 0.4777778 0.0268092 0.0444444
4 0.7109375 0.4997076 0.0268092 0.0415205
2 0.7183388 0.478655 0.0268092 0.0444444
2 0.7051809 0.4517544 0.0274671 0.0450292
2 0.6719572 0.4692982 0.0268092 0.0444444
2 0.7490954 0.3654971 0.0268092 0.0444444
2 0.6657072 0.4695906 0.0268092 0.0444444
2 0.6880757 0.3730994 0.0268092 0.0444444
2 0.6287007 0.4883041 0.0268092 0.0444444
2 0.6277138 0.4666667 0.0268092 0.0444444
2 0.6288651 0.4491228 0.0268092 0.0444444
2 0.6096217 0.4716374 0.0277961 0.0444444
2 0.6535362 0.4988304 0.0268092 0.0444444
4 0.6615954 0.4540936 0.0268092 0.0444444
2 0.6025493 0.4004386 0.0261513 0.0435673
2 0.673273 0.4283626 0.0268092 0.0444444
4 0.7276316 0.3649123 0.0273026 0.0438596
2 0.6068257 0.4190058 0.0268092 0.0444444
2 0.6209704 0.4336257 0.0268092 0.0444444
2 0.6969572 0.4023392 0.0268092 0.0444444
2 0.6590461 0.3346491 0.0266447 0.0429825
2 0.6808388 0.3967836 0.0274671 0.0432749
2 0.6694901 0.402924 0.0268092 0.0444444
2 0.6903783 0.4070175 0.0268092 0.0444444
2 0.7037007 0.4330409 0.0268092 0.0444444
2 0.707648 0.3627193 0.0268092 0.0453216
2 0.6675164 0.3371345 0.0268092 0.0444444
2 0.6615954 0.3672515 0.0268092 0.0444444
2 0.6752467 0.3856725 0.0268092 0.0444444
2 0.6349507 0.3584795 0.0268092 0.0444444
2 0.6334704 0.3377193 0.0268092 0.0444444
4 0.6171875 0.3687135 0.0268092 0.0444444
4 0.6124178 0.3406433 0.0271382 0.0450292
2 0.6522204 0.3090643 0.0268092 0.0450292
2 0.6433388 0.3038012 0.0268092 0.0444444
2 0.5842928 0.3309942 0.0268092 0.0444444
2 0.6262336 0.3330409 0.0268092 0.045614
2 0.6192434 0.3260234 0.0286184 0.0491228
2 0.6087993 0.3192982 0.0268092 0.0444444
4 0.604852 0.3561404 0.0287829 0.0444444
2 0.5453125 0.1660819 0.0268092 0.0444444
2 0.510773 0.1919591 0.0231908 0.0394737
4 0.5239309 0.194152 0.0231908 0.0345029
4 0.5185855 0.2011696 0.0233553 0.0391813
2 0.5350329 0.1929825 0.0230263 0.0473684
2 0.5608553 0.1845029 0.0269737 0.0438596
2 0.5354441 0.1872807 0.0238487 0.0377193
4 0.5509046 0.2099415 0.0268092 0.0444444
4 0.398602 0.2573099 0.0268092 0.0444444
2 0.4796875 0.2719298 0.0268092 0.0444444
2 0.5871711 0.0388889 0.0273026 0.0444444
2 0.267352 0.2821637 0.0268092 0.0444444
2 0.5499178 0.3269006 0.0261513 0.0444444
4 0.5449836 0.3026316 0.0268092 0.0450292
2 0.548602 0.2932749 0.0268092 0.0444444
2 0.5655428 0.319883 0.0268092 0.0444444
4 0.5499178 0.3599415 0.0268092 0.0444444
2 0.5180099 0.5105263 0.0277961 0.0421053
4 0.5791941 0.3694444 0.0268092 0.044152
2 0.5905428 0.3356725 0.0268092 0.0444444
2 0.5759046 0.3219298 0.0268092 0.0444444
2 0.5671875 0.3491228 0.0268092 0.0444444
4 0.5900493 0.2923977 0.0268092 0.0444444
2 0.6080592 0.3342105 0.0263158 0.0444444
2 0.6225329 0.3125731 0.0276316 0.0461988
2 0.6222862 0.2880117 0.0268092 0.0444444
4 0.6129112 0.2725146 0.0268092 0.0444444
4 0.5999178 0.2555556 0.0268092 0.0444444
2 0.6028783 0.2760234 0.0268092 0.0444444
4 0.5894737 0.2668129 0.0273026 0.0412281
2 0.5772204 0.0888889 0.0268092 0.0438596
4 0.5762336 0.2403509 0.0271382 0.0450292
4 0.5772204 0.2625731 0.0268092 0.0444444
4 0.5729441 0.2254386 0.0268092 0.0444444
4 0.5904605 0.2261696 0.0266447 0.0459064
4 0.5902138 0.2396199 0.0271382 0.0453216
4 0.5819079 0.2040936 0.0266447 0.0444444
2 0.5907072 0.1711988 0.0268092 0.0435673
4 0.5668586 0.1748538 0.0268092 0.0444444
4 0.5847039 0.1887427 0.0263158 0.0464912
2 0.604523 0.1459064 0.0268092 0.0444444
4 0.5848684 0.1611111 0.025 0.0444444
4 0.5941612 0.1361111 0.0271382 0.0447368
2 0.5844572 0.1614035 0.0268092 0.045614
2 0.5819901 0.1483918 0.0271382 0.044152
2 0.5569901 0.1681287 0.0268092 0.0438596
2 0.5344572 0.152924 0.0268092 0.0444444
4 0.5305921 0.1836257 0.0279605 0.0444444
2 0.4938322 0.1704678 0.0261513 0.0438596
4 0.5027138 0.1260234 0.0268092 0.0444444
4 0.5025493 0.1590643 0.0268092 0.0444444
4 0.4867599 0.1853801 0.0268092 0.0444444
4 0.479852 0.1567251 0.0268092 0.0444444
2 0.4727796 0.1692982 0.0274671 0.0461988
2 0.4739309 0.2 0.0268092 0.0444444
2 0.4936678 0.2309942 0.0268092 0.0444444
2 0.4590461 0.2106725 0.0273026 0.0453216
2 0.4486842 0.1861111 0.0263158 0.044152
2 0.4395559 0.195614 0.0268092 0.0444444
4 0.4568257 0.2225146 0.0268092 0.0444444
2 0.4740954 0.2236842 0.0268092 0.0444444
2 0.4447368 0.219883 0.025 0.0444444
2 0.4464638 0.2596491 0.0271382 0.0450292
4 0.573273 0.1349415 0.0254934 0.0453216
2 0.5872533 0.095614 0.0268092 0.0444444
4 0.6231086 0.1421053 0.0268092 0.0444444
4 0.6308388 0.1621345 0.0268092 0.047076
2 0.6421875 0.1625731 0.0268092 0.0444444
4 0.7 0.2983918 0.0266447 0.0447368
4 0.5997533 0.1973684 0.0268092 0.0444444
2 0.6537007 0.1868421 0.0268092 0.0444444
2 0.617352 0.171345 0.0268092 0.0444444
2 0.6375822 0.1725146 0.0251645 0.0444444
2 0.6622533 0.2017544 0.0268092 0.0444444
2 0.6574836 0.2134503 0.0268092 0.0444444
2 0.6314967 0.2083333 0.0268092 0.0453216
2 0.6240954 0.2163743 0.0271382 0.0444444
2 0.6347039 0.1959064 0.0276316 0.0444444
2 0.5458059 0.1026316 0.0268092 0.0444444
4 0.6094572 0.2397661 0.0268092 0.0444444
4 0.5991776 0.1185673 0.0266447 0.0453216
2 0.6038651 0.2204678 0.0268092 0.0444444
2 0.6334704 0.2312865 0.0268092 0.0444444
2 0.6413651 0.2298246 0.0268092 0.0444444
2 0.6550164 0.2207602 0.0271382 0.0444444
2 0.6490954 0.2157895 0.0268092 0.0444444
2 0.6629934 0.2396199 0.0282895 0.047076
2 0.6199836 0.2603801 0.0264803 0.0453216
2 0.6421875 0.2590643 0.0268092 0.0444444
2 0.6346217 0.2568713 0.0268092 0.0447368
2 0.6435033 0.2722222 0.0268092 0.0444444
2 0.6270559 0.2847953 0.0268092 0.0444444
4 0.6779605 0.2726608 0.0263158 0.0435673
2 0.6643914 0.2578947 0.0268092 0.0444444
2 0.6711349 0.298538 0.0268092 0.0444444
2 0.6486842 0.2862573 0.0263158 0.0450292
4 0.6708059 0.3236842 0.0261513 0.045614
2 0.6813322 0.3836257 0.0268092 0.0444444
2 0.685773 0.4105263 0.0268092 0.0444444
4 0.7208059 0.5327485 0.0268092 0.0444444
2 0.7283717 0.5944444 0.0268092 0.0444444
2 0.7010691 0.6605263 0.0268092 0.0444444
2 0.6722862 0.9061404 0.0268092 0.0444444
2 0.6467928 0.9160819 0.0268092 0.0444444
2 0.6290296 0.9461988 0.0268092 0.0444444
4 0.6237664 0.9777778 0.0268092 0.0444444
2 0.6083882 0.949269 0.0286184 0.0347953
2 0.6168586 0.8608187 0.0268092 0.0444444
2 0.5779605 0.9157895 0.0266447 0.0444444
2 0.5654605 0.9001462 0.0276316 0.0412281
0 0.570148 0.9023392 0.0268092 0.0444444
2 0.5727796 0.8587719 0.0268092 0.0444444
2 0.5064967 0.7842105 0.0268092 0.0444444
2 0.4941612 0.801462 0.0268092 0.0444444
4 0.5778783 0.6163743 0.0268092 0.0444444
2 0.5032072 0.6491228 0.0268092 0.0444444
2 0.4464638 0.6011696 0.0268092 0.0444444
2 0.567352 0.3761696 0.0271382 0.0447368
2 0.5539474 0.4578947 0.0266447 0.0444444
4 0.5685855 0.4725146 0.0273026 0.0444444
2 0.7819901 0.4546784 0.0268092 0.0444444
4 0.5852796 0.4663743 0.0274671 0.0438596
4 0.5648849 0.4836257 0.0268092 0.0444444
2 0.5341283 0.528655 0.0268092 0.0444444
4 0.5180099 0.3564327 0.0268092 0.0444444
4 0.5237664 0.3628655 0.0268092 0.0444444
2 0.5163651 0.3818713 0.0268092 0.0444444
2 0.5046875 0.3652047 0.0268092 0.0444444
2 0.5051809 0.3736842 0.0268092 0.0421053
4 0.4824836 0.4368421 0.0268092 0.0450292
2 0.4941612 0.3809942 0.0268092 0.0444444
2 0.536102 0.3508772 0.0268092 0.0444444
2 0.5356086 0.3804094 0.0268092 0.0444444
2 0.5311678 0.3581871 0.0268092 0.0444444
2 0.5058388 0.3359649 0.0268092 0.0444444
2 0.4930099 0.3447368 0.0268092 0.0444444
2 0.4882401 0.3488304 0.0268092 0.0444444
2 0.4632401 0.2748538 0.0268092 0.0444444
2 0.4782072 0.2991228 0.0268092 0.0444444
2 0.4774671 0.327193 0.0282895 0.0467836
4 0.4370888 0.3347953 0.0268092 0.0444444
2 0.4245888 0.3652047 0.0268092 0.0450292
2 0.4336349 0.3780702 0.0268092 0.0444444
2 0.4163651 0.2907895 0.0268092 0.0447368
4 0.4241776 0.3842105 0.0259868 0.0444444
4 0.421875 0.3967836 0.025 0.0409357
2 0.4250822 0.4631579 0.0268092 0.0444444
2 0.4208059 0.4374269 0.0268092 0.0444444
2 0.4130757 0.4296784 0.0268092 0.0429825
4 0.3872533 0.3739766 0.0268092 0.0444444
4 0.2925164 0.2204678 0.0268092 0.0444444
2 0.4522204 0.2476608 0.0274671 0.0438596
2 0.4293586 0.2461988 0.0268092 0.0444444
2 0.4424342 0.2399123 0.0279605 0.0418129
2 0.4344572 0.2330409 0.0264803 0.0444444
2 0.4123355 0.2426901 0.0269737 0.0444444
2 0.4120888 0.2274854 0.0268092 0.0444444
2 0.4127467 0.2616959 0.0268092 0.0444444
2 0.4258224 0.2967836 0.0266447 0.0444444
2 0.3931743 0.2533626 0.0284539 0.0464912
2 0.4058388 0.2380117 0.0268092 0.0444444
2 0.3926809 0.2187135 0.0268092 0.0444444
4 0.3828125 0.2459064 0.0268092 0.0444444
2 0.3721217 0.2789474 0.0268092 0.0444444
0 0.2609375 0.3245614 0.0268092 0.0444444
2 0.4275493 0.2830409 0.0268092 0.0444444
2 0.3430099 0.278655 0.0268092 0.0444444
2 0.3341283 0.3008772 0.0268092 0.0444444
2 0.3203125 0.2807018 0.0268092 0.0444444
2 0.363898 0.1479532 0.0268092 0.0444444
2 0.3311678 0.2096491 0.0268092 0.0444444
2 0.3327303 0.1429825 0.0273026 0.0438596
2 0.4221217 0.1929825 0.0268092 0.0444444
2 0.4134046 0.1435673 0.0268092 0.0444444
2 0.3724507 0.2040936 0.0268092 0.0444444
2 0.371875 0.1659357 0.025 0.0406433
2 0.3587993 0.1792398 0.0268092 0.0444444
2 0.3663651 0.295614 0.0268092 0.0444444
2 0.3750822 0.1385965 0.0268092 0.0444444
2 0.413898 0.0311404 0.0268092 0.0295322
2 0.4282072 0.0359649 0.0268092 0.0391813
2 0.3928454 0.1766082 0.0268092 0.0444444
2 0.3997533 0.1637427 0.0268092 0.0444444
2 0.3980263 0.2274854 0.0276316 0.0444444
2 0.3875822 0.1641813 0.0264803 0.0429825
2 0.4078125 0.1798246 0.0258224 0.0397661
2 0.404852 0.1982456 0.0268092 0.0432749
2 0.3958059 0.1453216 0.0268092 0.0444444
2 0.4208059 0.1660819 0.0268092 0.0444444
2 0.4304276 0.1833333 0.025 0.0421053
2 0.4631579 0.1678363 0.0273026 0.0444444
2 0.3979441 0.1369883 0.0274671 0.0459064
2 0.442352 0.1415205 0.0238487 0.0391813
2 0.4570724 0.177193 0.0263158 0.0450292
2 0.4615954 0.1328947 0.0271382 0.0453216
2 0.4717928 0.1339181 0.0268092 0.0444444
2 0.4823191 0.1330409 0.0268092 0.0444444
2 0.4953125 0.1005848 0.0268092 0.0426901
2 0.4895559 0.0479532 0.0268092 0.0444444
2 0.4630757 0.1288012 0.0268092 0.0429825
2 0.4550164 0.097076 0.0268092 0.0444444
2 0.451398 0.1032164 0.0268092 0.0444444
2 0.4530428 0.1274854 0.0268092 0.0444444
2 0.4405428 0.1122807 0.0268092 0.0444444
2 0.4359375 0.0988304 0.0268092 0.0444444
2 0.4334704 0.1254386 0.0268092 0.0444444
2 0.351727 0.0827485 0.0264803 0.0450292
2 0.4148849 0.1052632 0.0268092 0.0444444
2 0.4801809 0.0611111 0.0268092 0.0444444
2 0.4160362 0.0423977 0.0268092 0.0444444
2 0.260773 0.8111111 0.0268092 0.0444444
4 0.5374178 0.8116959 0.0268092 0.0444444
2 0.4112664 0.9277778 0.0268092 0.0444444
4 0.4362664 0.8745614 0.0268092 0.0444444
2 0.5033717 0.8766082 0.0268092 0.0444444
2 0.3930099 0.8932749 0.0268092 0.0444444
2 0.3585526 0.9381579 0.0246711 0.0400585
2 0.3469572 0.8540936 0.0268092 0.0444444
2 0.3219572 0.8754386 0.0268092 0.0444444
2 0.357648 0.8178363 0.0268092 0.0444444
4 0.3364309 0.8093567 0.0268092 0.0444444
2 0.4703125 0.0830409 0.0268092 0.0444444
2 0.3229441 0.8368421 0.0268092 0.0444444
2 0.2796875 0.8391813 0.0268092 0.0444444
2 0.2717928 0.8394737 0.0268092 0.0444444
4 0.2490954 0.8584795 0.0268092 0.0444444
4 0.3647204 0.8090643 0.0268092 0.0444444
2 0.1823191 0.7377193 0.0268092 0.0444444
2 0.3837171 0.3149123 0.0296053 0.0426901
2 0.248273 0.7245614 0.0268092 0.0444444
2 0.2117599 0.777193 0.0268092 0.0444444
2 0.198602 0.3557018 0.0264803 0.0488304
2 0.3711349 0.3476608 0.0268092 0.0444444
4 0.3497533 0.344152 0.0268092 0.0444444
2 0.2364309 0.319883 0.0268092 0.0444444
2 0.2247533 0.3309942 0.0268092 0.0444444
2 0.1777138 0.3593567 0.0268092 0.0444444
2 0.2990954 0.8391813 0.0268092 0.0444444
2 0.1976151 0.7938596 0.0268092 0.0444444
0 0.501398 0.5809942 0.0268092 0.0444444
2 0.2365954 0.9298246 0.0268092 0.0444444
4 0.2894737 0.8913743 0.0240132 0.0406433
2 0.3273849 0.9035088 0.0268092 0.0444444
2 0.157977 0.7508772 0.0268092 0.0444444
2 0.436102 0.8111111 0.0268092 0.0444444
2 0.3783717 0.9409357 0.0268092 0.0444444
4 0.3472862 0.8839181 0.0268092 0.0444444
0 0.6018092 0.9489766 0.0243421 0.0353801
2 0.4824836 0.3964912 0.0268092 0.0444444
2 0.4834704 0.4210526 0.0268092 0.0444444
2 0.4741776 0.397076 0.0279605 0.0444444
2 0.4737664 0.4944444 0.0268092 0.0444444
2 0.4823191 0.4375731 0.0268092 0.0388889
2 0.6475329 0.5239766 0.0273026 0.0438596
2 0.6219572 0.6644737 0.0271382 0.0453216
2 0.2597862 0.8298246 0.0268092 0.0444444
2 0.2244243 0.8204678 0.0268092 0.0444444
2 0.1703125 0.525731 0.0268092 0.0444444
4 0.3073191 0.7824561 0.0268092 0.0444444
2 0.3147204 0.7087719 0.0268092 0.0444444
2 0.3183388 0.4973684 0.0268092 0.0444444
2 0.2268914 0.4457602 0.0264803 0.044152
2 0.242023 0.4377193 0.0268092 0.0444444
2 0.2453947 0.372807 0.0266447 0.0450292
2 0.2375822 0.3032164 0.0268092 0.045614
4 0.2369243 0.2619883 0.0268092 0.0444444
2 0.2270559 0.2523392 0.0268092 0.0444444
2 0.2935033 0.2590643 0.0268092 0.0444444
2 0.2938322 0.2745614 0.0268092 0.0444444
2 0.3168586 0.2997076 0.0268092 0.0444444
2 0.357648 0.2628655 0.0268092 0.0444444
2 0.3157072 0.1450292 0.0268092 0.0444444
2 0.2933388 0.1251462 0.0268092 0.0444444
2 0.2862664 0.198538 0.0268092 0.0444444
2 0.267352 0.2070175 0.0264803 0.0444444
2 0.3449836 0.1251462 0.0268092 0.0444444
2 0.3770559 0.1111111 0.0268092 0.0444444
2 0.426727 0.0769006 0.0268092 0.0444444
2 0.4063322 0.0409357 0.0268092 0.0444444
2 0.3999178 0.0918129 0.0264803 0.0444444
2 0.417023 0.0340643 0.0241776 0.0353801
2 0.4587993 0.1128655 0.0268092 0.0444444
2 0.7538651 0.7292398 0.0268092 0.0444444
2 0.4640625 0.0725146 0.0268092 0.0444444
2 0.4564967 0.0497076 0.0268092 0.0444444
2 0.5367599 0.1672515 0.0268092 0.0444444
2 0.5135691 0.152924 0.0268092 0.0444444
2 0.5081414 0.1277778 0.0268092 0.0444444
2 0.5730263 0.1619883 0.0263158 0.0444444
2 0.5869243 0.1125731 0.0268092 0.0444444
2 0.554852 0.0312865 0.0268092 0.0298246
2 0.5308388 0.0260234 0.0268092 0.0192982
2 0.5535362 0.0526316 0.0268092 0.0444444
2 0.6458059 0.1497076 0.0264803 0.0444444
2 0.6712993 0.2438596 0.0268092 0.0444444
2 0.7106086 0.2447368 0.0268092 0.0444444
2 0.6856086 0.2584795 0.0268092 0.0444444
2 0.7015625 0.2497076 0.0268092 0.0444444
2 0.6836349 0.2967836 0.0268092 0.045614
4 0.6898849 0.3096491 0.0274671 0.045614
2 0.6773849 0.3438596 0.0297697 0.0426901
4 0.6921875 0.3266082 0.0274671 0.045614
4 0.7044408 0.3409357 0.0269737 0.0438596
2 0.7166941 0.3643275 0.0268092 0.0444444
4 0.7492599 0.3868421 0.0268092 0.0444444
2 0.6744243 0.3573099 0.0268092 0.0444444
2 0.734375 0.3864035 0.0269737 0.0435673
2 0.7532072 0.4362573 0.0268092 0.0444444
2 0.7430099 0.4830409 0.0268092 0.0444444
2 0.7431743 0.5090643 0.0268092 0.0438596
2 0.7390625 0.5011696 0.0268092 0.0444444
4 0.7296875 0.5330409 0.0268092 0.0444444
2 0.6974507 0.5365497 0.0268092 0.0444444
2 0.7472862 0.5611111 0.0268092 0.0444444
2 0.7055099 0.5523392 0.0268092 0.0444444
2 0.7348684 0.5501462 0.0273026 0.044152
2 0.736102 0.5694444 0.0261513 0.0447368
2 0.6939967 0.5564327 0.0268092 0.0444444
2 0.6810033 0.4891813 0.0264803 0.0432749
2 0.6893914 0.6137427 0.0268092 0.0444444
4 0.7120888 0.6530702 0.0268092 0.044152
2 0.7334704 0.6502924 0.0268092 0.0444444
4 0.6941612 0.7210526 0.0268092 0.0444444
4 0.1884046 0.3637427 0.0268092 0.0444444
4 0.2278783 0.4090643 0.0268092 0.0444444
2 0.295148 0.4991228 0.0268092 0.0444444
2 0.217352 0.5187135 0.0268092 0.0444444
2 0.1448191 0.5868421 0.0268092 0.0444444
2 0.2662007 0.7833333 0.0268092 0.0444444
2 0.2458059 0.7716374 0.0268092 0.0444444
2 0.2474507 0.7453216 0.0268092 0.0444444
2 0.2287007 0.7090643 0.0268092 0.0444444
2 0.2242599 0.7285088 0.0271382 0.0435673
2 0.2880757 0.8652047 0.0268092 0.0444444
4 0.3124178 0.8921053 0.0268092 0.0444444
4 0.3101151 0.8687135 0.0268092 0.0444444
2 0.1884046 0.8716374 0.0268092 0.0444444
2 0.2987664 0.5497076 0.0268092 0.0444444
2 0.442023 0.6292398 0.0268092 0.0444444
2 0.3709704 0.3780702 0.0268092 0.0444444
2 0.3699836 0.3953216 0.0268092 0.0444444
2 0.3023849 0.3505848 0.0268092 0.0444444
2 0.3217928 0.3219298 0.0268092 0.0444444
2 0.3963816 0.2877193 0.0273026 0.0438596
2 0.4222862 0.2581871 0.0268092 0.0444444
2 0.3864309 0.3964912 0.0268092 0.0444444
2 0.4053454 0.4108187 0.0268092 0.0444444
2 0.4752467 0.4226608 0.0277961 0.0453216
0 0.4875822 0.4736842 0.0268092 0.0444444
2 0.2847862 0.1666667 0.0268092 0.0444444
2 0.4006579 0.0459064 0.0269737 0.0444444
2 0.4242599 0.0467836 0.0268092 0.0444444
2 0.4134868 0.0649123 0.0263158 0.0438596
2 0.4959704 0.0780702 0.0268092 0.0444444
2 0.5112664 0.0549708 0.0268092 0.0444444
2 0.4775493 0.0520468 0.0268092 0.0444444
4 0.5676809 0.3707602 0.0268092 0.0444444
2 0.2979441 0.3880117 0.0268092 0.0444444
2 0.236102 0.1900585 0.0268092 0.0444444
4 0.2813322 0.1923977 0.0268092 0.0444444
2 0.414227 0.8383041 0.0268092 0.0444444
0 0.570477 0.9432749 0.0268092 0.0444444
2 0.4444901 0.8581871 0.0268092 0.0444444
0 0.3640625 0.9450292 0.0268092 0.0444444
2 0.3474507 0.944152 0.0268092 0.0444444
2 0.5336349 0.894152 0.0268092 0.0444444
2 0.5717928 0.9450292 0.0268092 0.0444444
2 0.5653783 0.4429825 0.0268092 0.0444444
4 0.573273 0.4590643 0.0268092 0.0444444
2 0.4768914 0.3660819 0.0268092 0.0444444
2 0.4375822 0.080117 0.0268092 0.0444444
4 0.4342928 0.0330409 0.0268092 0.0444444
2 0.5278783 0.1409357 0.0268092 0.0444444
2 0.5245888 0.1008772 0.0268092 0.0444444
2 0.5497533 0.1187135 0.0268092 0.0444444
2 0.5775493 0.1035088 0.0268092 0.0444444
2 0.7962993 0.4748538 0.0264803 0.0444444
2 0.6391447 0.3843567 0.0256579 0.0435673
2 0.6157072 0.4184211 0.0268092 0.0444444
2 0.6397204 0.4201754 0.0268092 0.0444444
4 0.6278783 0.8119883 0.0268092 0.0444444
2 0.6231086 0.6122807 0.0268092 0.0444444
2 0.745477 0.6888889 0.0268092 0.0444444
2 0.6174342 0.955117 0.0256579 0.0230994
0 0.5681743 0.9442982 0.0268092 0.0447368
2 0.6433388 0.9513158 0.0268092 0.0283626
2 0.7211349 0.9055556 0.0268092 0.0444444
2 0.6512336 0.9307018 0.0268092 0.0444444
2 0.6550164 0.9469298 0.0261513 0.0383041
2 0.7249178 0.9450292 0.0268092 0.0444444
2 0.7074836 0.8488304 0.0268092 0.0444444
2 0.7505757 0.7084795 0.0268092 0.0444444
2 0.7153783 0.5953216 0.0268092 0.0444444
2 0.273273 0.9461988 0.0268092 0.0444444
2 0.2564967 0.9584795 0.0238487 0.0251462
4 0.2787829 0.976462 0.0240132 0.0406433
4 0.2472039 0.9402047 0.0240132 0.0406433
2 0.2867599 0.6932749 0.0268092 0.0444444
2 0.1900493 0.7412281 0.0268092 0.0444444
2 0.2833059 0.5032164 0.0268092 0.0444444
2 0.2056743 0.4760234 0.0268092 0.0444444
2 0.1898849 0.469883 0.0268092 0.0444444
2 0.1640625 0.3923977 0.0268092 0.0444444
2 0.1933388 0.4283626 0.0268092 0.0444444
2 0.2586349 0.4017544 0.0268092 0.0444444
2 0.279852 0.3868421 0.0268092 0.0444444
2 0.2049342 0.3692982 0.0263158 0.0444444
2 0.1913651 0.3406433 0.0268092 0.0444444
2 0.1551809 0.3482456 0.0268092 0.0444444
2 0.2568257 0.3602339 0.0268092 0.0444444
2 0.254852 0.3406433 0.0268092 0.0444444
2 0.3370888 0.1251462 0.0268092 0.0444444
2 0.2957237 0.1849415 0.0263158 0.0447368
2 0.2566612 0.1926901 0.0268092 0.0444444
2 0.3283717 0.1538012 0.0268092 0.0444444
2 0.2487664 0.2149123 0.0268092 0.0461988
2 0.4169408 0.1337719 0.0273026 0.0453216
2 0.3491776 0.1450292 0.0276316 0.0438596
2 0.3102796 0.2435673 0.0268092 0.0444444
2 0.3581414 0.8935673 0.0268092 0.0444444
2 0.3821546 0.9450292 0.0268092 0.0444444
2 0.4788651 0.8052632 0.0268092 0.0444444
2 0.446875 0.3491228 0.0269737 0.0444444
2 0.5061678 0.0973684 0.0268092 0.0444444
2 0.4300164 0.1643275 0.0268092 0.0444444
2 0.3864309 0.3055556 0.0268092 0.0444444
2 0.4645559 0.325731 0.0268092 0.0444444
2 0.6221217 0.401462 0.0268092 0.0444444
4 0.5602796 0.6353801 0.0268092 0.0444444
2 0.5785362 0.2067251 0.0268092 0.0444444
2 0.5731086 0.0660819 0.0268092 0.0444444
2 0.770477 0.4625731 0.0268092 0.0444444
2 0.6800164 0.7564327 0.0268092 0.0444444
2 0.7507401 0.7611111 0.0268092 0.0444444
2 0.6911184 0.3435673 0.0266447 0.0461988
2 0.6475329 0.4138889 0.0256579 0.0435673
2 0.6507401 0.3665205 0.0258224 0.0435673
2 0.6425987 0.1883041 0.0266447 0.0444444
2 0.6499178 0.1681287 0.0268092 0.0444444
4 0.6217928 0.1266082 0.0268092 0.0444444
2 0.6384046 0.1225146 0.0268092 0.0444444
2 0.7214638 0.3744152 0.0268092 0.044152
2 0.7140625 0.3915205 0.0268092 0.0444444
2 0.7347862 0.4143275 0.0268092 0.0444444
2 0.7199836 0.427193 0.0268092 0.0444444
2 0.751727 0.6140351 0.0268092 0.0444444
4 0.723273 0.6046784 0.0268092 0.0444444
2 0.7226151 0.7084795 0.0268092 0.0444444
2 0.767352 0.6207602 0.0268092 0.0444444
2 0.5379112 0.1464912 0.0268092 0.0444444
2 0.5686678 0.147076 0.0268092 0.0444444
2 0.5527138 0.1111111 0.0268092 0.0444444
2 0.5879112 0.6695906 0.0268092 0.0444444
2 0.1640625 0.4608187 0.0268092 0.0444444
2 0.4895559 0.6614035 0.0268092 0.0444444
2 0.4252467 0.3318713 0.0268092 0.0444444
2 0.4972039 0.0342105 0.0263158 0.0356725
2 0.3518914 0.078655 0.0264803 0.0450292
2 0.2780428 0.2578947 0.0264803 0.0450292
2 0.542023 0.0385965 0.0268092 0.0444444
2 0.5073191 0.0385965 0.0268092 0.0444444
4 0.4596217 0.3397661 0.0268092 0.0444444
0 0.5818257 0.85 0.0268092 0.0444444
2 0.5810033 0.8777778 0.0268092 0.0444444
2 0.6612664 0.8814327 0.0277961 0.047076
2 0.6520559 0.8874269 0.0268092 0.0444444
0 0.645148 0.7622807 0.0268092 0.0444444
2 0.6250822 0.7663743 0.0268092 0.0444444
2 0.7060033 0.2730994 0.0268092 0.0444444
2 0.7351151 0.7473684 0.0268092 0.0444444
4 0.6903783 0.8219298 0.0268092 0.0444444
2 0.764227 0.8877193 0.0268092 0.0444444
0 0.4975329 0.4875731 0.0256579 0.0423977
2 0.6086349 0.7532164 0.0268092 0.0444444
2 0.3902138 0.1292398 0.0264803 0.0450292
2 0.1772204 0.3991228 0.0268092 0.0444444
2 0.2703125 0.1336257 0.0268092 0.0444444
2 0.3112664 0.8350877 0.0268092 0.0444444
2 0.3898849 0.7312865 0.0268092 0.0444444
2 0.2490954 0.6678363 0.0268092 0.0444444
2 0.4505757 0.0336257 0.0268092 0.0339181
2 0.3883224 0.0350877 0.0223684 0.0368421
2 0.3233553 0.0827485 0.0236842 0.0391813
2 0.4321546 0.3995614 0.0268092 0.0447368
2 0.5788651 0.0587719 0.0268092 0.0444444
0 0.5872533 0.7694444 0.0241776 0.0400585
2 0.7341283 0.347076 0.0268092 0.0444444
2 0.7211349 0.3312865 0.0268092 0.0444444
2 0.6994243 0.2862573 0.0268092 0.0444444
2 0.5459704 0.0459064 0.0268092 0.0444444
2 0.5831414 0.0763158 0.0271382 0.045614
2 0.6884046 0.9453216 0.0268092 0.0438596
2 0.7124178 0.9207602 0.0268092 0.0444444
4 0.6856086 0.8874269 0.0268092 0.0444444
2 0.7322368 0.7245614 0.0263158 0.0444444
0 0.7146382 0.6871345 0.0273026 0.0444444
4 0.7191612 0.6792398 0.0268092 0.0444444
2 0.7583059 0.6321637 0.0268092 0.0444444
2 0.7114309 0.5833333 0.0268092 0.0444444
4 0.763898 0.5435673 0.0268092 0.0444444
2 0.711102 0.4163743 0.0268092 0.0444444
2 0.7592928 0.555848 0.0268092 0.0444444
2 0.7395559 0.5464912 0.0268092 0.0444444
4 0.7374178 0.5333333 0.0268092 0.0444444
2 0.751398 0.5225146 0.0268092 0.0444444
2 0.7908717 0.5643275 0.0268092 0.0444444
2 0.7265625 0.4593567 0.0268092 0.0444444
2 0.7410362 0.4678363 0.0268092 0.0444444
2 0.7175164 0.2608187 0.0268092 0.0444444
2 0.6698191 0.2146199 0.0268092 0.0444444
4 0.6851151 0.245614 0.0268092 0.0444444
2 0.6459704 0.1236842 0.0268092 0.0444444
2 0.6765625 0.1959064 0.0268092 0.0444444
2 0.6926809 0.2222222 0.0268092 0.0444444
2 0.6433388 0.1944444 0.0268092 0.0444444
2 0.6598684 0.1640351 0.0269737 0.0444444
2 0.6061678 0.1690058 0.0268092 0.0444444
4 0.5377467 0.0342105 0.0222039 0.0467836
2 0.7211349 0.4023392 0.0268092 0.0444444
2 0.1841283 0.6871345 0.0268092 0.0444444
2 0.1574836 0.7090643 0.0268092 0.0444444
2 0.1987664 0.7064327 0.0268092 0.0444444
2 0.2046875 0.6932749 0.0268092 0.0444444
2 0.2183388 0.6634503 0.0268092 0.0444444
2 0.2819901 0.7042398 0.0268092 0.0447368
2 0.1930099 0.4997076 0.0268092 0.0444444
2 0.7152138 0.8918129 0.0268092 0.0444444
2 0.2685033 0.0921053 0.0268092 0.0444444
2 0.5824013 0.0380117 0.0223684 0.0368421
2 0.2834704 0.0716374 0.0264803 0.0450292
4 0.3429276 0.0739766 0.0223684 0.0368421
2 0.3257401 0.073538 0.0254934 0.0412281
4 0.3270559 0.1309942 0.0268092 0.0444444
2 0.3641447 0.0649123 0.0223684 0.0368421
2 0.5544408 0.0637427 0.0223684 0.0368421
2 0.4403783 0.3194444 0.0245066 0.0412281
2 0.6626645 0.1815789 0.0263158 0.0444444
2 0.748273 0.5011696 0.0268092 0.0444444
2 0.4033717 0.0328947 0.0235197 0.0330409
2 0.2976974 0.0660819 0.0269737 0.0421053
2 0.2629112 0.7116959 0.0268092 0.0444444
2 0.204523 0.7511696 0.0268092 0.0444444
0 0.2426809 0.5657895 0.0268092 0.0444444
0 0.2083059 0.3845029 0.0268092 0.0444444
2 0.251398 0.2482456 0.0268092 0.0444444
2 0.3198191 0.119152 0.0271382 0.0447368
2 0.3591283 0.1230994 0.0268092 0.0444444
4 0.2566612 0.1187135 0.0268092 0.0444444
2 0.317023 0.1789474 0.0268092 0.0444444
2 0.4744243 0.7321637 0.0268092 0.0444444
0 0.4592928 0.8964912 0.0268092 0.0444444
2 0.657648 0.1143275 0.0268092 0.0444444
2 0.632648 0.0426901 0.0268092 0.0444444
2 0.7102796 0.1233918 0.0268092 0.0444444
2 0.7071546 0.1959064 0.0268092 0.0444444
2 0.604852 0.0836257 0.0268092 0.0444444
2 0.6444901 0.1064327 0.0268092 0.0444444
2 0.6041941 0.0578947 0.0268092 0.0444444
2 0.5588816 0.0817251 0.0230263 0.0394737
2 0.5955592 0.0717836 0.0230263 0.0394737
2 0.6353618 0.0687135 0.0233553 0.0403509
2 0.3901316 0.0533626 0.0230263 0.0394737
2 0.5460526 0.0928363 0.0230263 0.0394737
2 0.5950658 0.0595029 0.0230263 0.0394737
2 0.4619243 0.9090643 0.0268092 0.0444444
2 0.7240954 0.2464912 0.0268092 0.0444444
2 0.7196546 0.3201754 0.0268092 0.0444444
2 0.7178454 0.204386 0.0268092 0.0444444
2 0.7466283 0.452924 0.0268092 0.0444444
2 0.7620888 0.5020468 0.0268092 0.0444444
2 0.7609375 0.5254386 0.0268092 0.0444444
2 0.7737664 0.7967836 0.0268092 0.0444444
2 0.7791941 0.8646199 0.0268092 0.0444444
2 0.75625 0.4498538 0.0236842 0.0400585
2 0.4875 0.9609649 0.0240132 0.0406433
2 0.2756579 0.7247076 0.0263158 0.0459064
2 0.6605263 0.9586257 0.0256579 0.0160819
2 0.6225329 0.0945906 0.0230263 0.0394737
2 0.6259046 0.0687135 0.0231908 0.0397661
2 0.7550164 0.4850877 0.0268092 0.0432749
2 0.826727 0.5383041 0.0268092 0.0444444
2 0.7523849 0.427193 0.0268092 0.0444444
2 0.7841283 0.5233918 0.0268092 0.0444444
2 0.7744243 0.4880117 0.0268092 0.0444444
2 0.7627467 0.4687135 0.0268092 0.0444444
0 0.5989309 0.9432749 0.0271382 0.045614
2 0.6842928 0.1172515 0.0268092 0.0444444
2 0.7416941 0.2251462 0.0268092 0.0444444
2 0.5699013 0.0378655 0.0230263 0.0394737
2 0.2854441 0.7631579 0.0268092 0.0444444
2 0.2415296 0.7011696 0.0268092 0.0444444
2 0.3068257 0.0964912 0.0268092 0.0444444
0 0.3887336 0.4241228 0.0212171 0.0342105
2 0.6116776 0.0394737 0.0266447 0.0438596
2 0.7027138 0.1754386 0.0268092 0.0444444
2 0.6306743 0.0561404 0.0268092 0.0444444
2 0.6622533 0.0891813 0.0268092 0.0444444
2 0.6436678 0.0871345 0.0268092 0.0444444
2 0.6831414 0.1339181 0.0268092 0.0444444
2 0.6477796 0.0719298 0.0268092 0.0444444
0 0.5165296 0.9450292 0.0268092 0.0444444
2 0.2506579 0.7548246 0.0269737 0.044152
0 0.2897204 0.2875731 0.0277961 0.044152
2 0.2847039 0.2381579 0.0273026 0.0453216
0 0.3315789 0.1785088 0.0273026 0.0453216
2 0.5970395 0.0371345 0.0253289 0.0415205
2 0.6310855 0.030848 0.0253289 0.0283626
2 0.7011513 0.1573099 0.0253289 0.0415205
2 0.6980263 0.1304094 0.0253289 0.0415205
2 0.7356908 0.1991228 0.0253289 0.0415205
4 0.8039474 0.5595029 0.0269737 0.044152
2 0.690625 0.0982456 0.0256579 0.0415205
2 0.6761513 0.1064327 0.0253289 0.0415205
2 0.6477796 0.0388889 0.0238487 0.0385965
0 0.7614309 0.6548246 0.0251645 0.0418129
0 0.7610197 0.4077485 0.025 0.0412281
0 0.7419408 0.5875731 0.025 0.0412281
0 0.8080592 0.4568713 0.025 0.0412281
0 0.229523 0.5725146 0.0268092 0.0444444
2 0.7101151 0.1523392 0.0268092 0.0444444
2 0.7629112 0.3061404 0.0231908 0.0385965
2 0.7224507 0.1605263 0.0268092 0.0444444
0 0.7949836 0.7466374 0.0258224 0.0377193
