1 0.4165296 0.4421053 0.0268092 0.0444444
1 0.3132401 0.2959064 0.0268092 0.0444444
2 0.5252467 0.3052632 0.0268092 0.0444444
1 0.2943257 0.4111111 0.0268092 0.0444444
1 0.4698191 0.5166667 0.0268092 0.0444444
2 0.4703125 0.5447368 0.0268092 0.0444444
1 0.465625 0.5600877 0.0266447 0.044152
1 0.626398 0.519883 0.0268092 0.0444444
1 0.4056743 0.4555556 0.0268092 0.0444444
1 0.4318257 0.4172515 0.0268092 0.0444444
1 0.4430099 0.394152 0.0268092 0.0444444
1 0.5034539 0.448538 0.0273026 0.0444444
1 0.579852 0.5108187 0.0268092 0.0444444
1 0.6083059 0.4896199 0.0268092 0.044152
1 0.6140625 0.3672515 0.0268092 0.0444444
1 0.6018914 0.4662281 0.0241776 0.0412281
1 0.6183388 0.4754386 0.0268092 0.0444444
1 0.6163651 0.5339181 0.0268092 0.0444444
1 0.6056743 0.4412281 0.0268092 0.0444444
1 0.7168586 0.3263158 0.0268092 0.0444444
1 0.5964638 0.3508772 0.0268092 0.0444444
1 0.6032072 0.3751462 0.0268092 0.0444444
1 0.3851974 0.1790936 0.0266447 0.0453216
0 0.4827303 0.2726608 0.0269737 0.0435673
1 0.4150493 0.3245614 0.0268092 0.0444444
1 0.4245888 0.2026316 0.0268092 0.0444444
1 0.4390625 0.1954678 0.0264803 0.0453216
0 0.4370066 0.2081871 0.0273026 0.0444444
1 0.4694901 0.1669591 0.0268092 0.0444444
1 0.4137336 0.3511696 0.0268092 0.0444444
1 0.3477796 0.2918129 0.0268092 0.0444444
1 0.2319901 0.2169591 0.0268092 0.0444444
1 0.2655428 0.2479532 0.0268092 0.0444444
1 0.4844572 0.0144737 0.0268092 0.0289474
1 0.3780428 0.2035088 0.0268092 0.0444444
1 0.3589638 0.1964912 0.0268092 0.0444444
1 0.3658717 0.1745614 0.0268092 0.0444444
1 0.432648 0.0111111 0.0268092 0.0222222
1 0.3222862 0.3497076 0.0268092 0.0444444
1 0.3010691 0.3865497 0.0268092 0.0444444
1 0.2793586 0.4423977 0.0268092 0.0444444
1 0.2755757 0.4070175 0.0268092 0.0444444
1 0.2520559 0.3874269 0.0268092 0.0444444
1 0.2375822 0.3754386 0.0268092 0.0444444
1 0.245477 0.3459064 0.0268092 0.0444444
1 0.2944901 0.3266082 0.0268092 0.0444444
1 0.6721217 0.598538 0.0268092 0.0444444
1 0.6347862 0.5672515 0.0268092 0.0444444
1 0.6645559 0.5570175 0.0268092 0.0444444
1 0.7081414 0.5649123 0.0268092 0.0444444
1 0.6282072 0.5596491 0.0268092 0.0444444
1 0.6293586 0.5377193 0.0268092 0.0444444
1 0.6147204 0.5596491 0.0268092 0.0444444
1 0.6262336 0.5011696 0.0268092 0.0444444
1 0.638898 0.5119883 0.0268092 0.0444444
1 0.6492599 0.4850877 0.0268092 0.0444444
1 0.6961349 0.494152 0.0268092 0.0444444
1 0.6717928 0.5631579 0.0268092 0.0444444
1 0.6637336 0.5777778 0.0268092 0.0444444
1 0.5028783 0.371345 0.0268092 0.0444444
1 0.6775493 0.551462 0.0268092 0.0444444
1 0.5652138 0.5900585 0.0268092 0.0444444
1 0.5969572 0.5923977 0.0268092 0.0444444
1 0.5872533 0.572807 0.0268092 0.0444444
1 0.6040296 0.5494152 0.0268092 0.0444444
1 0.4700658 0.625731 0.0276316 0.0450292
1 0.5990954 0.6307018 0.0268092 0.0444444
1 0.6439967 0.6190058 0.0268092 0.0444444
1 0.6403783 0.6122807 0.0268092 0.0444444
1 0.6165296 0.6248538 0.0268092 0.0444444
1 0.648602 0.6549708 0.0268092 0.0444444
1 0.5796875 0.6508772 0.0268092 0.0444444
0 0.5744243 0.6502924 0.0268092 0.0444444
1 0.5977796 0.6707602 0.0268092 0.0444444
1 0.5893914 0.6774854 0.0268092 0.0444444
1 0.5783717 0.7017544 0.0268092 0.0444444
1 0.5686678 0.6839181 0.0268092 0.0444444
0 0.5515625 0.6953216 0.0268092 0.0444444
1 0.5563322 0.7116959 0.0268092 0.0444444
1 0.5780428 0.7400585 0.0268092 0.0444444
1 0.4553454 0.7760234 0.0268092 0.0444444
1 0.6543586 0.7002924 0.0268092 0.0444444
0 0.6469572 0.6811404 0.0258224 0.0418129
1 0.6647204 0.6877193 0.0268092 0.0444444
1 0.6336349 0.6883041 0.0268092 0.0444444
1 0.6275493 0.7315789 0.0268092 0.0444444
0 0.5958059 0.745614 0.0268092 0.0444444
1 0.6400493 0.7929825 0.0268092 0.0444444
1 0.5219572 0.7464912 0.0268092 0.0444444
1 0.5341283 0.745614 0.0268092 0.0444444
0 0.5907072 0.7429825 0.0268092 0.0444444
1 0.5966283 0.7818713 0.0268092 0.0444444
0 0.4015625 0.7967836 0.0268092 0.0444444
1 0.6168586 0.7634503 0.0268092 0.0444444
1 0.6158717 0.7701754 0.0268092 0.0438596
2 0.620148 0.8116959 0.0268092 0.0444444
1 0.6765625 0.8464912 0.0268092 0.0444444
1 0.6688322 0.8324561 0.0258224 0.0444444
1 0.6619243 0.8400585 0.0268092 0.0444444
1 0.6425164 0.8426901 0.0268092 0.0444444
1 0.6323191 0.855848 0.0268092 0.0444444
1 0.6217928 0.8748538 0.0268092 0.0444444
1 0.613898 0.8918129 0.0268092 0.0444444
1 0.6055099 0.8783626 0.0268092 0.0444444
1 0.7587993 0.7435673 0.0268092 0.0444444
1 0.5726151 0.921345 0.0268092 0.0444444
1 0.5999178 0.9777778 0.0268092 0.0374269
1 0.7254112 0.7830409 0.0268092 0.0444444
0 0.6759046 0.7950292 0.0268092 0.0444444
1 0.6814967 0.8017544 0.0268092 0.0444444
1 0.6928454 0.8391813 0.0268092 0.0444444
1 0.6990954 0.8233918 0.0268092 0.0444444
1 0.7180921 0.7947368 0.0266447 0.0444444
1 0.7314967 0.8184211 0.0268092 0.0444444
1 0.7032072 0.7482456 0.0268092 0.0444444
1 0.6571546 0.7646199 0.0268092 0.0444444
1 0.6969572 0.7883041 0.0268092 0.0444444
1 0.6752467 0.7599415 0.0268092 0.0444444
1 0.6522204 0.7374269 0.0268092 0.0444444
1 0.6615954 0.7353801 0.0268092 0.0444444
1 0.679852 0.727193 0.0268092 0.0444444
1 0.6898849 0.7590643 0.0268092 0.0444444
1 0.6734375 0.7032164 0.0268092 0.0444444
1 0.6847862 0.6105263 0.0268092 0.0444444
1 0.7630757 0.7070175 0.0268092 0.0444444
1 0.735773 0.6704678 0.0268092 0.0444444
1 0.6721217 0.6644737 0.028125 0.0459064
1 0.6784539 0.7108187 0.025 0.0444444
1 0.679523 0.6921053 0.0268092 0.0444444
1 0.6630757 0.7062865 0.0248355 0.0418129
1 0.6546875 0.6222222 0.0268092 0.0444444
1 0.6787007 0.6385965 0.0268092 0.0444444
1 0.6592928 0.6704678 0.0268092 0.0444444
1 0.7140625 0.6201754 0.0268092 0.0444444
1 0.6890625 0.6295322 0.0268092 0.0444444
1 0.6787007 0.6122807 0.0268092 0.0444444
1 0.6958059 0.6818713 0.0268092 0.0444444
1 0.6716283 0.5391813 0.0268092 0.0444444
1 0.6589638 0.4994152 0.0268092 0.0444444
1 0.6604441 0.5119883 0.0268092 0.0444444
1 0.7257401 0.6359649 0.0268092 0.0444444
1 0.7148026 0.5052632 0.0282895 0.0467836
1 0.6175164 0.4391813 0.0268092 0.0444444
1 0.6864309 0.5412281 0.0268092 0.0444444
1 0.6939967 0.5684211 0.0268092 0.0444444
1 0.6791941 0.5792398 0.0268092 0.0444444
1 0.7311678 0.4590643 0.0268092 0.0444444
1 0.7165296 0.469883 0.0268092 0.0444444
1 0.7222862 0.4809942 0.0268092 0.0415205
1 0.7208059 0.4640351 0.0268092 0.0444444
1 0.7073191 0.4368421 0.0268092 0.0444444
1 0.6811678 0.448538 0.0268092 0.0444444
0 0.6870888 0.4549708 0.0268092 0.0444444
1 0.6681743 0.4549708 0.0268092 0.0444444
1 0.6828125 0.3573099 0.0268092 0.0444444
1 0.6303454 0.4675439 0.0268092 0.0444444
1 0.6301809 0.4520468 0.0268092 0.0444444
1 0.6313322 0.4345029 0.0268092 0.0444444
1 0.6125822 0.4570175 0.0268092 0.0444444
1 0.6560033 0.4842105 0.0268092 0.0444444
1 0.667352 0.4280702 0.0268092 0.0444444
1 0.6114309 0.3907895 0.0261513 0.0435673
1 0.6757401 0.4137427 0.0268092 0.0444444
1 0.7266447 0.344152 0.0273026 0.0438596
1 0.6092928 0.404386 0.0268092 0.0444444
1 0.6234375 0.4190058 0.0268092 0.0444444
1 0.6994243 0.3877193 0.0268092 0.0444444
1 0.6615132 0.3200292 0.0266447 0.0429825
1 0.682977 0.3827485 0.0268092 0.0444444
1 0.6719572 0.3883041 0.0268092 0.0444444
1 0.6928454 0.3923977 0.0268092 0.0444444
1 0.7061678 0.4184211 0.0268092 0.0444444
1 0.7099507 0.348538 0.0268092 0.0444444
1 0.6699836 0.3225146 0.0268092 0.0444444
1 0.6640625 0.3526316 0.0268092 0.0444444
1 0.6777138 0.3710526 0.0268092 0.0444444
1 0.6374178 0.3447368 0.0268092 0.0444444
1 0.6359375 0.3230994 0.0268092 0.0444444
1 0.6254112 0.3546784 0.0268092 0.0444444
1 0.6209704 0.330117 0.0268092 0.0444444
1 0.6546875 0.2944444 0.0268092 0.0450292
1 0.6458059 0.2891813 0.0268092 0.0444444
1 0.5885691 0.3216374 0.0268092 0.0444444
1 0.6287007 0.3178363 0.0268092 0.0444444
1 0.6226151 0.3090643 0.0268092 0.0444444
1 0.6112664 0.3046784 0.0268092 0.0444444
1 0.6053454 0.3314327 0.0287829 0.0447368
1 0.5477796 0.151462 0.0268092 0.0444444
1 0.5196546 0.1837719 0.0231908 0.0388889
1 0.5149671 0.1957602 0.0236842 0.0383041
1 0.526398 0.1795322 0.0231908 0.0345029
1 0.5277961 0.2055556 0.0233553 0.0397661
1 0.5393914 0.1792398 0.0245066 0.0467836
1 0.5633224 0.169883 0.0269737 0.0438596
1 0.5112664 0.1657895 0.0261513 0.0438596
1 0.5379112 0.1725146 0.0238487 0.0380117
1 0.5617599 0.1973684 0.0268092 0.0444444
1 0.4040296 0.252924 0.0268092 0.0444444
1 0.4821546 0.2573099 0.0268092 0.0444444
0 0.4916118 0.2599415 0.0273026 0.0444444
1 0.2698191 0.2675439 0.0268092 0.0444444
1 0.5523849 0.3122807 0.0261513 0.0444444
1 0.5510691 0.278655 0.0268092 0.0444444
1 0.5680099 0.3052632 0.0268092 0.0444444
1 0.564227 0.3415205 0.0268092 0.0444444
1 0.5199836 0.4973684 0.0268092 0.0444444
1 0.5893914 0.3716374 0.0268092 0.0444444
1 0.5921875 0.3315789 0.0268092 0.0444444
1 0.5783717 0.3073099 0.0268092 0.0444444
1 0.5696546 0.3345029 0.0268092 0.0444444
1 0.5925164 0.2777778 0.0268092 0.0444444
1 0.6125822 0.3207602 0.0268092 0.0444444
1 0.6252467 0.2980994 0.0268092 0.0464912
1 0.6247533 0.2733918 0.0268092 0.0444444
1 0.6153783 0.2663743 0.0268092 0.0444444
1 0.6023849 0.2409357 0.0268092 0.0444444
1 0.6053454 0.2614035 0.0268092 0.0444444
1 0.5949836 0.2622807 0.0268092 0.0444444
1 0.5796875 0.0739766 0.0268092 0.0444444
1 0.579852 0.2377193 0.0268092 0.0444444
1 0.5818257 0.2517544 0.0268092 0.0444444
1 0.5793586 0.2190058 0.0268092 0.0444444
1 0.5930099 0.2166667 0.0268092 0.0444444
1 0.589227 0.2304094 0.0268092 0.0444444
1 0.5844572 0.1894737 0.0268092 0.0444444
1 0.5931743 0.1565789 0.0268092 0.0435673
1 0.5759046 0.1652047 0.0268092 0.0444444
1 0.5915296 0.1675439 0.0268092 0.0444444
1 0.6058388 0.1327485 0.0268092 0.0444444
1 0.5882401 0.1467836 0.0268092 0.0444444
1 0.592023 0.1236842 0.0268092 0.0444444
1 0.5869243 0.1476608 0.0268092 0.0444444
1 0.5844572 0.1337719 0.0271382 0.044152
1 0.5594572 0.1535088 0.0268092 0.0438596
1 0.5296875 0.1450292 0.0268092 0.0444444
1 0.5337993 0.1733918 0.0268092 0.0444444
1 0.4962993 0.155848 0.0261513 0.0438596
1 0.5055099 0.1444444 0.0268092 0.0444444
1 0.5102796 0.152924 0.0268092 0.0444444
1 0.4933388 0.1666667 0.0268092 0.0444444
1 0.4869243 0.1400585 0.0268092 0.0444444
1 0.4751645 0.1549708 0.0273026 0.0461988
1 0.476398 0.1853801 0.0268092 0.0444444
1 0.4969572 0.1988304 0.0268092 0.0444444
1 0.4612664 0.195614 0.0268092 0.0444444
1 0.4511513 0.1714912 0.0263158 0.044152
1 0.442023 0.1809942 0.0268092 0.0444444
1 0.4581414 0.2134503 0.0268092 0.0444444
1 0.4729441 0.2084795 0.0268092 0.0444444
1 0.4499178 0.204386 0.0268092 0.0444444
1 0.4487664 0.2450292 0.0268092 0.0438596
1 0.5800164 0.1112573 0.0264803 0.0453216
1 0.5897204 0.0809942 0.0268092 0.0444444
1 0.6259046 0.1356725 0.0268092 0.0444444
1 0.629523 0.1289474 0.0268092 0.0444444
1 0.6446546 0.1479532 0.0268092 0.0444444
1 0.7023849 0.2950292 0.0264803 0.045614
1 0.6115954 0.1730994 0.0268092 0.0444444
1 0.6561678 0.1722222 0.0268092 0.0444444
1 0.6198191 0.1567251 0.0268092 0.0444444
1 0.6396382 0.1578947 0.0256579 0.0444444
1 0.6647204 0.1871345 0.0268092 0.0444444
1 0.6599507 0.1988304 0.0268092 0.0444444
1 0.6339638 0.1937135 0.0268092 0.0453216
1 0.626398 0.2017544 0.0268092 0.0444444
1 0.6371711 0.1812865 0.0276316 0.0444444
1 0.548273 0.0880117 0.0268092 0.0444444
1 0.6265625 0.2245614 0.0268092 0.0444444
1 0.6082237 0.1074561 0.0266447 0.0453216
1 0.6058388 0.2055556 0.0268092 0.0444444
1 0.6359375 0.2166667 0.0268092 0.0444444
1 0.6438322 0.2152047 0.0268092 0.0444444
1 0.657648 0.2061404 0.0268092 0.0444444
1 0.6515625 0.2011696 0.0268092 0.0444444
1 0.6654605 0.225 0.0282895 0.047076
1 0.6226151 0.2459064 0.0268092 0.0444444
1 0.6446546 0.2444444 0.0268092 0.0444444
1 0.6370888 0.2422515 0.0268092 0.0447368
1 0.6418586 0.2736842 0.0268092 0.0444444
1 0.629523 0.2701754 0.0268092 0.0444444
1 0.670477 0.2540936 0.0268092 0.0444444
1 0.6668586 0.2432749 0.0268092 0.0444444
1 0.673602 0.2839181 0.0268092 0.0444444
1 0.6511513 0.2716374 0.0263158 0.0450292
1 0.6681743 0.2997076 0.0268092 0.0444444
1 0.6837993 0.3690058 0.0268092 0.0444444
1 0.6859375 0.394152 0.0268092 0.0444444
1 0.7285362 0.5266082 0.0268092 0.0444444
1 0.7308388 0.5798246 0.0268092 0.0444444
1 0.7035362 0.6459064 0.0268092 0.0444444
1 0.6744243 0.8918129 0.0268092 0.0444444
1 0.6492599 0.901462 0.0268092 0.0444444
1 0.6346217 0.947076 0.0268092 0.0444444
1 0.623602 0.9634503 0.0268092 0.0444444
1 0.6119243 0.9672515 0.0268092 0.0350877
1 0.6158717 0.8423977 0.0268092 0.0444444
1 0.5804276 0.9011696 0.0266447 0.0444444
1 0.5679276 0.8855263 0.0276316 0.0412281
0 0.5726151 0.8877193 0.0268092 0.0444444
1 0.5752467 0.844152 0.0268092 0.0444444
1 0.5089638 0.7695906 0.0268092 0.0444444
1 0.4966283 0.7868421 0.0268092 0.0444444
1 0.5803454 0.6017544 0.0268092 0.0444444
1 0.5037007 0.6219298 0.0268092 0.0444444
1 0.4489309 0.5865497 0.0268092 0.0444444
1 0.5699836 0.3614035 0.0268092 0.0444444
1 0.5564145 0.4432749 0.0266447 0.0444444
1 0.5810033 0.4476608 0.0268092 0.0444444
0 0.579523 0.4634503 0.0268092 0.0444444
1 0.589227 0.4409357 0.0268092 0.0444444
1 0.567352 0.4690058 0.0268092 0.0444444
1 0.5365954 0.5137427 0.0268092 0.0444444
1 0.5208059 0.3321637 0.0268092 0.0444444
1 0.5262336 0.3482456 0.0268092 0.0444444
1 0.5188322 0.3672515 0.0268092 0.0444444
1 0.5071546 0.3505848 0.0268092 0.0444444
1 0.5081414 0.3511696 0.0268092 0.0421053
1 0.4865954 0.4388889 0.0268092 0.0450292
1 0.4966283 0.3663743 0.0268092 0.0444444
1 0.5385691 0.3362573 0.0268092 0.0444444
1 0.5380757 0.3657895 0.0268092 0.0444444
1 0.5336349 0.3435673 0.0268092 0.0444444
1 0.5083059 0.321345 0.0268092 0.0444444
1 0.495477 0.330117 0.0268092 0.0444444
1 0.4907072 0.3342105 0.0268092 0.0444444
1 0.4657072 0.2602339 0.0268092 0.0444444
1 0.4806743 0.2845029 0.0268092 0.0444444
1 0.4814967 0.3184211 0.0268092 0.0444444
1 0.4359375 0.3406433 0.0268092 0.0444444
1 0.4272204 0.3502924 0.0268092 0.0444444
1 0.436102 0.3634503 0.0268092 0.0444444
1 0.4140625 0.2866959 0.0268092 0.0447368
1 0.4216283 0.3701754 0.0268092 0.0444444
1 0.4243421 0.3821637 0.025 0.0409357
1 0.4275493 0.448538 0.0268092 0.0444444
1 0.423273 0.422807 0.0268092 0.0444444
1 0.4155428 0.4150585 0.0268092 0.0429825
1 0.4012336 0.3640351 0.0268092 0.0444444
1 0.3058388 0.205848 0.0268092 0.0444444
1 0.4546875 0.2330409 0.0268092 0.0444444
1 0.4318257 0.2315789 0.0268092 0.0444444
1 0.4443257 0.2241228 0.0268092 0.0435673
1 0.4369243 0.2184211 0.0264803 0.0444444
1 0.4148026 0.2280702 0.0269737 0.0444444
1 0.4145559 0.2128655 0.0268092 0.0444444
1 0.4152138 0.247076 0.0268092 0.0444444
1 0.4282072 0.2821637 0.0268092 0.0444444
1 0.3956414 0.2387427 0.0284539 0.0464912
1 0.4114309 0.2280702 0.0268092 0.0444444
1 0.395148 0.2040936 0.0268092 0.0444444
1 0.3852796 0.2312865 0.0268092 0.0444444
1 0.3745888 0.2643275 0.0268092 0.0444444
0 0.2634046 0.3099415 0.0268092 0.0444444
1 0.4300164 0.2684211 0.0268092 0.0444444
1 0.345477 0.2640351 0.0268092 0.0444444
1 0.3365954 0.2862573 0.0268092 0.0444444
1 0.3252467 0.2573099 0.0268092 0.0444444
1 0.3663651 0.1333333 0.0268092 0.0444444
1 0.3384046 0.205848 0.0268092 0.0444444
1 0.3349507 0.1280702 0.0268092 0.0444444
1 0.4245888 0.1783626 0.0268092 0.0444444
1 0.4158717 0.1289474 0.0268092 0.0444444
1 0.3749178 0.1894737 0.0268092 0.0444444
1 0.3743421 0.1513158 0.025 0.0406433
1 0.3573191 0.1491228 0.0268092 0.0444444
1 0.3688322 0.2809942 0.0268092 0.0444444
1 0.3775493 0.1239766 0.0268092 0.0444444
1 0.4163651 0.0147661 0.0268092 0.0295322
1 0.4306743 0.0195906 0.0268092 0.0391813
1 0.3953125 0.1619883 0.0268092 0.0444444
1 0.4022204 0.1491228 0.0268092 0.0444444
1 0.4007401 0.2128655 0.0268092 0.0444444
1 0.3900493 0.1495614 0.0264803 0.0429825
1 0.4102796 0.1647661 0.0258224 0.0388889
1 0.4073191 0.1830409 0.0268092 0.0444444
1 0.398273 0.1307018 0.0268092 0.0444444
1 0.4216283 0.1508772 0.0268092 0.0444444
1 0.4348684 0.169883 0.025 0.0421053
1 0.465625 0.1532164 0.0273026 0.0444444
1 0.4004112 0.1223684 0.0274671 0.0459064
1 0.445148 0.1269006 0.0245066 0.0391813
1 0.4595395 0.1625731 0.0263158 0.0450292
1 0.463898 0.1187135 0.0268092 0.0444444
1 0.4742599 0.1192982 0.0268092 0.0444444
1 0.4847862 0.1184211 0.0268092 0.0444444
1 0.5005757 0.0988304 0.0268092 0.0444444
1 0.492023 0.0333333 0.0268092 0.0444444
1 0.4655428 0.1141813 0.0268092 0.0429825
1 0.4574836 0.0824561 0.0268092 0.0444444
1 0.4538651 0.0885965 0.0268092 0.0444444
1 0.4555099 0.1128655 0.0268092 0.0444444
1 0.4430099 0.0976608 0.0268092 0.0444444
1 0.4384046 0.0842105 0.0268092 0.0444444
1 0.436102 0.1099415 0.0268092 0.0444444
1 0.3527138 0.0812865 0.0264803 0.0450292
1 0.4221217 0.0982456 0.0268092 0.0444444
1 0.482648 0.0464912 0.0268092 0.0444444
1 0.4185033 0.0277778 0.0268092 0.0444444
1 0.2683388 0.7897661 0.0268092 0.0444444
1 0.5398849 0.797076 0.0268092 0.0444444
0 0.4134046 0.9005848 0.0268092 0.0444444
1 0.4435033 0.8564327 0.0268092 0.0444444
1 0.5066612 0.8692982 0.0268092 0.0444444
1 0.3964638 0.8611111 0.0268092 0.0444444
1 0.3641447 0.9010234 0.0246711 0.0400585
1 0.3494243 0.8394737 0.0268092 0.0444444
1 0.3244243 0.8602339 0.0268092 0.0444444
1 0.3599507 0.8108187 0.0268092 0.0444444
1 0.338898 0.7947368 0.0268092 0.0444444
1 0.4727796 0.0684211 0.0268092 0.0444444
1 0.3254112 0.8099415 0.0268092 0.0444444
1 0.2880757 0.8204678 0.0268092 0.0444444
1 0.2742599 0.8248538 0.0268092 0.0444444
1 0.2515625 0.8438596 0.0268092 0.0444444
1 0.363898 0.7862573 0.0268092 0.0444444
1 0.1930099 0.7239766 0.0268092 0.0444444
1 0.3861842 0.3002924 0.0296053 0.0426901
1 0.2507401 0.7099415 0.0268092 0.0444444
1 0.220148 0.7602339 0.0268092 0.0444444
1 0.2025493 0.3331871 0.0264803 0.0488304
1 0.373602 0.3330409 0.0268092 0.0444444
1 0.3532072 0.319883 0.0268092 0.0444444
1 0.2495888 0.3081871 0.0268092 0.0444444
1 0.2272204 0.3163743 0.0268092 0.0444444
1 0.1884046 0.3576023 0.0268092 0.0444444
1 0.3083059 0.8172515 0.0268092 0.0444444
1 0.2060033 0.7856725 0.0268092 0.0444444
0 0.5038651 0.5663743 0.0268092 0.0444444
1 0.2459704 0.9081871 0.0268092 0.0444444
1 0.2932566 0.8814327 0.0240132 0.0406433
1 0.3354441 0.8865497 0.0268092 0.0444444
0 0.304852 0.9230994 0.0268092 0.0444444
1 0.4385691 0.7964912 0.0268092 0.0444444
1 0.3782072 0.9122807 0.0268092 0.0444444
0 0.3921875 0.8394737 0.0268092 0.0444444
0 0.6042763 0.9717836 0.0243421 0.0353801
1 0.4849507 0.3818713 0.0268092 0.0444444
1 0.4859375 0.4064327 0.0268092 0.0444444
1 0.4760691 0.3824561 0.0268092 0.0444444
1 0.4675164 0.4751462 0.0268092 0.0444444
1 0.4849507 0.425731 0.0268092 0.0444444
1 0.6502467 0.5096491 0.0268092 0.0444444
1 0.6290296 0.6383041 0.0268092 0.0444444
1 0.2622533 0.8152047 0.0268092 0.0444444
1 0.2319901 0.7944444 0.0268092 0.0444444
1 0.176727 0.5032164 0.0268092 0.0444444
1 0.3056743 0.7540936 0.0268092 0.0444444
1 0.3183388 0.6883041 0.0268092 0.0444444
1 0.3303454 0.478655 0.0268092 0.0444444
1 0.2369243 0.4406433 0.0268092 0.0444444
1 0.2444901 0.4230994 0.0268092 0.0444444
1 0.2556743 0.3663743 0.0268092 0.0444444
1 0.2458059 0.2877193 0.0268092 0.0444444
1 0.2467928 0.254386 0.0268092 0.0444444
1 0.2356086 0.2356725 0.0268092 0.0444444
1 0.2959704 0.2444444 0.0268092 0.0444444
1 0.2962993 0.2599415 0.0268092 0.0444444
1 0.3193257 0.2850877 0.0268092 0.0444444
1 0.3666941 0.2450292 0.0268092 0.0444444
1 0.3249178 0.1339181 0.0268092 0.0444444
1 0.2964638 0.1192982 0.0268092 0.0444444
1 0.2887336 0.1839181 0.0268092 0.0444444
1 0.2699836 0.1923977 0.0268092 0.0444444
1 0.3474507 0.1105263 0.0268092 0.0444444
1 0.3824836 0.0994152 0.0268092 0.0444444
1 0.4291941 0.0622807 0.0268092 0.0444444
1 0.4087993 0.0263158 0.0268092 0.0444444
1 0.4023849 0.077193 0.0264803 0.0444444
1 0.4194901 0.0176901 0.0241776 0.0353801
1 0.4612664 0.0982456 0.0268092 0.0444444
1 0.7487664 0.7108187 0.0268092 0.0444444
1 0.4665296 0.0578947 0.0268092 0.0444444
1 0.4614309 0.044152 0.0268092 0.0444444
1 0.539227 0.1526316 0.0268092 0.0444444
1 0.5160362 0.1383041 0.0268092 0.0444444
1 0.5068257 0.1134503 0.0268092 0.0444444
1 0.5747533 0.147076 0.0268092 0.0444444
1 0.5893914 0.0979532 0.0268092 0.0444444
1 0.5573191 0.0149123 0.0268092 0.0298246
1 0.5333059 0.0096491 0.0268092 0.0192982
1 0.5560033 0.0380117 0.0268092 0.0444444
1 0.6481086 0.1350877 0.0268092 0.0444444
1 0.6737664 0.2292398 0.0268092 0.0444444
1 0.7130757 0.230117 0.0268092 0.0444444
1 0.6880757 0.2438596 0.0268092 0.0444444
1 0.7040296 0.2350877 0.0268092 0.0444444
1 0.6856086 0.2821637 0.0268092 0.0444444
1 0.692023 0.2944444 0.0268092 0.0444444
1 0.6783717 0.330117 0.0268092 0.0444444
1 0.6902138 0.3216374 0.0264803 0.0444444
1 0.7069901 0.3266082 0.0271382 0.0444444
1 0.7191612 0.3497076 0.0268092 0.0444444
1 0.7512336 0.3640351 0.0268092 0.0444444
1 0.6765625 0.3423977 0.0268092 0.0444444
1 0.7369243 0.3722222 0.0268092 0.0444444
1 0.7523849 0.4222222 0.0268092 0.0444444
1 0.745477 0.4684211 0.0268092 0.0444444
1 0.7456414 0.4947368 0.0268092 0.0444444
1 0.7415296 0.4865497 0.0268092 0.0444444
1 0.739227 0.5146199 0.0268092 0.0444444
1 0.698602 0.5266082 0.0268092 0.0444444
1 0.7497533 0.5464912 0.0268092 0.0444444
1 0.7087993 0.5453216 0.0268092 0.0444444
1 0.7370888 0.5356725 0.0268092 0.0444444
1 0.7385691 0.5546784 0.0261513 0.0444444
1 0.6964638 0.5418129 0.0268092 0.0444444
1 0.6834704 0.4741228 0.0264803 0.044152
1 0.6918586 0.5991228 0.0268092 0.0444444
1 0.7145559 0.6383041 0.0268092 0.0444444
1 0.7359375 0.6356725 0.0268092 0.0444444
1 0.6981086 0.7187135 0.0268092 0.0444444
1 0.1949836 0.352924 0.0268092 0.0444444
1 0.2369243 0.3947368 0.0268092 0.0444444
1 0.3022204 0.471345 0.0268092 0.0444444
1 0.2311678 0.4774854 0.0268092 0.0444444
0 0.1693257 0.5672515 0.0268092 0.0444444
1 0.2686678 0.7687135 0.0268092 0.0444444
1 0.2509046 0.7640351 0.0268092 0.0444444
1 0.2551809 0.7400585 0.0268092 0.0444444
1 0.2436678 0.6921053 0.0268092 0.0444444
1 0.2342928 0.7090643 0.0268092 0.0444444
1 0.2905428 0.8505848 0.0268092 0.0444444
1 0.3043586 0.8745614 0.0268092 0.0444444
1 0.3194901 0.8400585 0.0268092 0.0444444
0 0.2175164 0.8476608 0.0268092 0.0444444
1 0.3109375 0.5295322 0.0268092 0.0444444
1 0.4449836 0.6078947 0.0268092 0.0444444
1 0.3734375 0.3634503 0.0268092 0.0444444
1 0.3818257 0.377193 0.0268092 0.0444444
1 0.3081414 0.3388889 0.0268092 0.0444444
1 0.3242599 0.3073099 0.0268092 0.0444444
1 0.3987664 0.2733918 0.0271382 0.0444444
1 0.4247533 0.2435673 0.0268092 0.0444444
1 0.3931743 0.3900585 0.0268092 0.0444444
1 0.407648 0.3953216 0.0268092 0.0444444
1 0.4772204 0.4078947 0.0268092 0.0444444
0 0.4900493 0.4590643 0.0268092 0.0444444
1 0.4444901 0.2540936 0.0268092 0.0444444
1 0.2875822 0.1605263 0.0268092 0.0444444
1 0.403125 0.0312865 0.0269737 0.0444444
1 0.426727 0.0321637 0.0268092 0.0444444
1 0.4159539 0.0502924 0.0263158 0.0438596
1 0.4984375 0.0634503 0.0268092 0.0444444
1 0.5140625 0.0479532 0.0268092 0.0444444
1 0.4800164 0.0374269 0.0268092 0.0444444
1 0.576727 0.354386 0.0268092 0.0444444
1 0.3163651 0.3783626 0.0268092 0.0444444
1 0.245148 0.1780702 0.0268092 0.0444444
1 0.2813322 0.1824561 0.0268092 0.0444444
1 0.414227 0.8137427 0.0268092 0.0444444
0 0.5122533 0.9321637 0.0268092 0.0444444
1 0.448602 0.8906433 0.0268092 0.0444444
0 0.3665296 0.9578947 0.0268092 0.0444444
1 0.3499178 0.9634503 0.0268092 0.0444444
1 0.5362664 0.8716374 0.0268092 0.0444444
1 0.5694901 0.9359649 0.0268092 0.0444444
1 0.5662007 0.4119883 0.0268092 0.0444444
1 0.5742599 0.4453216 0.0268092 0.0444444
2 0.4793586 0.351462 0.0268092 0.0444444
1 0.4400493 0.0654971 0.0268092 0.0444444
1 0.5303454 0.1263158 0.0268092 0.0444444
1 0.5242599 0.0964912 0.0268092 0.0444444
1 0.5522204 0.1040936 0.0268092 0.0444444
1 0.5800164 0.0888889 0.0268092 0.0444444
0 0.5755757 0.4888889 0.0268092 0.0444444
1 0.6416118 0.3697368 0.0256579 0.0435673
1 0.6181743 0.4038012 0.0268092 0.0444444
1 0.6421875 0.4055556 0.0268092 0.0444444
1 0.6336349 0.7894737 0.0268092 0.0444444
1 0.6255757 0.5976608 0.0268092 0.0444444
1 0.7479441 0.674269 0.0268092 0.0444444
1 0.6203947 0.9868421 0.0266447 0.0233918
0 0.7152961 0.9511696 0.0273026 0.0444444
0 0.5706414 0.9614035 0.0268092 0.0444444
1 0.6458059 0.9834795 0.0268092 0.0283626
1 0.7186678 0.8792398 0.0268092 0.0444444
1 0.6382401 0.9093567 0.0268092 0.0444444
1 0.6574836 0.9729532 0.0261513 0.0383041
1 0.7270559 0.9497076 0.0268092 0.0444444
1 0.7056743 0.9078947 0.0268092 0.0444444
1 0.7099507 0.8342105 0.0268092 0.0444444
0 0.6880757 0.680117 0.0268092 0.0444444
1 0.7178454 0.5807018 0.0268092 0.0444444
1 0.2788651 0.9362573 0.0268092 0.0444444
0 0.2828947 0.9776316 0.0240132 0.0406433
1 0.2863487 0.9580409 0.0240132 0.0406433
1 0.2564145 0.9188596 0.0240132 0.0406433
1 0.2976151 0.6649123 0.0268092 0.0444444
1 0.2033717 0.7274854 0.0268092 0.0444444
1 0.2813322 0.4938596 0.0268092 0.0444444
1 0.220148 0.469883 0.0268092 0.0444444
1 0.1925164 0.4616959 0.0268092 0.0444444
1 0.1752467 0.3903509 0.0268092 0.0444444
1 0.1938322 0.425731 0.0268092 0.0444444
1 0.2657072 0.3842105 0.0268092 0.0444444
1 0.2823191 0.3722222 0.0268092 0.0444444
1 0.2071546 0.3546784 0.0268092 0.0444444
1 0.2020559 0.3263158 0.0268092 0.0444444
0 0.214227 0.3269006 0.0268092 0.0444444
1 0.2592928 0.345614 0.0268092 0.0444444
1 0.2546875 0.3295322 0.0268092 0.0444444
1 0.3395559 0.1105263 0.0268092 0.0444444
1 0.2979441 0.1701754 0.0268092 0.0444444
1 0.2643914 0.1847953 0.0268092 0.0444444
1 0.3308388 0.1391813 0.0268092 0.0444444
1 0.254523 0.2052632 0.0268092 0.0461988
1 0.4196546 0.1187135 0.0268092 0.0444444
1 0.351398 0.1298246 0.0268092 0.0444444
1 0.3155428 0.2353801 0.0268092 0.0444444
1 0.3632401 0.8687135 0.0268092 0.0444444
1 0.3747533 0.977193 0.0268092 0.0444444
1 0.4765625 0.7736842 0.0268092 0.0444444
1 0.4529605 0.3388889 0.0269737 0.0444444
1 0.5086349 0.0827485 0.0268092 0.0444444
1 0.4372533 0.1391813 0.0268092 0.0444444
1 0.388898 0.2909357 0.0268092 0.0444444
1 0.467023 0.3111111 0.0268092 0.0444444
1 0.6245888 0.3868421 0.0268092 0.0444444
1 0.5645559 0.6248538 0.0268092 0.0444444
1 0.582977 0.1918129 0.0268092 0.0444444
1 0.5755757 0.051462 0.0268092 0.0444444
0 0.6127467 0.7187135 0.0268092 0.0444444
1 0.6824836 0.7418129 0.0268092 0.0444444
1 0.7492599 0.7406433 0.0268092 0.0444444
1 0.6944901 0.3372807 0.0264803 0.0453216
1 0.6486842 0.3893275 0.0256579 0.0435673
1 0.653125 0.3519006 0.0256579 0.0435673
1 0.6449836 0.1736842 0.0268092 0.0444444
1 0.6523849 0.1535088 0.0268092 0.0444444
1 0.6242599 0.1119883 0.0268092 0.0444444
1 0.6408717 0.1078947 0.0268092 0.0444444
1 0.7239309 0.3597953 0.0268092 0.044152
1 0.7165296 0.3769006 0.0268092 0.0444444
1 0.7372533 0.3997076 0.0268092 0.0444444
1 0.7224507 0.4125731 0.0268092 0.0444444
1 0.7494243 0.5921053 0.0268092 0.0444444
1 0.7257401 0.5900585 0.0268092 0.0444444
1 0.7250822 0.6938596 0.0268092 0.0444444
1 0.757977 0.6055556 0.0268092 0.0444444
1 0.5403783 0.1318713 0.0268092 0.0444444
1 0.5711349 0.1324561 0.0268092 0.0444444
1 0.5551809 0.0964912 0.0268092 0.0444444
1 0.5903783 0.6549708 0.0268092 0.0444444
1 0.1683388 0.454386 0.0268092 0.0444444
1 0.4903783 0.6359649 0.0268092 0.0444444
1 0.426398 0.3327485 0.0268092 0.0444444
1 0.4996711 0.0178363 0.0263158 0.0356725
1 0.3573191 0.0751462 0.0264803 0.0450292
1 0.2806743 0.2321637 0.0264803 0.0450292
1 0.5444901 0.0222222 0.0268092 0.0444444
1 0.5097862 0.0222222 0.0268092 0.0444444
1 0.4637336 0.3377193 0.0268092 0.0444444
0 0.5842928 0.8353801 0.0268092 0.0444444
1 0.5834704 0.8631579 0.0268092 0.0444444
1 0.6629112 0.8684211 0.0268092 0.0444444
1 0.654523 0.872807 0.0268092 0.0444444
0 0.6476151 0.7476608 0.0268092 0.0444444
1 0.6275493 0.7517544 0.0268092 0.0444444
1 0.7020559 0.2602339 0.0268092 0.0444444
1 0.7342928 0.725731 0.0268092 0.0444444
1 0.689227 0.8105263 0.0268092 0.0444444
1 0.7525493 0.8625731 0.0268092 0.0444444
0 0.5 0.4729532 0.0256579 0.0423977
1 0.611102 0.7385965 0.0268092 0.0444444
1 0.3926809 0.1146199 0.0264803 0.0450292
1 0.1851151 0.3807018 0.0268092 0.0444444
1 0.2691612 0.1274854 0.0268092 0.0444444
0 0.3216283 0.8038012 0.0268092 0.0444444
0 0.4000822 0.7076023 0.0268092 0.0444444
0 0.2731086 0.6108187 0.0268092 0.0444444
1 0.3907895 0.019883 0.0223684 0.0368421
1 0.3402961 0.0789474 0.0236842 0.0391813
1 0.4346217 0.3849415 0.0268092 0.0447368
1 0.5813322 0.044152 0.0268092 0.0444444
0 0.5897204 0.7548246 0.0241776 0.0400585
0 0.5992599 0.3964912 0.0268092 0.0444444
1 0.7231086 0.3166667 0.0268092 0.0444444
1 0.7018914 0.2716374 0.0268092 0.0444444
1 0.5484375 0.0312865 0.0268092 0.0444444
1 0.5854441 0.0619883 0.0274671 0.0444444
1 0.6839638 0.9763158 0.0268092 0.0438596
1 0.7148849 0.9061404 0.0268092 0.0444444
1 0.692023 0.8730994 0.0268092 0.0444444
1 0.7347039 0.7099415 0.0263158 0.0444444
1 0.7168586 0.6722222 0.0268092 0.0444444
1 0.7216283 0.6646199 0.0268092 0.0444444
1 0.760773 0.6175439 0.0268092 0.0444444
1 0.7208059 0.5619883 0.0268092 0.0444444
1 0.7663651 0.5289474 0.0268092 0.0444444
1 0.7135691 0.4017544 0.0268092 0.0444444
1 0.757648 0.5324561 0.0268092 0.0444444
1 0.742023 0.5318713 0.0268092 0.0444444
1 0.7474507 0.5163743 0.0268092 0.0444444
1 0.7538651 0.5078947 0.0268092 0.0444444
1 0.7935033 0.5596491 0.0268092 0.0444444
1 0.7290296 0.4447368 0.0268092 0.0444444
1 0.7435033 0.4532164 0.0268092 0.0444444
1 0.7199836 0.2461988 0.0268092 0.0444444
1 0.6722862 0.2 0.0268092 0.0444444
1 0.6921875 0.2248538 0.0268092 0.0444444
1 0.6484375 0.1090643 0.0268092 0.0444444
1 0.6790296 0.1812865 0.0268092 0.0444444
1 0.695148 0.2076023 0.0268092 0.0444444
1 0.6458059 0.1798246 0.0268092 0.0444444
1 0.6622533 0.1494152 0.0268092 0.0444444
1 0.6115954 0.1397661 0.0268092 0.0444444
1 0.5426809 0.0118421 0.0268092 0.0236842
0 0.6586349 0.4520468 0.0268092 0.0444444
0 0.2060033 0.6792398 0.0268092 0.0444444
0 0.1834704 0.7032164 0.0268092 0.0444444
1 0.2012336 0.6918129 0.0268092 0.0444444
0 0.2293586 0.6798246 0.0268092 0.0444444
1 0.232648 0.6473684 0.0268092 0.0444444
0 0.2959704 0.7178363 0.0268092 0.0444444
1 0.2130757 0.5049708 0.0268092 0.0444444
1 0.7153783 0.8684211 0.0268092 0.0444444
0 0.2316612 0.147076 0.0268092 0.0444444
1 0.4471217 0.3679825 0.0268092 0.0447368
1 0.5848684 0.0233918 0.0223684 0.0368421
1 0.2897204 0.0640351 0.0264803 0.0450292
1 0.3559211 0.0657895 0.0223684 0.0368421
1 0.3402138 0.0641813 0.0254934 0.0412281
1 0.3439967 0.0973684 0.0268092 0.0444444
1 0.3667763 0.0523392 0.0223684 0.0368421
1 0.5569079 0.0491228 0.0223684 0.0368421
0 0.3944901 0.419883 0.0192434 0.0315789
1 0.6648849 0.1669591 0.0268092 0.0444444
1 0.7507401 0.4865497 0.0268092 0.0444444
1 0.4058388 0.0165205 0.0235197 0.0330409
1 0.3087171 0.047076 0.0269737 0.0421053
0 0.285773 0.7026316 0.0268092 0.0444444
0 0.2678454 0.7280702 0.0268092 0.0444444
0 0.2319901 0.5578947 0.0268092 0.0444444
0 0.210773 0.369883 0.0268092 0.0444444
0 0.2928454 0.2073099 0.0268092 0.0444444
0 0.3328125 0.1549708 0.0268092 0.0444444
1 0.3615954 0.1084795 0.0268092 0.0444444
1 0.2532072 0.1163743 0.0268092 0.0444444
0 0.3227796 0.174269 0.0268092 0.0444444
1 0.4768914 0.7239766 0.0268092 0.0444444
0 0.4617599 0.8818713 0.0268092 0.0444444
0 0.6620888 0.1230994 0.0268092 0.0444444
0 0.7219572 0.202924 0.0268092 0.0444444
0 0.6872533 0.1912281 0.0268092 0.0444444
0 0.6976151 0.1921053 0.0268092 0.0444444
0 0.6867599 0.1251462 0.0268092 0.0444444
1 0.6469572 0.0918129 0.0268092 0.0444444
0 0.6760691 0.1154971 0.0268092 0.0444444
1 0.55625 0.0770468 0.0230263 0.0394737
1 0.6041118 0.0653509 0.0230263 0.0394737
0 0.6383224 0.0516082 0.0230263 0.0394737
0 0.6108553 0.0437135 0.0230263 0.0394737
0 0.6238487 0.0407895 0.0230263 0.0394737
1 0.5995066 0.050731 0.0230263 0.0394737
1 0.4612664 0.9005848 0.0268092 0.0444444
1 0.7239309 0.2254386 0.0268092 0.0444444
0 0.7206414 0.3061404 0.0268092 0.0444444
0 0.7091283 0.1959064 0.0268092 0.0444444
1 0.7436678 0.4383041 0.0268092 0.0444444
1 0.7645559 0.4874269 0.0268092 0.0444444
1 0.7634046 0.5108187 0.0268092 0.0444444
0 0.6698191 0.7912281 0.0268092 0.0444444
1 0.7734375 0.8336257 0.0268092 0.0444444
1 0.7575658 0.4403509 0.0210526 0.0350877
1 0.5052632 0.9679825 0.0240132 0.0406433
0 0.3347039 0.6685673 0.0263158 0.0459064
1 0.6626645 0.9900585 0.0269737 0.0163743
1 0.6246711 0.0726608 0.0230263 0.0394737
0 0.6210526 0.0527778 0.0230263 0.0394737
0 0.7558388 0.4599415 0.0268092 0.0444444
0 0.8168586 0.5350877 0.0268092 0.0444444
0 0.7467928 0.4134503 0.0268092 0.0444444
0 0.7778783 0.5222222 0.0268092 0.0444444
0 0.7632401 0.4602339 0.0268092 0.0444444
0 0.7589638 0.4538012 0.0268092 0.0444444
0 0.6016447 0.9511696 0.0273026 0.0444444
0 0.7311678 0.2353801 0.0268092 0.0444444
0 0.7408717 0.2187135 0.0268092 0.0444444
0 0.6202303 0.0372807 0.0230263 0.0394737
