2 0.7342105 0.2745614 0.0292763 0.0438596
2 0.7675987 0.2766082 0.0259868 0.0479532
2 0.7006579 0.1995614 0.0230263 0.0423977
2 0.695477 0.2407895 0.0291118 0.0423977
3 0.7207237 0.2926901 0.0259868 0.0403509
2 0.7266447 0.3040936 0.0220395 0.0385965
2 0.7484375 0.3114035 0.0231908 0.0374269
2 0.7387336 0.3214912 0.0317434 0.0517544
2 0.6806743 0.3162281 0.0228618 0.0377193
2 0.6900493 0.2625731 0.0277961 0.048538
2 0.6991776 0.274269 0.0226974 0.0362573
2 0.7226974 0.3542398 0.0263158 0.0429825
2 0.6537007 0.4138889 0.0294408 0.0488304
2 0.6669408 0.2232456 0.0263158 0.0394737
2 0.6731086 0.2562865 0.0231908 0.0406433
2 0.7100329 0.3959064 0.0302632 0.045614
2 0.6662829 0.5532164 0.0338816 0.0467836
2 0.6746711 0.5777778 0.0259868 0.0491228
2 0.6787007 0.4918129 0.0287829 0.0467836
2 0.5522204 0.5842105 0.0324013 0.0508772
2 0.7016447 0.4913743 0.0276316 0.0453216
2 0.6361842 0.4850877 0.0243421 0.0438596
2 0.686102 0.3834795 0.0251645 0.0476608
3 0.7322368 0.377193 0.0325658 0.0467836
2 0.5123355 0.397807 0.0263158 0.0476608
2 0.6560033 0.2744152 0.0294408 0.044152
2 0.7510691 0.2874269 0.0254934 0.0403509
3 0.6491776 0.2238304 0.0253289 0.0429825
2 0.6622533 0.2792398 0.0258224 0.0421053
2 0.6225329 0.2719298 0.0220395 0.0397661
2 0.7597039 0.2425439 0.0279605 0.0453216
2 0.6703947 0.304386 0.0256579 0.0444444
2 0.5547697 0.3042398 0.0233553 0.0517544
2 0.7070724 0.4510234 0.0325658 0.0494152
2 0.7403783 0.4070175 0.0284539 0.0491228
2 0.7300164 0.5144737 0.0363487 0.0576023
2 0.6236842 0.425731 0.0273026 0.0421053
2 0.6265625 0.3538012 0.0317434 0.0520468
2 0.6166941 0.3900585 0.028125 0.0415205
3 0.6597039 0.245614 0.0236842 0.0397661
2 0.6978618 0.1988304 0.0233553 0.0403509
2 0.6181743 0.2134503 0.0337171 0.0508772
2 0.5293586 0.401462 0.0268092 0.0432749
2 0.5209704 0.3637427 0.0202303 0.0403509
2 0.5351151 0.3429825 0.0231908 0.0362573
2 0.5886513 0.4236842 0.0269737 0.0491228
2 0.6077303 0.5942982 0.0302632 0.0453216
2 0.6495066 0.5991228 0.0253289 0.0368421
2 0.5970395 0.6239766 0.0325658 0.0491228
2 0.5685033 0.6065789 0.0330592 0.0459064
2 0.7241776 0.4241228 0.0282895 0.0435673
2 0.6037829 0.4511696 0.0256579 0.0403509
2 0.6130757 0.2304094 0.0304276 0.0391813
2 0.5972039 0.3153509 0.0332237 0.0517544
2 0.6990132 0.5410819 0.0240132 0.0429825
2 0.7314967 0.4489766 0.0304276 0.0505848
2 0.5490132 0.3327485 0.0269737 0.0380117
2 0.5096217 0.4453216 0.0268092 0.0432749
2 0.5426809 0.4574561 0.0287829 0.0476608
2 0.5203947 0.4596491 0.0217105 0.0415205
2 0.5310855 0.5109649 0.0299342 0.047076
2 0.6136513 0.5820175 0.0226974 0.0429825
2 0.5993421 0.5659357 0.025 0.0423977
2 0.6810855 0.1986842 0.0266447 0.0447368
