0 0.0129112 0.3589181 0.0179276 0.0324561
2 0.0838816 0.4681287 0.0177632 0.0269006
2 0.1082237 0.6761696 0.0167763 0.0260234
2 0.1425164 0.6853801 0.0152961 0.0263158
2 0.2490132 0.6763158 0.0174342 0.0245614
2 0.2519737 0.619883 0.0177632 0.0239766
2 0.2518914 0.6358187 0.0179276 0.0201754
2 0.2513158 0.6453216 0.0180921 0.0216374
2 0.1731086 0.6690058 0.0166118 0.0274854
3 0.2764803 0.5969298 0.0141447 0.0289474
2 0.2809211 0.5593567 0.0161184 0.028655
2 0.2192434 0.4820175 0.0134868 0.0277778
2 0.1643092 0.6054094 0.01875 0.0312865
2 0.1722862 0.5595029 0.0192434 0.030117
3 0.2845395 0.4872807 0.0167763 0.0201754
2 0.3014803 0.4345029 0.0161184 0.0274854
2 0.2078947 0.4435673 0.0207237 0.0233918
2 0.2096217 0.424269 0.0169408 0.0263158
2 0.1940789 0.4133041 0.0164474 0.0295322
2 0.1868421 0.4084795 0.0134868 0.0280702
2 0.1727796 0.4412281 0.0172697 0.0368421
2 0.1635691 0.4328947 0.0152961 0.0277778
2 0.2664474 0.3352339 0.0197368 0.0266082
2 0.2601974 0.3489766 0.0144737 0.0254386
2 0.0551809 0.4141813 0.0152961 0.0260234
3 0.1303454 0.4143275 0.015625 0.0304094
3 0.1472862 0.4435673 0.0182566 0.0269006
2 0.1516447 0.6087719 0.0164474 0.0327485
2 0.1023026 0.7372807 0.0223684 0.0324561
2 0.1231086 0.6928363 0.0120066 0.0178363
0 0.1654605 0.8010234 0.0138158 0.0154971
2 0.1624178 0.7038012 0.015625 0.025731
2 0.1430099 0.724269 0.015625 0.025731
2 0.1856908 0.6641813 0.0180921 0.0324561
2 0.1966283 0.5769006 0.0159539 0.025731
2 0.1836349 0.5890351 0.0169408 0.0219298
2 0.1248355 0.4845029 0.0167763 0.0263158
3 0.2221217 0.5194444 0.0182566 0.0254386
2 0.2609375 0.5169591 0.0179276 0.0216374
2 0.2377467 0.500731 0.0123355 0.0260234
3 0.3325658 0.446345 0.0184211 0.0347953
2 0.2958059 0.4192982 0.0192434 0.0327485
2 0.2676809 0.455117 0.0166118 0.0312865
2 0.3022204 0.3846491 0.0159539 0.0230994
2 0.1752467 0.9318713 0.0152961 0.0304094
2 0.1305921 0.7789474 0.0184211 0.0309942
2 0.1391447 0.4621345 0.0164474 0.0330409
3 0.1203125 0.4423977 0.015625 0.0245614
3 0.1268092 0.4593567 0.0167763 0.0210526
3 0.1252467 0.4692982 0.0166118 0.0210526
3 0.1217928 0.5073099 0.0175987 0.0298246
2 0.0444079 0.6938596 0.0154605 0.0292398
2 0.1086349 0.7539474 0.0199013 0.0330409
2 0.1790296 0.7799708 0.0192434 0.027193
2 0.2722862 0.6741228 0.0116776 0.0230994
2 0.2078125 0.7024854 0.0120066 0.0230994
2 0.1888158 0.7055556 0.0161184 0.0263158
2 0.1870066 0.6937135 0.0184211 0.0353801
3 0.2021382 0.6606725 0.0141447 0.030117
2 0.2155428 0.5814327 0.0149671 0.024269
2 0.2052632 0.5571637 0.0167763 0.0230994
2 0.2421875 0.4675439 0.0162829 0.028655
3 0.2840461 0.4602339 0.0141447 0.0304094
2 0.2467105 0.4972222 0.0131579 0.0225146
2 0.2833882 0.4326023 0.0174342 0.0260234
2 0.2245066 0.4539474 0.0138158 0.0289474
2 0.2241776 0.3937135 0.0167763 0.0289474
2 0.2550987 0.2897661 0.0151316 0.0280702
2 0.265625 0.2805556 0.0200658 0.027193
2 0.2072368 0.2833333 0.0157895 0.028655
2 0.1916941 0.3454678 0.0235197 0.0312865
2 0.1800164 0.3685673 0.015625 0.0289474
2 0.0731086 0.2912281 0.0159539 0.0345029
0 0.1321546 0.3599415 0.0152961 0.0187135
2 0.1399671 0.3950292 0.0167763 0.0298246
2 0.0466283 0.4334795 0.0159539 0.0266082
2 0.1287007 0.8112573 0.0175987 0.027193
2 0.3005757 0.5603801 0.0159539 0.0324561
2 0.1902138 0.2409357 0.0175987 0.0298246
2 0.1414474 0.5440058 0.0161184 0.0377193
2 0.1313322 0.5491228 0.0185855 0.0345029
2 0.2176809 0.5561404 0.0202303 0.0309942
3 0.0699836 0.3615497 0.0172697 0.0307018
2 0.0619243 0.3546784 0.0169408 0.0292398
2 0.0620888 0.424269 0.0215461 0.0345029
2 0.0717928 0.6736842 0.0152961 0.022807
2 0.0703125 0.6606725 0.0195724 0.0307018
2 0.0921875 0.7573099 0.0199013 0.0327485
3 0.0902961 0.7337719 0.0167763 0.0312865
2 0.1803454 0.7403509 0.0123355 0.0233918
2 0.1702303 0.7878655 0.0167763 0.0283626
2 0.275 0.8156433 0.0184211 0.0318713
3 0.2269737 0.647076 0.0138158 0.0181287
2 0.1758224 0.5773392 0.0184211 0.0277778
2 0.2078125 0.5717836 0.0159539 0.0230994
2 0.2152138 0.7103801 0.0143092 0.0248538
2 0.1773849 0.6989766 0.015625 0.030117
2 0.2033717 0.7864035 0.0202303 0.0342105
3 0.2995888 0.4618421 0.0159539 0.0324561
3 0.2727796 0.3618421 0.0146382 0.0266082
2 0.2978618 0.372076 0.0125 0.0236842
2 0.2710526 0.2542398 0.0164474 0.0266082
2 0.1753289 0.2769006 0.0161184 0.0391813
2 0.1622533 0.3788012 0.0136513 0.0260234
2 0.13125 0.7077485 0.0141447 0.0307018
2 0.120477 0.6862573 0.0133224 0.0245614
2 0.278125 0.677193 0.0118421 0.025731
2 0.2770559 0.422076 0.0172697 0.024269
2 0.2508224 0.3501462 0.0190789 0.0307018
2 0.2405428 0.4109649 0.0175987 0.0277778
3 0.1668586 0.4915205 0.0169408 0.0280702
2 0.1989309 0.5217836 0.0166118 0.0295322
3 0.1723684 0.5127193 0.0128289 0.0289474
2 0.1860197 0.478655 0.0184211 0.025731
2 0.1291941 0.6491228 0.0169408 0.0263158
2 0.0924342 0.6426901 0.0164474 0.0274854
2 0.036102 0.4532164 0.0182566 0.0269006
3 0.1164474 0.4852339 0.0138158 0.0190058
2 0.0495888 0.500731 0.015625 0.0295322
2 0.0514803 0.5703216 0.0226974 0.0365497
2 0.0557566 0.6423977 0.0243421 0.0339181
2 0.0052632 0.6785088 0.0105263 0.0377193
2 0.0485197 0.6869883 0.0190789 0.0394737
2 0.0691612 0.7178363 0.0228618 0.0374269
2 0.1182566 0.7442982 0.0161184 0.0312865
2 0.1324836 0.9059942 0.0202303 0.0312865
2 0.1361842 0.9252924 0.0243421 0.0365497
2 0.2118421 0.9697368 0.0134868 0.027193
2 0.1726151 0.894883 0.0202303 0.0312865
2 0.2550164 0.8095029 0.0248355 0.0383041
2 0.1986842 0.7491228 0.0164474 0.0269006
2 0.1640625 0.7554094 0.0195724 0.0277778
2 0.1875 0.6368421 0.0167763 0.0309942
2 0.1719572 0.5355263 0.015625 0.0283626
2 0.2310855 0.544883 0.0134868 0.030117
2 0.2685855 0.5096491 0.0190789 0.0298246
2 0.2846217 0.4709064 0.0166118 0.027193
2 0.3154605 0.5342105 0.0164474 0.028655
2 0.3323191 0.5824561 0.0185855 0.0292398
3 0.3158717 0.3638889 0.0152961 0.0248538
3 0.2805921 0.2318713 0.0154605 0.0263158
2 0.2226151 0.2937135 0.0208882 0.030117
3 0.1785362 0.3340643 0.0162829 0.0318713
2 0.2453125 0.5366959 0.0166118 0.0260234
2 0.164227 0.2614035 0.0129934 0.0251462
3 0.1533717 0.2407895 0.0169408 0.0365497
2 0.1427632 0.2166667 0.0144737 0.0327485
2 0.1466283 0.3815789 0.0195724 0.0216374
3 0.1584704 0.399269 0.0166118 0.0289474
2 0.0578125 0.4494152 0.0231908 0.0327485
2 0.064227 0.5095029 0.0199013 0.0277778
2 0.1237664 0.5839181 0.0139803 0.022807
2 0.1388158 0.8152047 0.0174342 0.0298246
2 0.1086349 0.7716374 0.0166118 0.0292398
2 0.2490132 0.6603801 0.0161184 0.024269
2 0.2962993 0.7195906 0.0215461 0.0426901
2 0.3 0.5157895 0.0154605 0.0263158
2 0.1712993 0.3383041 0.0169408 0.0274854
2 0.0550987 0.622076 0.0220395 0.0324561
2 0.2097862 0.7935673 0.0172697 0.0269006
0 0.1918586 0.8122807 0.0146382 0.0269006
2 0.1457237 0.7850877 0.0223684 0.0309942
2 0.1388158 0.7614035 0.0151316 0.022807
2 0.2601974 0.478655 0.0157895 0.022807
3 0.1049342 0.2349415 0.0154605 0.0307018
2 0.1310033 0.7473684 0.0172697 0.0269006
2 0.2254934 0.7020468 0.0167763 0.0292398
3 0.1944901 0.5945906 0.0152961 0.0219298
2 0.2940789 0.6782164 0.0194079 0.0336257
2 0.3102796 0.722076 0.0225329 0.0383041
2 0.2599507 0.5418129 0.0182566 0.028655
3 0.2166118 0.5377193 0.0171053 0.022807
2 0.1261513 0.8878655 0.0203947 0.0383041
2 0.1583059 0.8631579 0.0195724 0.0251462
0 0.1629934 0.8184211 0.0131579 0.0204678
2 0.0421875 0.424269 0.0172697 0.0327485
2 0.0769737 0.4380117 0.01875 0.0362573
0 0.0824013 0.4157895 0.0131579 0.022807
3 0.03125 0.3869883 0.0226974 0.0400585
2 0.0554276 0.3894737 0.0157895 0.0333333
2 0.1553454 0.4862573 0.0159539 0.028655
2 0.1077303 0.2624269 0.01875 0.0324561
2 0.1350329 0.2497076 0.0144737 0.025731
2 0.1458882 0.2758772 0.0138158 0.0260234
2 0.1942434 0.2603801 0.01875 0.0283626
2 0.2007401 0.2989766 0.0159539 0.0353801
2 0.2057566 0.3238304 0.0138158 0.0336257
2 0.0888158 0.4442982 0.0157895 0.0342105
2 0.0564967 0.4823099 0.0228618 0.0406433
2 0.0910362 0.629386 0.0179276 0.0318713
2 0.0693257 0.6052632 0.0231908 0.0362573
2 0.1227796 0.6074561 0.0179276 0.0336257
2 0.0699836 0.6289474 0.0212171 0.0327485
2 0.0344572 0.6592105 0.0212171 0.0383041
2 0.0896382 0.7001462 0.0217105 0.0283626
2 0.0244243 0.7418129 0.0208882 0.0356725
2 0.1053454 0.7982456 0.0238487 0.0415205
0 0.1216283 0.9054094 0.0090461 0.0143275
2 0.2272204 0.9391813 0.0195724 0.0356725
2 0.1726974 0.8703216 0.0184211 0.0347953
2 0.1737664 0.830848 0.0205592 0.0353801
2 0.1925987 0.7986842 0.0174342 0.027193
2 0.1703947 0.5929825 0.0151316 0.0263158
2 0.2363487 0.7010234 0.0134868 0.0266082
2 0.2244243 0.6711988 0.0146382 0.021345
2 0.2268092 0.7393275 0.0161184 0.0230994
2 0.2695724 0.9774854 0.0246711 0.0421053
2 0.3078947 0.4953216 0.0180921 0.0298246
3 0.2411184 0.3880117 0.0157895 0.0251462
2 0.3094572 0.3314327 0.015625 0.0312865
2 0.2934211 0.3533626 0.0184211 0.0230994
2 0.2727796 0.4020468 0.0162829 0.0298246
2 0.2296875 0.6302632 0.0169408 0.0266082
2 0.1957237 0.3615497 0.0184211 0.0295322
2 0.1917763 0.4643275 0.01875 0.0327485
2 0.1359375 0.4200292 0.0133224 0.027193
3 0.3290296 0.7083333 0.0199013 0.0365497
0 0.276398 0.6238304 0.0136513 0.0172515
2 0.196875 0.9309942 0.0167763 0.0385965
0 0.090625 0.4122807 0.0141447 0.0274854
2 0.0400493 0.5283626 0.0146382 0.0298246
2 0.3041941 0.9647661 0.0225329 0.0412281
2 0.2847862 0.6413743 0.0231908 0.0330409
2 0.0119243 0.7077485 0.0169408 0.0324561
2 0.1952303 0.8469298 0.0174342 0.027193
2 0.142023 0.848538 0.0231908 0.0368421
2 0.0943257 0.8171053 0.0231908 0.0347953
2 0.1162829 0.654386 0.0240132 0.0315789
3 0.1291118 0.2426901 0.0157895 0.022807
2 0.2395559 0.9826023 0.0222039 0.0324561
2 0.2027961 0.8652047 0.0190789 0.0298246
0 0.0512336 0.5894737 0.0129934 0.0251462
2 0.0351151 0.7062865 0.0195724 0.0394737
2 0.2674342 0.9371345 0.0197368 0.0292398
0 0.2598684 0.8780702 0.0144737 0.0187135
2 0.2666941 0.7883041 0.0172697 0.0339181
3 0.3087993 0.7559942 0.0172697 0.0394737
2 0.2948191 0.4912281 0.0189145 0.0333333
3 0.2709704 0.3252924 0.0195724 0.0172515
2 0.0827303 0.6710526 0.0174342 0.0356725
2 0.0424342 0.6678363 0.0203947 0.0374269
2 0.1360197 0.2709064 0.0210526 0.0377193
2 0.1412829 0.8624269 0.0167763 0.0318713
2 0.1203125 0.9567251 0.0231908 0.0362573
2 0.3114309 0.6378655 0.0310855 0.0412281
3 0.301398 0.3263158 0.0172697 0.0309942
2 0.3037829 0.2922515 0.0174342 0.0307018
2 0.3092928 0.3065789 0.0199013 0.030117
2 0.2769737 0.3337719 0.0148026 0.0342105
3 0.0791941 0.3741228 0.015625 0.0289474
2 0.0080592 0.4011696 0.0157895 0.0345029
2 0.0476974 0.8442982 0.0226974 0.0400585
2 0.0058388 0.7454678 0.0116776 0.0277778
2 0.2181743 0.477924 0.015625 0.027193
2 0.2599507 0.9454678 0.0254934 0.0365497
0 0.1865132 0.9590643 0.0121711 0.0245614
2 0.0811678 0.5454678 0.021875 0.0359649
2 0.0612664 0.6641813 0.0152961 0.0266082
2 0.1621711 0.9181287 0.01875 0.0415205
0 0.1559211 0.8853801 0.0144737 0.0222222
2 0.1471217 0.9149123 0.0215461 0.0385965
2 0.2066612 0.9899123 0.0274671 0.0190058
2 0.2101974 0.8429825 0.0256579 0.0450292
2 0.2689967 0.6869883 0.0120066 0.030117
2 0.1226974 0.395614 0.0144737 0.0239766
2 0.0925987 0.9118421 0.0210526 0.0353801
2 0.0615954 0.7356725 0.0248355 0.0385965
2 0.1196546 0.8833333 0.0166118 0.0292398
2 0.1325658 0.9951754 0.0286184 0.0084795
2 0.1323191 0.953655 0.0225329 0.0336257
2 0.2507401 0.9165205 0.0175987 0.0324561
2 0.1251645 0.2302632 0.0226974 0.0359649
1 0.326727 0.3899123 0.0271382 0.0423977
2 0.2546053 0.9780702 0.0240132 0.0374269
2 0.1975329 0.8817251 0.0131579 0.0324561
2 0.0803454 0.8200292 0.0162829 0.0289474
2 0.2815789 0.6980994 0.01875 0.0330409
2 0.1210526 0.8725146 0.0259868 0.0309942
2 0.0953947 0.8831871 0.0223684 0.0295322
2 0.0403783 0.5694444 0.0192434 0.0365497
2 0.5797697 0.1571637 0.0246711 0.0453216
2 0.6222039 0.2147661 0.0256579 0.0388889
2 0.6294408 0.2431287 0.0236842 0.0400585
2 0.5990132 0.2143275 0.0210526 0.0461988
2 0.5907895 0.2127193 0.0220395 0.0412281
2 0.6240954 0.277924 0.0238487 0.0353801
3 0.4913651 0.2118421 0.0208882 0.0406433
2 0.5478618 0.2812865 0.0200658 0.0356725
2 0.5603618 0.2726608 0.0174342 0.0412281
2 0.5886513 0.2497076 0.0207237 0.0356725
3 0.5018092 0.3324561 0.0253289 0.0461988
2 0.4646382 0.2333333 0.025 0.0409357
3 0.5765625 0.277193 0.0182566 0.0368421
2 0.5611842 0.1824561 0.0246711 0.0380117
2 0.4878289 0.2467836 0.0125 0.0350877
2 0.5072368 0.2347953 0.0259868 0.0403509
2 0.5411184 0.2122807 0.0226974 0.0415205
2 0.5004934 0.2678363 0.0217105 0.0380117
2 0.592352 0.1799708 0.0238487 0.0394737
3 0.5342105 0.2368421 0.0230263 0.0409357
2 0.5138158 0.3040936 0.0230263 0.0409357
2 0.4771382 0.4311404 0.0253289 0.0365497
3 0.4861842 0.4143275 0.0213816 0.0409357
3 0.4887336 0.3864035 0.0231908 0.0383041
2 0.5241776 0.2685673 0.0240132 0.044152
2 0.5496711 0.2530702 0.0141447 0.0347953
2 0.5401316 0.2561404 0.0217105 0.0380117
2 0.6203947 0.3542398 0.0236842 0.0400585
2 0.6415296 0.2652047 0.0212171 0.0309942
2 0.5662007 0.3747076 0.0215461 0.0423977
2 0.5458882 0.3672515 0.0246711 0.0409357
3 0.5323191 0.4 0.0202303 0.0362573
3 0.5574013 0.2289474 0.0256579 0.0444444
2 0.5507401 0.3024854 0.0258224 0.0429825
3 0.5058388 0.3815789 0.0241776 0.0438596
2 0.5228618 0.4105263 0.0180921 0.0409357
2 0.5571546 0.0690058 0.0261513 0.0298246
2 0.5930921 0.4 0.0246711 0.0450292
2 0.5106908 0.4469298 0.0236842 0.0365497
2 0.532648 0.2744152 0.0175987 0.0412281
2 0.5194079 0.1133041 0.0243421 0.0447368
2 0.4659539 0.2077485 0.0236842 0.0453216
2 0.4564145 0.1861111 0.0184211 0.0260234
2 0.4805099 0.2616959 0.0238487 0.0415205
2 0.5205592 0.3799708 0.0230263 0.0394737
2 0.6330592 0.3415205 0.0243421 0.028655
3 0.4055921 0.1475146 0.0266447 0.0423977
2 0.3544408 0.2513158 0.0256579 0.0359649
2 0.3599507 0.3631579 0.0166118 0.0321637
2 0.4434211 0.4342105 0.0230263 0.0450292
2 0.5822368 0.4710526 0.0269737 0.0362573
2 0.3964638 0.2900585 0.0225329 0.0385965
2 0.4349507 0.3650585 0.0245066 0.0453216
0 0.457977 0.3641813 0.0106908 0.0195906
2 0.429523 0.1400585 0.0199013 0.0321637
3 0.3626645 0.2701754 0.0246711 0.0421053
2 0.375 0.3105263 0.025 0.0409357
2 0.3988487 0.322076 0.0246711 0.0423977
2 0.3844572 0.2372807 0.0261513 0.0418129
2 0.4523849 0.250731 0.0231908 0.0400585
0 0.4237664 0.2600877 0.0110197 0.0236842
2 0.3960526 0.1959064 0.0273026 0.0415205
2 0.55 0.197076 0.0194079 0.0409357
2 0.4467105 0.2937135 0.0253289 0.0400585
2 0.3805099 0.1856725 0.0205592 0.0409357
2 0.46875 0.4004386 0.0230263 0.0476608
2 0.5222862 0.0385965 0.0231908 0.0520468
2 0.4815789 0.354386 0.0190789 0.0362573
2 0.3866776 0.270614 0.0223684 0.0353801
3 0.8335526 0.2596491 0.0171053 0.0292398
2 0.7599507 0.2339181 0.0248355 0.045614
2 0.7334704 0.2994152 0.0238487 0.0321637
2 0.6950658 0.2472222 0.0184211 0.0435673
2 0.7914474 0.400731 0.0226974 0.0254386
2 0.8133224 0.4090643 0.0240132 0.0356725
2 0.8049342 0.3831871 0.0256579 0.0429825
2 0.7977796 0.4260234 0.0235197 0.0321637
2 0.9105263 0.4076023 0.0236842 0.0409357
2 0.9110197 0.4244152 0.0217105 0.0266082
2 0.8990954 0.4387427 0.0212171 0.0324561
2 0.9237664 0.4788012 0.0185855 0.0412281
2 0.911102 0.5182749 0.0228618 0.0400585
3 0.9018914 0.5052632 0.0182566 0.0263158
2 0.9074836 0.547807 0.0215461 0.0383041
2 0.8917763 0.5480994 0.0230263 0.0377193
2 0.9004112 0.5488304 0.0235197 0.0374269
2 0.8835526 0.5637427 0.0197368 0.0339181
2 0.8852796 0.5342105 0.0225329 0.0368421
2 0.8623355 0.5612573 0.0210526 0.0330409
3 0.8833882 0.572076 0.0180921 0.0289474
3 0.8148026 0.6986842 0.0203947 0.0342105
2 0.7990954 0.7099415 0.0166118 0.0315789
0 0.7395559 0.7005848 0.0143092 0.0169591
3 0.7285362 0.5868421 0.0215461 0.0315789
2 0.6716283 0.5937135 0.0254934 0.0383041
2 0.7069079 0.444883 0.0286184 0.0423977
2 0.6786184 0.3093567 0.0259868 0.0497076
2 0.6979441 0.2635965 0.0143092 0.0260234
2 0.8949836 0.5931287 0.0222039 0.0394737
2 0.85625 0.569883 0.0256579 0.0409357
2 0.8666118 0.5326023 0.0213816 0.0312865
2 0.8734375 0.5497076 0.0248355 0.0415205
3 0.910773 0.4665205 0.0205592 0.0406433
2 0.9069901 0.4907895 0.021875 0.0400585
2 0.9016447 0.5178363 0.0154605 0.0280702
2 0.8839638 0.4618421 0.0162829 0.0277778
2 0.8587171 0.4622807 0.0236842 0.0263158
2 0.8592105 0.446345 0.0213816 0.0347953
2 0.859375 0.4337719 0.0203947 0.0353801
2 0.8775493 0.451462 0.0241776 0.0403509
2 0.7663651 0.4722222 0.0215461 0.0368421
2 0.7619243 0.5095029 0.0175987 0.030117
2 0.7793586 0.4343567 0.0208882 0.0289474
3 0.7414474 0.4692982 0.0200658 0.0374269
2 0.8051809 0.3362573 0.0287829 0.0385965
2 0.7918586 0.3805556 0.0205592 0.0377193
2 0.7940789 0.2665205 0.0236842 0.0423977
2 0.7483553 0.3312865 0.0266447 0.0444444
2 0.7060033 0.4656433 0.0235197 0.0418129
2 0.7282895 0.6668129 0.0220395 0.0429825
3 0.8148026 0.6815789 0.0210526 0.0327485
2 0.8836349 0.4269006 0.0228618 0.0450292
2 0.8098684 0.2682749 0.0207237 0.0353801
2 0.7773849 0.4160819 0.0241776 0.0345029
2 0.7807566 0.4475146 0.0263158 0.0429825
2 0.754523 0.4399123 0.0258224 0.0418129
3 0.6814967 0.3937135 0.0248355 0.0447368
2 0.7314145 0.6214912 0.0190789 0.0266082
2 0.7573191 0.6327485 0.0159539 0.0362573
2 0.7159539 0.6897661 0.0190789 0.0345029
2 0.8055099 0.6428363 0.0205592 0.0324561
2 0.9283717 0.5168129 0.0192434 0.0429825
2 0.9348684 0.5179825 0.0210526 0.0388889
2 0.8814967 0.4861111 0.0192434 0.0365497
3 0.8932566 0.4676901 0.0180921 0.0236842
2 0.7136513 0.2092105 0.0217105 0.030117
0 0.8208059 0.2393275 0.0149671 0.0230994
2 0.8073191 0.2899123 0.0248355 0.0342105
2 0.6705592 0.3574561 0.0276316 0.0447368
2 0.7408717 0.4216374 0.0251645 0.0473684
2 0.7655428 0.4290936 0.0254934 0.0423977
2 0.7764803 0.4807018 0.0256579 0.0409357
2 0.820477 0.4687135 0.0251645 0.0461988
2 0.8465461 0.5988304 0.0246711 0.0497076
2 0.8106908 0.6011696 0.0217105 0.0321637
2 0.8077303 0.6393275 0.0164474 0.0283626
2 0.8003289 0.5336257 0.0174342 0.028655
2 0.784375 0.530117 0.0197368 0.0362573
2 0.8542763 0.5277778 0.0217105 0.0298246
2 0.8664474 0.5081871 0.0259868 0.0421053
2 0.8289474 0.6744152 0.0266447 0.0359649
2 0.7875822 0.7273392 0.0258224 0.0429825
2 0.7030428 0.3428363 0.0238487 0.0459064
2 0.7110197 0.3384503 0.0213816 0.0307018
3 0.7553454 0.3628655 0.0192434 0.0327485
2 0.9022204 0.5811404 0.0228618 0.0406433
2 0.815625 0.5798246 0.0164474 0.0315789
2 0.7777961 0.580117 0.0220395 0.0391813
2 0.8328947 0.522807 0.0200658 0.0315789
2 0.9467105 0.4776316 0.0223684 0.0383041
3 0.7703947 0.5251462 0.0203947 0.0251462
2 0.9494243 0.5385965 0.0261513 0.0380117
3 0.7848684 0.6847953 0.0217105 0.0327485
2 0.7681743 0.6375731 0.0248355 0.0418129
3 0.7707237 0.6747076 0.0253289 0.0383041
3 0.7140625 0.5925439 0.0225329 0.0406433
2 0.8321546 0.5823099 0.0225329 0.0412281
2 0.8356908 0.5634503 0.0180921 0.0350877
2 0.8310033 0.5488304 0.0199013 0.0327485
2 0.8799342 0.5853801 0.0240132 0.0415205
2 0.8655428 0.623538 0.0192434 0.0342105
2 0.8478618 0.5100877 0.0220395 0.030117
2 0.8248355 0.5062865 0.0259868 0.0388889
2 0.8027138 0.5030702 0.0208882 0.0312865
2 0.9000822 0.3947368 0.0241776 0.045614
2 0.7415296 0.6802632 0.0231908 0.0418129
2 0.834375 0.6346491 0.0276316 0.0266082
2 0.7962993 0.5831871 0.0238487 0.0423977
2 0.7583882 0.5640351 0.0171053 0.0327485
2 0.8003289 0.3013158 0.0256579 0.0330409
2 0.8349507 0.3755848 0.0235197 0.0435673
2 0.8162829 0.3823099 0.0240132 0.0435673
2 0.8537007 0.3918129 0.0238487 0.0397661
2 0.7214638 0.572076 0.0264803 0.0435673
2 0.720148 0.6274854 0.0212171 0.0362573
2 0.7141447 0.6466374 0.0210526 0.0423977
2 0.7601974 0.7233918 0.0184211 0.0315789
2 0.7959704 0.6745614 0.0172697 0.0350877
2 0.7896382 0.6346491 0.0213816 0.0330409
2 0.8727796 0.6112573 0.0202303 0.030117
3 0.7198191 0.4681287 0.0172697 0.0315789
2 0.9032072 0.3010234 0.0251645 0.0447368
2 0.7979441 0.5122807 0.0208882 0.0333333
2 0.7150493 0.5340643 0.0248355 0.0347953
2 0.7546875 0.5573099 0.0254934 0.0362573
2 0.7027138 0.5934211 0.021875 0.0394737
2 0.7018914 0.6476608 0.0235197 0.0438596
2 0.7398026 0.5087719 0.01875 0.0280702
2 0.7419408 0.620614 0.0180921 0.0324561
0 0.7041118 0.7128655 0.0128289 0.0152047
2 0.7694901 0.7266082 0.0235197 0.0409357
2 0.8985197 0.4590643 0.0207237 0.0345029
3 0.7058388 0.3067251 0.0212171 0.0309942
2 0.8417763 0.2785088 0.0253289 0.047076
2 0.775 0.3811404 0.0197368 0.0353801
2 0.8458059 0.3508772 0.0169408 0.0315789
3 0.7250822 0.327924 0.0238487 0.0377193
2 0.7332237 0.3381579 0.0203947 0.0388889
2 0.8602796 0.5991228 0.0222039 0.0380117
2 0.8368421 0.4491228 0.0190789 0.0315789
2 0.7617599 0.6593567 0.0189145 0.0350877
2 0.8220395 0.7133041 0.0164474 0.0353801
2 0.7890625 0.5891813 0.0208882 0.0421053
2 0.7722039 0.601462 0.0217105 0.0350877
2 0.7974507 0.6150585 0.021875 0.0447368
2 0.7622533 0.5837719 0.0258224 0.0377193
3 0.7180099 0.5 0.0241776 0.0409357
2 0.6909539 0.6390351 0.0246711 0.0406433
2 0.6712993 0.6618421 0.0284539 0.0482456
0 0.6925987 0.7010234 0.0085526 0.0207602
2 0.7101151 0.7464912 0.0225329 0.0385965
3 0.6889803 0.5482456 0.0210526 0.0333333
3 0.7743421 0.5479532 0.0167763 0.0304094
2 0.7139803 0.1865497 0.0223684 0.0391813
2 0.6629934 0.2897661 0.0236842 0.0356725
2 0.6495888 0.379386 0.0291118 0.0464912
3 0.7976974 0.4495614 0.0253289 0.0476608
2 0.9053454 0.4318713 0.0202303 0.0309942
2 0.8092105 0.6932749 0.0213816 0.0385965
3 0.8376645 0.7071637 0.0203947 0.0388889
2 0.9155428 0.5552632 0.0238487 0.0461988
2 0.8808388 0.5989766 0.0231908 0.0418129
2 0.6476151 0.6384503 0.0277961 0.0581871
2 0.6567434 0.6372807 0.0197368 0.0371345
2 0.8509046 0.7116959 0.0317434 0.0532164
2 0.6804276 0.4277778 0.0273026 0.045614
2 0.8365954 0.4330409 0.021875 0.0374269
2 0.8463816 0.6402047 0.0263158 0.0406433
2 0.7534539 0.5086257 0.0184211 0.0464912
2 0.7445724 0.5233918 0.0200658 0.0368421
2 0.7815789 0.6628655 0.0213816 0.0350877
2 0.7411184 0.6064327 0.0144737 0.0269006
2 0.8557566 0.4850877 0.0233553 0.0409357
2 0.6722039 0.4605263 0.0273026 0.0538012
2 0.6990954 0.5130117 0.0212171 0.0383041
