2 0.08046875 0.534375 0.0484375 0.040625
2 0.03046875 0.86640625 0.0453125 0.0390625
4 0.153125 0.6015625 0.0375 0.04375
2 0.13828125 0.4328125 0.0421875 0.0375
2 0.303125 0.3078125 0.040625 0.034375
2 0.34296875 0.34609375 0.0328125 0.0359375
2 0.00390625 0.55625 0.0078125 0.040625
2 0.16796875 0.590625 0.0484375 0.0375
2 0.01875 0.4 0.034375 0.040625
2 0.11875 0.87109375 0.046875 0.0484375
2 0.29296875 0.76796875 0.0484375 0.0421875
2 0.14140625 0.7328125 0.0453125 0.040625
2 0.1046875 0.69921875 0.04375 0.0390625
2 0.015625 0.54609375 0.03125 0.0359375
2 0.2140625 0.63359375 0.040625 0.0421875
2 0.19375 0.6015625 0.040625 0.04375
2 0.22265625 0.68125 0.0390625 0.028125
4 0.22890625 0.6171875 0.0484375 0.046875
2 0.2671875 0.78203125 0.053125 0.0484375
2 0.22265625 0.43125 0.0359375 0.034375
2 0.09609375 0.396875 0.0390625 0.040625
2 0.12578125 0.625 0.0453125 0.0375
2 0.12890625 0.6546875 0.0421875 0.040625
2 0.1578125 0.77421875 0.046875 0.0421875
2 0.009375 0.43828125 0.01875 0.0390625
2 0.23203125 0.3203125 0.0390625 0.0375
2 0.39765625 0.36328125 0.0421875 0.0453125
2 0.096875 0.57265625 0.040625 0.0390625
4 0.13984375 0.7015625 0.0453125 0.04375
2 0.04921875 0.66484375 0.0484375 0.0484375
2 0.03984375 0.5078125 0.0453125 0.0375
2 0.259375 0.3140625 0.040625 0.034375
2 0.1671875 0.790625 0.0375 0.04375
2 0.01875 0.50234375 0.0375 0.0359375
2 0.021875 0.3 0.04375 0.05
2 0.3578125 0.39921875 0.04375 0.0421875
2 0.3921875 0.32890625 0.046875 0.0421875
2 0.2625 0.3453125 0.04375 0.040625
2 0.1203125 0.6109375 0.046875 0.040625
2 0.11875 0.58828125 0.0375 0.0359375
2 0.33671875 0.2140625 0.0515625 0.053125
2 0.40078125 0.22578125 0.0515625 0.0515625
2 0.24609375 0.3765625 0.0359375 0.0375
2 0.05078125 0.41171875 0.0453125 0.0453125
2 0.0125 0.47265625 0.025 0.0453125
2 0.18125 0.66015625 0.046875 0.0421875
2 0.3046875 0.28828125 0.053125 0.0453125
4 0.35234375 0.6265625 0.0421875 0.04375
2 0.2484375 0.6515625 0.040625 0.040625
2 0.08671875 0.57578125 0.0484375 0.0453125
2 0.2578125 0.72734375 0.0375 0.0421875
2 0.128125 0.48125 0.05 0.04375
2 0.0109375 0.52265625 0.021875 0.0421875
2 0.01015625 0.38828125 0.0203125 0.0421875
4 0.1875 0.38359375 0.046875 0.0421875
2 0.25625 0.4515625 0.046875 0.04375
4 0.2015625 0.4453125 0.04375 0.046875
2 0.3171875 0.34375 0.053125 0.046875
2 0.4140625 0.31328125 0.05 0.0359375
2 0.43359375 0.321875 0.0453125 0.04375
2 0.29609375 0.021875 0.0390625 0.028125
2 0.26328125 0.06796875 0.0453125 0.0265625
2 0.1125 0.5765625 0.046875 0.040625
4 0.12265625 0.41484375 0.0484375 0.0421875
2 0.37734375 0.2671875 0.0515625 0.04375
2 0.334375 0.07578125 0.034375 0.0359375
2 0.171875 0.34609375 0.04375 0.0421875
2 0.3078125 0.21328125 0.040625 0.0359375
2 0.21171875 0.76171875 0.0421875 0.0484375
2 0.465625 0.31015625 0.04375 0.0453125
2 0.48359375 0.3453125 0.0453125 0.040625
2 0.025 0.21171875 0.046875 0.0515625
2 0.19765625 0.646875 0.0484375 0.046875
2 0.41953125 0.35703125 0.0453125 0.0421875
2 0.32578125 0.35546875 0.0484375 0.0453125
2 0.33046875 0.2828125 0.0328125 0.0375
2 0.2109375 0.53125 0.0375 0.04375
2 0.35625 0.07734375 0.0375 0.0296875
2 0.0890625 0.37890625 0.05 0.0453125
2 0.08046875 0.3828125 0.0421875 0.03125
2 0.3609375 0.15234375 0.046875 0.0515625
2 0.4546875 0.4140625 0.0375 0.040625
4 0.2296875 0.771875 0.046875 0.053125
2 0.0359375 0.490625 0.05 0.0375
2 0.36484375 0.39140625 0.0390625 0.0484375
2 0.03515625 0.0796875 0.0390625 0.040625
2 0.38359375 0.63125 0.0484375 0.034375
2 0.125 0.378125 0.053125 0.05
2 0.021875 0.6671875 0.04375 0.046875
2 0.34375 0.0046875 0.040625 0.009375
2 0.2078125 0.08046875 0.04375 0.0359375
2 0.23046875 0.00625 0.0421875 0.0125
2 0.25859375 0.12890625 0.0453125 0.0359375
2 0.43046875 0.26171875 0.0515625 0.0421875
2 0.45078125 0.38828125 0.0390625 0.0453125
2 0.4375 0.50234375 0.04375 0.0390625
4 0.365625 0.30078125 0.040625 0.0359375
2 0.44140625 0.23125 0.0484375 0.04375
2 0.48046875 0.3828125 0.0515625 0.04375
2 0.43203125 0.44140625 0.0484375 0.0390625
2 0.38046875 0.51484375 0.0359375 0.0421875
2 0.5 0.4109375 0.03125 0.028125
2 0.128125 0.76015625 0.05 0.0453125
2 0.4703125 0.51484375 0.05 0.0484375
2 0.48515625 0.475 0.0390625 0.028125
2 0.16328125 0.06484375 0.0390625 0.0359375
2 0.0703125 0.4578125 0.05 0.053125
2 0.22109375 0.66484375 0.0453125 0.0390625
4 0.35 0.5828125 0.04375 0.046875
2 0.3671875 0.51328125 0.040625 0.0421875
3 0.21875 0.39375 0.040625 0.034375
2 0.234375 0.41171875 0.04375 0.0453125
2 0.25078125 0.01796875 0.0421875 0.0359375
2 0.19453125 0.2953125 0.0484375 0.05
2 0.253125 0.58984375 0.05 0.0453125
4 0.003125 0.33515625 0.00625 0.0421875
2 0.43984375 0.16875 0.0484375 0.034375
2 0.40390625 0.1515625 0.0453125 0.03125
2 0.4796875 0.1265625 0.040625 0.040625
2 0.04609375 0.08984375 0.0421875 0.0421875
2 0.071875 0.08984375 0.0375 0.0421875
2 0.0453125 0.01640625 0.0375 0.0328125
2 0.0625 0.05 0.034375 0.03125
2 0.30234375 0.73203125 0.0546875 0.0453125
2 0.33125 0.01640625 0.05 0.0328125
4 0.01171875 0.39765625 0.0234375 0.0421875
2 0.26484375 0.20234375 0.0453125 0.0421875
2 0.39453125 0.01171875 0.0421875 0.0234375
2 0.28671875 0.75078125 0.0453125 0.0484375
2 0.30703125 0.0890625 0.0359375 0.040625
2 0.26484375 0.0046875 0.0421875 0.009375
2 0.36015625 0.20625 0.0453125 0.040625
2 0.4828125 0.4296875 0.04375 0.028125
2 0.0953125 0.4921875 0.05 0.04375
2 0.25546875 0.2125 0.0390625 0.034375
2 0.39609375 0.39609375 0.0453125 0.0421875
2 0.42578125 0.4015625 0.0421875 0.0375
2 0.3484375 0.28984375 0.0375 0.0390625
2 0.34921875 0.25546875 0.0421875 0.0328125
2 0.3265625 0.22578125 0.04375 0.0421875
2 0.42734375 0.13046875 0.0421875 0.0453125
2 0.05 0.45546875 0.05 0.0453125
2 0.2671875 0.4703125 0.046875 0.04375
2 0.31484375 0.5828125 0.0484375 0.034375
4 0.04453125 0.40625 0.0421875 0.046875
2 0.2890625 0.56171875 0.04375 0.0421875
2 0.2796875 0.50625 0.04375 0.03125
2 0.31484375 0.43359375 0.0453125 0.0421875
4 0.38046875 0.44375 0.0515625 0.0375
2 0.3453125 0.41953125 0.05 0.0421875
2 0.29609375 0.490625 0.0515625 0.034375
2 0.28203125 0.52890625 0.0359375 0.0390625
2 0.521875 0.253125 0.04375 0.040625
2 0.51875 0.33828125 0.053125 0.0484375
2 0.53828125 0.28984375 0.0515625 0.0421875
2 0.46796875 0.1625 0.0359375 0.0375
2 0.28671875 0.16953125 0.0359375 0.0328125
2 0.20703125 0.0515625 0.0296875 0.034375
2 0.003125 0.18046875 0.00625 0.0390625
2 0.2921875 0.73125 0.046875 0.04375
2 0.215625 0.265625 0.053125 0.04375
2 0.0765625 0.02578125 0.04375 0.0515625
2 0.2890625 0.38515625 0.05 0.0484375
2 0.0546875 0.0046875 0.034375 0.009375
2 0.3640625 0.45390625 0.05625 0.0453125
2 0.303125 0.23046875 0.046875 0.0453125
2 0.51953125 0.23359375 0.0421875 0.0359375
2 0.32734375 0.48046875 0.0515625 0.0421875
2 0.046875 0.60546875 0.05 0.0484375
2 0.41953125 0.49765625 0.0390625 0.0390625
4 0.459375 0.1984375 0.046875 0.0375
2 0.0765625 0.1140625 0.046875 0.04375
2 0.16640625 0.43671875 0.0484375 0.0578125
2 0.10390625 0.45703125 0.0515625 0.0484375
2 0.1140625 0.44140625 0.0375 0.0359375
2 0.0296875 0.6265625 0.046875 0.05
2 0.38359375 0.59609375 0.0390625 0.0296875
2 0.2078125 0.35546875 0.040625 0.0390625
2 0.06171875 0.30625 0.0484375 0.053125
2 0.36875 0.00625 0.040625 0.0125
2 0.503125 0.2875 0.05 0.040625
2 0.37421875 0.23359375 0.0515625 0.0421875
2 0.4484375 0.07109375 0.0375 0.0296875
4 0.51015625 0.49296875 0.0453125 0.0453125
2 0.14296875 0.1453125 0.0515625 0.04375
2 0.15703125 0.1796875 0.0484375 0.053125
2 0.234375 0.128125 0.046875 0.040625
2 0.0859375 0.07578125 0.034375 0.0359375
2 0.2390625 0.04453125 0.0375 0.0328125
2 0.0234375 0.00703125 0.040625 0.0140625
2 0.48125 0.08046875 0.0375 0.0421875
2 0.44609375 0.34921875 0.0421875 0.0390625
2 0.26953125 0.4078125 0.0421875 0.04375
2 0.3796875 0.46171875 0.0375 0.0359375
2 0.46015625 0.159375 0.0421875 0.040625
2 0.5265625 0.1203125 0.04375 0.04375
2 0.49453125 0.496875 0.0484375 0.040625
2 0.47109375 0.459375 0.0515625 0.0375
2 0.40703125 0.06171875 0.0484375 0.0484375
2 0.55 0.1296875 0.0375 0.040625
2 0.328125 0.04921875 0.046875 0.0484375
2 0.5234375 0.36328125 0.0375 0.0390625
2 0.39921875 0.50859375 0.0390625 0.0421875
2 0.0765625 0.22109375 0.059375 0.0484375
2 0.3375 0.17890625 0.04375 0.0359375
2 0.32890625 0.12578125 0.0515625 0.0453125
2 0.2484375 0.16796875 0.046875 0.0484375
2 0.58046875 0.14296875 0.0453125 0.0390625
2 0.11640625 0.26484375 0.0578125 0.0421875
2 0.20390625 0.13203125 0.0484375 0.0453125
2 0.4671875 0.02890625 0.05 0.0421875
2 0.415625 0.5546875 0.04375 0.04375
0 0.50078125 0.0546875 0.0296875 0.03125
2 0.17265625 0.08671875 0.0453125 0.0421875
2 0.04296875 0.040625 0.0515625 0.05
2 0.46875 0.40234375 0.040625 0.0421875
2 0.51875 0.42890625 0.046875 0.0484375
2 0.32265625 0.775 0.0484375 0.0625
2 0.50234375 0.125 0.0421875 0.04375
2 0.48828125 0.18046875 0.0453125 0.0453125
2 0.51640625 0.17109375 0.0484375 0.0453125
2 0.1328125 0.0828125 0.034375 0.04375
2 0.3546875 0.32421875 0.053125 0.0484375
2 0.01875 0.2625 0.0375 0.046875
2 0.22890625 0.30390625 0.0515625 0.0421875
2 0.50546875 0.0984375 0.0421875 0.040625
2 0.17890625 0.03203125 0.0390625 0.0421875
3 0.23125 0.51640625 0.04375 0.0421875
0 0.521875 0.07109375 0.03125 0.0265625
2 0.54765625 0.04921875 0.0453125 0.0421875
2 0.496875 0.01171875 0.046875 0.0234375
2 0.371875 0.06484375 0.0375 0.0453125
2 0.45859375 0.0359375 0.0484375 0.034375
2 0.59375 0.21484375 0.059375 0.0390625
2 0.4234375 0.0234375 0.040625 0.0375
2 0.45625 0.103125 0.040625 0.0375
2 0.475 0.2578125 0.0375 0.040625
2 0.434375 0.00390625 0.05 0.0078125
0 0.421875 0.165625 0.028125 0.021875
2 0.1171875 0.12890625 0.040625 0.0484375
2 0.27109375 0.03203125 0.0359375 0.0390625
2 0.21640625 0.02578125 0.0390625 0.0390625
2 0.178125 0.11875 0.046875 0.04375
2 0.54453125 0.01484375 0.0515625 0.0296875