2 0.584375 0.9546875 0.04375 0.0375
2 0.79921875 0.278125 0.0359375 0.040625
4 0.3734375 0.89765625 0.05625 0.0359375
2 0.7125 0.95859375 0.046875 0.0453125
4 0.65703125 0.8796875 0.0515625 0.040625
2 0.9078125 0.48984375 0.0375 0.0328125
2 0.39453125 0.62890625 0.0421875 0.0421875
2 0.39140625 0.646875 0.0546875 0.0375
2 0.378125 0.8390625 0.040625 0.04375
2 0.45078125 0.5984375 0.0421875 0.040625
2 0.6671875 0.2484375 0.04375 0.040625
2 0.76953125 0.25859375 0.0421875 0.0453125
2 0.81328125 0.3359375 0.0484375 0.04375
2 0.8984375 0.36015625 0.046875 0.0359375
2 0.68046875 0.46171875 0.0359375 0.0390625
2 0.91875 0.24296875 0.040625 0.0359375
2 0.9515625 0.3578125 0.0375 0.0375
2 0.590625 0.58828125 0.034375 0.0328125
2 0.50390625 0.62578125 0.0421875 0.0359375
2 0.440625 0.58828125 0.053125 0.0546875
2 0.5265625 0.8578125 0.046875 0.046875
2 0.375 0.92890625 0.053125 0.0421875
2 0.6 0.8140625 0.040625 0.040625
2 0.62890625 0.9203125 0.0453125 0.04375
2 0.6484375 0.95546875 0.0375 0.0359375
2 0.63046875 0.96953125 0.0390625 0.0390625
2 0.60546875 0.97109375 0.0421875 0.0453125
2 0.54609375 0.78359375 0.0453125 0.0328125
2 0.91171875 0.60390625 0.0421875 0.0359375
2 0.778125 0.7234375 0.046875 0.04375
4 0.26328125 0.59296875 0.0546875 0.0421875
2 0.696875 0.47890625 0.0375 0.0359375
2 0.95625 0.17265625 0.05625 0.0578125
2 0.81015625 0.19140625 0.0421875 0.0453125
2 0.89140625 0.31484375 0.0484375 0.0390625
2 0.8046875 0.47890625 0.04375 0.0390625
2 0.41015625 0.9109375 0.0453125 0.040625
2 0.54765625 0.75390625 0.0421875 0.0421875
2 0.58671875 0.3765625 0.0390625 0.034375
2 0.84140625 0.303125 0.0453125 0.0375
2 0.84765625 0.571875 0.0359375 0.040625
2 0.80078125 0.7 0.0453125 0.0375
4 0.37265625 0.984375 0.0453125 0.03125
2 0.50234375 0.89609375 0.0515625 0.0390625
2 0.45703125 0.890625 0.0421875 0.040625
2 0.50234375 0.90703125 0.0546875 0.0296875
2 0.6078125 0.8546875 0.034375 0.03125
2 0.56875 0.88515625 0.034375 0.0390625
2 0.69453125 0.9140625 0.0390625 0.0375
2 0.64921875 0.9859375 0.0515625 0.028125
2 0.49765625 0.74140625 0.0515625 0.0359375
2 0.6125 0.74453125 0.040625 0.0265625
2 0.61484375 0.77578125 0.0484375 0.0484375
2 0.58359375 0.7796875 0.0390625 0.04375
2 0.35625 0.753125 0.0375 0.034375
2 0.3421875 0.84140625 0.046875 0.0421875
2 0.3640625 0.67734375 0.034375 0.0390625
3 0.3625 0.71640625 0.05 0.0421875
2 0.43125 0.64296875 0.040625 0.0453125
2 0.48359375 0.6 0.0484375 0.040625
2 0.47109375 0.63984375 0.0421875 0.0421875
2 0.5015625 0.55625 0.046875 0.034375
2 0.26875 0.65390625 0.04375 0.0421875
2 0.67109375 0.55078125 0.0328125 0.0296875
2 0.66796875 0.50859375 0.0453125 0.0453125
2 0.35078125 0.28359375 0.0515625 0.0421875
2 0.34921875 0.47421875 0.0546875 0.0546875
2 0.4453125 0.5734375 0.046875 0.04375
2 0.3796875 0.68125 0.0375 0.040625
2 0.45 0.65390625 0.04375 0.0421875
2 0.371875 0.74140625 0.04375 0.0328125
2 0.80390625 0.99609375 0.0359375 0.0078125
2 0.865625 0.36484375 0.0375 0.0359375
2 0.7796875 0.51875 0.03125 0.04375
2 0.52890625 0.58984375 0.0484375 0.0484375
2 0.62265625 0.54375 0.0296875 0.040625
2 0.73359375 0.74140625 0.0359375 0.0328125
2 0.659375 0.6453125 0.046875 0.046875
2 0.42265625 0.75859375 0.0421875 0.0390625
2 0.4609375 0.8171875 0.040625 0.03125
2 0.71328125 0.925 0.0390625 0.034375
2 0.44921875 0.68203125 0.0421875 0.0390625
2 0.51953125 0.69140625 0.0453125 0.0453125
2 0.4921875 0.6609375 0.04375 0.040625
2 0.49765625 0.69453125 0.0421875 0.0390625
2 0.48671875 0.83828125 0.0359375 0.0390625
2 0.45390625 0.840625 0.0421875 0.03125
2 0.453125 0.86953125 0.04375 0.0390625
4 0.35234375 0.8640625 0.0484375 0.046875
2 0.98125 0.49765625 0.0375 0.0390625
2 0.9765625 0.2875 0.046875 0.0375
2 0.9265625 0.1953125 0.046875 0.04375
2 0.55546875 0.0265625 0.0609375 0.046875
2 0.5140625 0.54140625 0.034375 0.0328125
2 0.62890625 0.66015625 0.0484375 0.0484375
2 0.6640625 0.77734375 0.04375 0.0359375
2 0.66328125 0.83046875 0.0390625 0.0390625
2 0.85234375 0.9390625 0.0390625 0.0375
2 0.915625 0.94921875 0.0375 0.0421875
2 0.58984375 0.92421875 0.0546875 0.0359375
2 0.578125 0.13828125 0.05 0.0390625
2 0.99140625 0.4140625 0.0171875 0.04375
2 0.69375 0.9828125 0.040625 0.034375
4 0.35859375 0.51328125 0.0546875 0.0484375
4 0.309375 0.7765625 0.05625 0.046875
2 0.553125 0.55234375 0.05 0.0390625
2 0.296875 0.63515625 0.040625 0.0390625
2 0.59296875 0.43359375 0.0515625 0.0453125
2 0.49609375 0.284375 0.0453125 0.046875
2 0.34296875 0.3953125 0.0484375 0.040625
2 0.51640625 0.46484375 0.0359375 0.0359375
2 0.759375 0.3921875 0.04375 0.040625
2 0.76484375 0.45390625 0.0328125 0.0359375
2 0.728125 0.525 0.040625 0.040625
2 0.8671875 0.62421875 0.03125 0.0296875
2 0.68671875 0.60703125 0.0453125 0.0421875
2 0.58515625 0.5375 0.0328125 0.0375
2 0.61640625 0.50625 0.0484375 0.0375
2 0.6234375 0.51953125 0.040625 0.0359375
2 0.6953125 0.68359375 0.04375 0.0390625
2 0.646875 0.70625 0.040625 0.040625
2 0.8671875 0.7671875 0.04375 0.040625
2 0.834375 0.7796875 0.0375 0.0375
2 0.75078125 0.78828125 0.0328125 0.0328125
2 0.71640625 0.8453125 0.0390625 0.0375
2 0.8125 0.96015625 0.04375 0.0453125
2 0.9765625 0.95078125 0.046875 0.0359375
2 0.89453125 0.96015625 0.0421875 0.0390625
2 0.8703125 0.9765625 0.040625 0.034375
2 0.99296875 0.29609375 0.0140625 0.0421875
2 0.93671875 0.2875 0.0328125 0.03125
2 0.29765625 0.6765625 0.0578125 0.046875
2 0.42890625 0.6984375 0.0453125 0.034375
2 0.4046875 0.73359375 0.040625 0.0359375
2 0.3828125 0.72109375 0.040625 0.0359375
2 0.39453125 0.8328125 0.0421875 0.03125
2 0.3671875 0.80625 0.040625 0.04375
2 0.6234375 0.8359375 0.034375 0.028125
2 0.421875 0.9734375 0.05 0.034375
2 0.478125 0.96484375 0.053125 0.0453125
2 0.84453125 0.18671875 0.0515625 0.0546875
2 0.703125 0.2234375 0.0625 0.053125
2 0.6625 0.12421875 0.05625 0.0453125
2 0.69609375 0.1078125 0.0515625 0.046875
2 0.65078125 0.1046875 0.0484375 0.05
2 0.24921875 0.73984375 0.0546875 0.0546875
2 0.31875 0.90390625 0.053125 0.0453125
2 0.68671875 0.70859375 0.0515625 0.0515625
2 0.6703125 0.71171875 0.034375 0.0484375
2 0.64453125 0.61328125 0.0390625 0.0390625
2 0.81328125 0.57265625 0.0421875 0.0390625
2 0.64296875 0.55703125 0.0390625 0.0390625
2 0.603125 0.584375 0.046875 0.04375
2 0.46328125 0.70859375 0.0453125 0.0421875
2 0.9953125 0.4859375 0.009375 0.0375
2 0.9265625 0.5625 0.04375 0.040625
2 0.578125 0.6515625 0.04375 0.0375
2 0.828125 0.83984375 0.04375 0.0359375
2 0.72890625 0.86640625 0.0421875 0.0390625
2 0.396875 0.8125 0.04375 0.040625
2 0.3515625 0.84140625 0.040625 0.0421875
2 0.76484375 0.51640625 0.0359375 0.0390625
2 0.6453125 0.87734375 0.05 0.0421875
2 0.3234375 0.57890625 0.040625 0.0390625
2 0.3265625 0.60859375 0.05 0.0421875
2 0.378125 0.61796875 0.040625 0.0359375
2 0.528125 0.946875 0.053125 0.040625
2 0.52421875 0.778125 0.0390625 0.0375
2 0.55703125 0.79375 0.0390625 0.034375
2 0.55859375 0.98046875 0.0546875 0.0390625
2 0.89375 0.2015625 0.04375 0.04375
2 0.890625 0.1453125 0.05 0.040625
2 0.5078125 0.42578125 0.046875 0.0484375
2 0.5125 0.65078125 0.05 0.0390625
2 0.375 0.44609375 0.05 0.0421875
2 0.3625 0.42734375 0.05 0.0421875
2 0.4625 0.290625 0.0375 0.040625
2 0.5265625 0.17265625 0.046875 0.0421875
2 0.5125 0.0546875 0.059375 0.053125
2 0.7234375 0.0671875 0.05 0.04375
2 0.71796875 0.1921875 0.0421875 0.034375
2 0.23515625 0.4984375 0.0578125 0.05625
2 0.64765625 0.74140625 0.0421875 0.0359375
2 0.70859375 0.81796875 0.0453125 0.0359375
2 0.4875 0.803125 0.05 0.034375
2 0.40703125 0.8765625 0.0453125 0.040625
2 0.43984375 0.92265625 0.0546875 0.0421875
2 0.8875 0.98125 0.0375 0.0375
2 0.99609375 0.815625 0.0078125 0.040625
2 0.96953125 0.6234375 0.0453125 0.04375
2 0.6828125 0.93203125 0.034375 0.0328125
4 0.65859375 0.921875 0.0546875 0.046875
2 0.740625 0.7234375 0.046875 0.046875
2 0.7546875 0.69140625 0.04375 0.0296875
2 0.984375 0.4515625 0.03125 0.04375
2 0.83359375 0.4484375 0.0390625 0.03125
2 0.6 0.46328125 0.046875 0.0421875
2 0.265625 0.4515625 0.05 0.040625
2 0.52265625 0.61796875 0.0296875 0.0265625
2 0.61015625 0.5375 0.0359375 0.034375
2 0.82109375 0.4078125 0.0421875 0.0375
2 0.78671875 0.44296875 0.0421875 0.0359375
2 0.83828125 0.42109375 0.0484375 0.0390625
2 0.87890625 0.49140625 0.0296875 0.0359375
2 0.85 0.465625 0.046875 0.040625
2 0.95 0.40703125 0.053125 0.0484375
2 0.790625 0.20859375 0.053125 0.0546875
2 0.4203125 0.859375 0.05 0.0375
2 0.9390625 0.984375 0.034375 0.03125
2 0.915625 0.99609375 0.05 0.0078125
2 0.91171875 0.98671875 0.0484375 0.0265625
2 0.7828125 0.99140625 0.05625 0.0171875
2 0.684375 0.99140625 0.040625 0.0171875
2 0.7546875 0.9125 0.040625 0.040625
2 0.2453125 0.35390625 0.046875 0.0421875
2 0.28828125 0.35703125 0.0578125 0.0484375
2 0.24140625 0.42734375 0.0484375 0.0453125
2 0.41953125 0.7890625 0.0484375 0.03125
2 0.384375 0.95390625 0.05 0.0515625
2 0.3375 0.93515625 0.053125 0.0421875
2 0.95546875 0.14375 0.0515625 0.05
2 0.94375 0.1015625 0.059375 0.053125
2 0.79765625 0.24921875 0.0390625 0.0421875
2 0.50390625 0.1515625 0.0484375 0.04375
2 0.3875 0.21171875 0.046875 0.0453125
2 0.5640625 0.3359375 0.046875 0.03125
2 0.953125 0.68984375 0.0375 0.0421875
2 0.984375 0.69609375 0.03125 0.0421875
2 0.86875 0.65859375 0.0375 0.0359375
2 0.98125 0.8421875 0.0375 0.046875
4 0.98203125 0.9234375 0.0359375 0.046875
2 0.9546875 0.9203125 0.040625 0.0375
2 0.97265625 0.459375 0.0421875 0.040625
2 0.94375 0.31328125 0.046875 0.0421875
2 0.97890625 0.18984375 0.0421875 0.0515625
2 0.4125 0.6 0.040625 0.04375
2 0.97109375 0.16640625 0.0421875 0.0359375
2 0.47265625 0.11171875 0.0484375 0.0453125
2 0.465625 0.5484375 0.04375 0.040625
2 0.49609375 0.57578125 0.0546875 0.0453125
2 0.88828125 0.10703125 0.0453125 0.0484375
2 0.64296875 0.328125 0.0484375 0.046875
2 0.70625 0.36328125 0.04375 0.0421875
2 0.58984375 0.615625 0.0421875 0.034375
2 0.64765625 0.58984375 0.0421875 0.0421875
2 0.64453125 0.59921875 0.0421875 0.0359375
2 0.565625 0.58984375 0.040625 0.0421875
2 0.51328125 0.8421875 0.0546875 0.0375
2 0.5609375 0.8578125 0.046875 0.04375
2 0.8046875 0.60546875 0.040625 0.0359375
2 0.82890625 0.38203125 0.0390625 0.0453125
2 0.81328125 0.42578125 0.0421875 0.0390625
2 0.77265625 0.38359375 0.0328125 0.0421875
2 0.73828125 0.584375 0.0421875 0.0375
2 0.71171875 0.55234375 0.0421875 0.0421875
2 0.73515625 0.4828125 0.0421875 0.0375
2 0.8234375 0.50625 0.04375 0.0375
2 0.821875 0.53203125 0.046875 0.0421875
2 0.77265625 0.63125 0.0390625 0.040625
2 0.89609375 0.9296875 0.0484375 0.0375
2 0.31953125 0.80703125 0.0515625 0.0265625
2 0.66875 0.02734375 0.053125 0.0484375
2 0.665625 0.33046875 0.0375 0.0421875
2 0.8015625 0.8046875 0.046875 0.03125
2 0.865625 0.73515625 0.0375 0.0328125
2 0.83828125 0.92734375 0.0484375 0.0453125
2 0.6078125 0.20859375 0.0375 0.0453125
2 0.5890625 0.075 0.04375 0.046875
2 0.63984375 0.03671875 0.0546875 0.0453125
2 0.73828125 0.08828125 0.0421875 0.0421875
2 0.540625 0.47734375 0.046875 0.0359375
2 0.7140625 0.3875 0.046875 0.04375
2 0.5609375 0.4140625 0.046875 0.05
4 0.80625 0.37890625 0.04375 0.0453125
2 0.80859375 0.05546875 0.0453125 0.0484375
2 0.9171875 0.1796875 0.05 0.046875
4 0.40625 0.696875 0.04375 0.0375
2 0.33125 0.6265625 0.05 0.04375
4 0.37265625 0.525 0.0390625 0.0375
2 0.98203125 0.65390625 0.0359375 0.0453125
2 0.7140625 0.8875 0.04375 0.04375
2 0.36796875 0.84921875 0.0453125 0.0421875
2 0.43125 0.81171875 0.04375 0.0359375
2 0.9109375 0.22265625 0.04375 0.0421875
2 0.18828125 0.359375 0.0453125 0.040625
2 0.2765625 0.41640625 0.046875 0.0453125
2 0.259375 0.54609375 0.0625 0.0421875
2 0.49140625 0.94375 0.0546875 0.034375
2 0.89609375 0.546875 0.0421875 0.0375
2 0.36484375 0.3765625 0.0453125 0.04375
2 0.37109375 0.3671875 0.0515625 0.040625
2 0.43046875 0.2625 0.0421875 0.04375
4 0.35234375 0.3078125 0.0515625 0.04375
2 0.97890625 0.38359375 0.0421875 0.0453125
2 0.96796875 0.4359375 0.0421875 0.040625
4 0.89765625 0.3953125 0.0515625 0.034375
2 0.40390625 0.26171875 0.0421875 0.0390625
2 0.98671875 0.99140625 0.0265625 0.0171875
2 0.9515625 0.9703125 0.04375 0.04375
2 0.97578125 0.596875 0.0484375 0.046875
2 0.85 0.6953125 0.046875 0.04375
2 0.828125 0.8140625 0.04375 0.0375
2 0.803125 0.87265625 0.040625 0.0359375
2 0.83359375 0.87734375 0.0515625 0.0453125
2 0.8671875 0.884375 0.046875 0.04375
2 0.79140625 0.83828125 0.0390625 0.0296875
2 0.75078125 0.89609375 0.0453125 0.0453125
2 0.928125 0.7453125 0.0375 0.03125
2 0.6953125 0.75859375 0.05 0.0390625
2 0.575 0.759375 0.046875 0.04375
2 0.5828125 0.73828125 0.046875 0.0421875
2 0.63046875 0.85546875 0.0484375 0.0421875
2 0.85703125 0.353125 0.0359375 0.034375
2 0.56796875 0.12421875 0.0546875 0.0453125
4 0.36484375 0.21796875 0.0484375 0.0390625
4 0.309375 0.22578125 0.053125 0.0484375
4 0.140625 0.25546875 0.059375 0.0515625
2 0.1796875 0.5109375 0.053125 0.065625
2 0.45390625 0.51484375 0.0453125 0.0359375
2 0.4953125 0.5359375 0.04375 0.04375
2 0.5390625 0.50859375 0.046875 0.0453125
2 0.54609375 0.5484375 0.0578125 0.053125
2 0.93125 0.66015625 0.04375 0.0484375
2 0.465625 0.196875 0.053125 0.053125
2 0.7 0.1734375 0.046875 0.046875
2 0.43671875 0.88046875 0.0421875 0.0390625
2 0.371875 0.89375 0.046875 0.04375
4 0.34140625 0.7421875 0.0578125 0.0375
2 0.64140625 0.37734375 0.0515625 0.0421875
2 0.90859375 0.0671875 0.0546875 0.046875
2 0.97421875 0.7875 0.0390625 0.040625
2 0.89140625 0.66640625 0.0421875 0.0484375
2 0.87421875 0.59296875 0.0421875 0.0453125
2 0.975 0.35625 0.04375 0.04375
2 0.78515625 0.915625 0.0484375 0.04375
2 0.7953125 0.94296875 0.05 0.0453125
2 0.74765625 0.40078125 0.0359375 0.0328125
2 0.94375 0.390625 0.05 0.040625
2 0.653125 0.5296875 0.040625 0.0375
2 0.66875 0.6765625 0.04375 0.04375
2 0.69921875 0.8578125 0.0328125 0.0375
2 0.70546875 0.51171875 0.0515625 0.0484375
2 0.8484375 0.490625 0.034375 0.034375
2 0.903125 0.56875 0.040625 0.040625
3 0.7671875 0.1140625 0.040625 0.034375
2 0.8984375 0.74765625 0.053125 0.0515625
0 0.85078125 0.78984375 0.0296875 0.0296875
2 0.89296875 0.90546875 0.0515625 0.0453125
2 0.66953125 0.95625 0.0546875 0.046875
2 0.78203125 0.0671875 0.0453125 0.053125
2 0.7109375 0.08125 0.05 0.04375
2 0.578125 0.30234375 0.04375 0.0453125
2 0.4546875 0.4921875 0.05 0.034375
2 0.9578125 0.62890625 0.040625 0.0328125
2 0.915625 0.68125 0.05 0.040625
2 0.9296875 0.5796875 0.046875 0.034375
2 0.87578125 0.53203125 0.0328125 0.0328125
2 0.78046875 0.57421875 0.0484375 0.0453125
2 0.81484375 0.6421875 0.0390625 0.0375
0 0.7234375 0.64609375 0.034375 0.0234375
2 0.915625 0.82265625 0.040625 0.0359375
2 0.75234375 0.971875 0.0453125 0.046875
2 0.5890625 0.490625 0.04375 0.040625
2 0.996875 0.63828125 0.00625 0.0453125
2 0.76796875 0.3046875 0.0546875 0.05
2 0.7 0.453125 0.05 0.046875
2 0.7515625 0.44375 0.04375 0.04375
2 0.509375 0.76328125 0.040625 0.0359375
2 0.8671875 0.9625 0.05 0.0375
2 0.65078125 0.08046875 0.0546875 0.0515625
2 0.83515625 0.7125 0.0515625 0.053125
2 0.5109375 0.29140625 0.04375 0.0390625
2 0.6328125 0.678125 0.04375 0.034375
2 0.640625 0.24140625 0.04375 0.0390625
2 0.83515625 0.01875 0.0515625 0.034375
4 0.8609375 0.0671875 0.05 0.040625
2 0.56640625 0.51015625 0.0484375 0.0453125
2 0.48359375 0.734375 0.0484375 0.0375
2 0.98671875 0.1609375 0.0265625 0.04375
4 0.4234375 0.76875 0.046875 0.0375
2 0.9 0.7921875 0.04375 0.046875
2 0.6875 0.57890625 0.046875 0.0421875
2 0.89296875 0.475 0.0359375 0.040625
4 0.56875 0.1953125 0.04375 0.040625
2 0.78125 0.73828125 0.04375 0.0390625
2 0.82265625 0.11015625 0.0484375 0.0484375
2 0.7703125 0.03125 0.046875 0.040625
2 0.87265625 0.5765625 0.0328125 0.03125
2 0.84375 0.5546875 0.034375 0.034375
0 0.80625 0.55234375 0.0375 0.0296875
2 0.853125 0.61171875 0.04375 0.0390625
0 0.73359375 0.659375 0.0390625 0.025
2 0.70859375 0.7984375 0.0390625 0.03125
2 0.540625 0.67109375 0.040625 0.0390625
2 0.9328125 0.43359375 0.040625 0.0421875
2 0.5375 0.72890625 0.05 0.0421875
2 0.51171875 0.30625 0.0421875 0.04375
2 0.98515625 0.3515625 0.0296875 0.0375
2 0.2546875 0.46640625 0.04375 0.0421875
0 0.78671875 0.875 0.0265625 0.025
2 0.63828125 0.4953125 0.0578125 0.046875
4 0.6359375 0.48359375 0.0375 0.0390625
2 0.5921875 0.98203125 0.046875 0.0359375
2 0.465625 0.61484375 0.046875 0.0484375
0 0.67578125 0.8078125 0.0390625 0.028125
0 0.76640625 0.80859375 0.0234375 0.0234375
2 0.59296875 0.7203125 0.0484375 0.040625
2 0.98828125 0.315625 0.0234375 0.040625
2 0.796875 0.353125 0.046875 0.040625
2 0.6640625 0.8578125 0.04375 0.034375
4 0.378125 0.478125 0.05625 0.05
2 0.56171875 0.35390625 0.0515625 0.0421875
2 0.5515625 0.26953125 0.04375 0.0484375
2 0.73828125 0.9359375 0.0421875 0.034375
4 0.79375 0.5171875 0.04375 0.034375
2 0.73671875 0.61640625 0.0296875 0.0234375
2 0.66328125 0.596875 0.0390625 0.040625
2 0.45078125 0.15234375 0.0546875 0.0453125
2 0.559375 0.465625 0.05 0.05
2 0.98203125 0.90703125 0.0359375 0.0453125
2 0.67109375 0.10859375 0.0421875 0.0390625
2 0.43125 0.68125 0.040625 0.034375
2 0.5390625 0.8890625 0.04375 0.04375
2 0.92421875 0.80859375 0.0265625 0.0296875
2 0.95703125 0.6578125 0.0359375 0.0375
2 0.91875 0.9265625 0.0375 0.03125
2 0.959375 0.2984375 0.040625 0.034375
2 0.796875 0.96015625 0.053125 0.0453125
3 0.49140625 0.03515625 0.0515625 0.0453125
3 0.7984375 0.09375 0.04375 0.0375
2 0.82421875 0.3671875 0.0421875 0.03125
2 0.98671875 0.97265625 0.0265625 0.0546875
2 0.59375 0.20859375 0.05625 0.0484375
2 0.42109375 0.4265625 0.0578125 0.053125