2 0.61953125 0.7984375 0.0453125 0.040625
2 0.584375 0.61875 0.04375 0.0375
2 0.49140625 0.825 0.0390625 0.03125
2 0.6828125 0.71640625 0.034375 0.0359375
2 0.5171875 0.77265625 0.04375 0.0453125
2 0.49765625 0.70703125 0.0421875 0.0421875
2 0.721875 0.81953125 0.040625 0.0453125
2 0.78515625 0.97421875 0.0515625 0.0359375
2 0.5234375 0.74609375 0.05 0.0421875
4 0.3734375 0.56171875 0.05625 0.0359375
2 0.465625 0.71328125 0.040625 0.0421875
2 0.7125 0.62265625 0.046875 0.0453125
2 0.7671875 0.840625 0.0375 0.04375
4 0.78984375 0.86796875 0.0453125 0.0453125
4 0.65703125 0.54375 0.0515625 0.040625
2 0.88828125 0.70625 0.0453125 0.046875
2 0.9078125 0.15390625 0.0375 0.0328125
2 0.39453125 0.29296875 0.0421875 0.0421875
2 0.39140625 0.3109375 0.0546875 0.0375
2 0.378125 0.503125 0.040625 0.04375
2 0.74296875 0.74921875 0.0421875 0.0359375
2 0.45078125 0.2625 0.0421875 0.040625
2 0.453125 0.81640625 0.034375 0.0421875
2 0.6953125 0.69375 0.04375 0.034375
2 0.7109375 0.7953125 0.04375 0.04375
2 0.81328125 0.0109375 0.0484375 0.021875
2 0.8984375 0.02421875 0.046875 0.0359375
2 0.68046875 0.12578125 0.0359375 0.0390625
2 0.9515625 0.021875 0.0375 0.0375
2 0.590625 0.25234375 0.034375 0.0328125
2 0.50390625 0.28984375 0.0421875 0.0359375
2 0.440625 0.25234375 0.053125 0.0546875
2 0.5265625 0.521875 0.046875 0.046875
2 0.375 0.59296875 0.053125 0.0421875
2 0.6 0.478125 0.040625 0.040625
2 0.62890625 0.584375 0.0453125 0.04375
2 0.6484375 0.61953125 0.0375 0.0359375
2 0.63046875 0.63359375 0.0390625 0.0390625
2 0.60546875 0.63515625 0.0421875 0.0453125
2 0.8109375 0.89921875 0.0375 0.0421875
4 0.82890625 0.8515625 0.0453125 0.040625
4 0.603125 0.84921875 0.04375 0.0359375
2 0.54609375 0.44765625 0.0453125 0.0328125
2 0.6328125 0.86875 0.05 0.040625
2 0.91171875 0.26796875 0.0421875 0.0359375
2 0.778125 0.3875 0.046875 0.04375
4 0.26328125 0.25703125 0.0546875 0.0421875
2 0.696875 0.14296875 0.0375 0.0359375
2 0.60546875 0.6953125 0.0390625 0.0375
2 0.67421875 0.803125 0.0453125 0.04375
2 0.60625 0.8140625 0.04375 0.0375
2 0.8984375 0.86171875 0.04375 0.0453125
2 0.8953125 0.9 0.040625 0.040625
2 0.8046875 0.14296875 0.04375 0.0390625
2 0.41015625 0.575 0.0453125 0.040625
2 0.54765625 0.41796875 0.0421875 0.0421875
2 0.58671875 0.040625 0.0390625 0.034375
2 0.84765625 0.2359375 0.0359375 0.040625
2 0.80078125 0.3640625 0.0453125 0.0375
2 0.65234375 0.68359375 0.0421875 0.0390625
2 0.5 0.7984375 0.05 0.04375
2 0.31953125 0.846875 0.0484375 0.046875
2 0.4 0.75 0.046875 0.05625
2 0.44609375 0.7546875 0.0515625 0.040625
4 0.37265625 0.65703125 0.0453125 0.0484375
2 0.50234375 0.56015625 0.0515625 0.0390625
2 0.45703125 0.5546875 0.0421875 0.040625
2 0.50234375 0.57109375 0.0546875 0.0296875
2 0.6078125 0.51875 0.034375 0.03125
2 0.56875 0.54921875 0.034375 0.0390625
2 0.69453125 0.578125 0.0390625 0.0375
2 0.64921875 0.6578125 0.0515625 0.04375
2 0.49765625 0.40546875 0.0515625 0.0359375
2 0.6125 0.40859375 0.040625 0.0265625
2 0.61484375 0.43984375 0.0484375 0.0484375
2 0.58359375 0.44375 0.0390625 0.04375
2 0.35625 0.4171875 0.0375 0.034375
2 0.3421875 0.50546875 0.046875 0.0421875
2 0.3640625 0.34140625 0.034375 0.0390625
3 0.3625 0.38046875 0.05 0.0421875
2 0.43125 0.30703125 0.040625 0.0453125
2 0.48359375 0.2640625 0.0484375 0.040625
2 0.47109375 0.30390625 0.0421875 0.0421875
2 0.5015625 0.2203125 0.046875 0.034375
2 0.26875 0.31796875 0.04375 0.0421875
2 0.67109375 0.21484375 0.0328125 0.0296875
2 0.66796875 0.17265625 0.0453125 0.0453125
2 0.34921875 0.13828125 0.0546875 0.0546875
2 0.4453125 0.2375 0.046875 0.04375
2 0.3796875 0.3453125 0.0375 0.040625
2 0.45 0.31796875 0.04375 0.0421875
2 0.371875 0.40546875 0.04375 0.0328125
4 0.51953125 0.87109375 0.0421875 0.0421875
2 0.80390625 0.67734375 0.0359375 0.0421875
2 0.865625 0.02890625 0.0375 0.0359375
2 0.7796875 0.1828125 0.03125 0.04375
2 0.52890625 0.25390625 0.0484375 0.0484375
2 0.62265625 0.2078125 0.0296875 0.040625
2 0.73359375 0.40546875 0.0359375 0.0328125
2 0.659375 0.309375 0.046875 0.046875
2 0.42265625 0.42265625 0.0421875 0.0390625
2 0.4609375 0.48125 0.040625 0.03125
2 0.71328125 0.5890625 0.0390625 0.034375
2 0.59609375 0.79921875 0.0484375 0.0453125
2 0.44921875 0.34609375 0.0421875 0.0390625
2 0.51953125 0.35546875 0.0453125 0.0453125
2 0.4921875 0.325 0.04375 0.040625
2 0.49765625 0.35859375 0.0421875 0.0390625
2 0.48671875 0.50234375 0.0359375 0.0390625
2 0.45390625 0.5046875 0.0421875 0.03125
2 0.453125 0.53359375 0.04375 0.0390625
4 0.35234375 0.528125 0.0484375 0.046875
2 0.9671875 0.75390625 0.046875 0.0421875
2 0.9828125 0.7078125 0.034375 0.040625
2 0.996875 0.925 0.00625 0.0375
2 0.98125 0.16171875 0.0375 0.0390625
2 0.5140625 0.20546875 0.034375 0.0328125
2 0.62890625 0.32421875 0.0484375 0.0484375
2 0.6640625 0.44140625 0.04375 0.0359375
2 0.66328125 0.49453125 0.0390625 0.0390625
2 0.85234375 0.603125 0.0390625 0.0375
2 0.915625 0.61328125 0.0375 0.0421875
2 0.8234375 0.76953125 0.0375 0.0421875
4 0.75390625 0.94765625 0.0546875 0.0484375
2 0.57109375 0.69375 0.0484375 0.04375
2 0.58984375 0.58828125 0.0546875 0.0359375
4 0.92265625 0.88515625 0.0421875 0.0484375
2 0.99140625 0.078125 0.0171875 0.04375
2 0.75234375 0.89453125 0.0484375 0.0453125
2 0.5234375 0.71640625 0.05 0.0484375
2 0.69375 0.6484375 0.040625 0.0375
4 0.35859375 0.17734375 0.0546875 0.0484375
4 0.309375 0.440625 0.05625 0.046875
2 0.553125 0.21640625 0.05 0.0390625
2 0.296875 0.29921875 0.040625 0.0390625
2 0.59296875 0.09765625 0.0515625 0.0453125
2 0.34296875 0.059375 0.0484375 0.040625
2 0.51640625 0.12890625 0.0359375 0.0359375
2 0.759375 0.05625 0.04375 0.040625
2 0.76484375 0.11796875 0.0328125 0.0359375
2 0.728125 0.1890625 0.040625 0.040625
2 0.8671875 0.28828125 0.03125 0.0296875
2 0.68671875 0.27109375 0.0453125 0.0421875
2 0.58515625 0.2015625 0.0328125 0.0375
2 0.61640625 0.1703125 0.0484375 0.0375
2 0.6234375 0.18359375 0.040625 0.0359375
2 0.6953125 0.34765625 0.04375 0.0390625
2 0.646875 0.3703125 0.040625 0.040625
2 0.8671875 0.43125 0.04375 0.040625
2 0.834375 0.44375 0.0375 0.0375
2 0.75078125 0.45234375 0.0328125 0.0328125
2 0.71640625 0.509375 0.0390625 0.0375
2 0.8125 0.62421875 0.04375 0.0453125
2 0.9765625 0.61484375 0.046875 0.0359375
2 0.89453125 0.62421875 0.0421875 0.0390625
2 0.8703125 0.640625 0.040625 0.034375
2 0.29765625 0.340625 0.0578125 0.046875
2 0.42890625 0.3625 0.0453125 0.034375
2 0.4046875 0.39765625 0.040625 0.0359375
2 0.3828125 0.38515625 0.040625 0.0359375
2 0.39453125 0.496875 0.0421875 0.03125
2 0.3671875 0.4703125 0.040625 0.04375
2 0.6234375 0.5 0.034375 0.028125
2 0.421875 0.6375 0.05 0.034375
3 0.36484375 0.72734375 0.0578125 0.0421875
2 0.35546875 0.6875 0.0421875 0.040625
2 0.478125 0.62890625 0.053125 0.0453125
2 0.5734375 0.72265625 0.053125 0.0421875
2 0.7203125 0.70390625 0.05 0.0546875
2 0.784375 0.76484375 0.05 0.0421875
2 0.53203125 0.85390625 0.0421875 0.0421875
2 0.62578125 0.76171875 0.0484375 0.0484375
2 0.5609375 0.82265625 0.053125 0.0484375
2 0.24921875 0.40390625 0.0546875 0.0546875
2 0.31875 0.56796875 0.053125 0.0453125
2 0.68671875 0.37265625 0.0515625 0.0515625
2 0.6703125 0.37578125 0.034375 0.0484375
2 0.64453125 0.27734375 0.0390625 0.0390625
2 0.81328125 0.23671875 0.0421875 0.0390625
2 0.64296875 0.22109375 0.0390625 0.0390625
2 0.603125 0.2484375 0.046875 0.04375
2 0.46328125 0.37265625 0.0453125 0.0421875
4 0.87109375 0.90546875 0.0453125 0.0453125
2 0.9953125 0.15 0.009375 0.0375
2 0.9265625 0.2265625 0.04375 0.040625
2 0.578125 0.315625 0.04375 0.0375
2 0.828125 0.50390625 0.04375 0.0359375
2 0.72890625 0.53046875 0.0421875 0.0390625
2 0.396875 0.4765625 0.04375 0.040625
2 0.3515625 0.50546875 0.040625 0.0421875
2 0.76484375 0.18046875 0.0359375 0.0390625
2 0.6453125 0.54140625 0.05 0.0421875
2 0.934375 0.821875 0.034375 0.040625
2 0.3234375 0.24296875 0.040625 0.0390625
2 0.3265625 0.27265625 0.05 0.0421875
2 0.378125 0.28203125 0.040625 0.0359375
2 0.528125 0.6109375 0.053125 0.040625
2 0.52421875 0.4421875 0.0390625 0.0375
2 0.55703125 0.4578125 0.0390625 0.034375
2 0.55859375 0.6515625 0.0546875 0.053125
2 0.5078125 0.08984375 0.046875 0.0484375
2 0.5125 0.31484375 0.05 0.0390625
2 0.375 0.11015625 0.05 0.0421875
2 0.3625 0.09140625 0.05 0.0421875
2 0.78359375 0.8125 0.0421875 0.040625
2 0.23515625 0.1625 0.0578125 0.05625
2 0.64765625 0.40546875 0.0421875 0.0359375
2 0.70859375 0.48203125 0.0453125 0.0359375
2 0.4875 0.4671875 0.05 0.034375
2 0.40703125 0.540625 0.0453125 0.040625
2 0.43984375 0.58671875 0.0546875 0.0421875
2 0.4296875 0.71171875 0.05625 0.0453125
2 0.63359375 0.96796875 0.0484375 0.0484375
2 0.7625 0.81015625 0.04375 0.0328125
2 0.73671875 0.83359375 0.0359375 0.0421875
2 0.95703125 0.71640625 0.0359375 0.0453125
2 0.8875 0.64609375 0.0375 0.0390625
2 0.99609375 0.4796875 0.0078125 0.040625
2 0.96953125 0.2875 0.0453125 0.04375
2 0.6828125 0.59609375 0.034375 0.0328125
4 0.65859375 0.5859375 0.0546875 0.046875
2 0.740625 0.3875 0.046875 0.046875
2 0.7546875 0.35546875 0.04375 0.0296875
2 0.984375 0.115625 0.03125 0.04375
2 0.56875 0.75078125 0.046875 0.0453125
2 0.55 0.775 0.046875 0.04375
2 0.4546875 0.7375 0.04375 0.0375
2 0.8625 0.6984375 0.040625 0.040625
2 0.83359375 0.1125 0.0390625 0.03125
2 0.6 0.12734375 0.046875 0.0421875
2 0.265625 0.115625 0.05 0.040625
2 0.52265625 0.28203125 0.0296875 0.0265625
2 0.61015625 0.2015625 0.0359375 0.034375
2 0.82109375 0.071875 0.0421875 0.0375
2 0.78671875 0.10703125 0.0421875 0.0359375
2 0.83828125 0.08515625 0.0484375 0.0390625
2 0.87890625 0.15546875 0.0296875 0.0359375
2 0.85 0.1296875 0.046875 0.040625
2 0.95 0.07109375 0.053125 0.0484375
2 0.4203125 0.5234375 0.05 0.0375
2 0.840625 0.934375 0.040625 0.034375
2 0.8484375 0.890625 0.03125 0.04375
2 0.915625 0.91875 0.0375 0.04375
2 0.9390625 0.65 0.034375 0.034375
2 0.915625 0.68125 0.05 0.05
2 0.91171875 0.65859375 0.0484375 0.0421875
2 0.7828125 0.671875 0.05625 0.05
2 0.684375 0.66640625 0.040625 0.0390625
2 0.7546875 0.5765625 0.040625 0.040625
2 0.7015625 0.84140625 0.053125 0.0484375
2 0.2453125 0.01953125 0.046875 0.0390625
2 0.28828125 0.02265625 0.0578125 0.0453125
2 0.24140625 0.09140625 0.0484375 0.0453125
2 0.41953125 0.453125 0.0484375 0.03125
2 0.384375 0.61796875 0.05 0.0515625
2 0.3375 0.59921875 0.053125 0.0421875
2 0.66640625 0.83203125 0.0515625 0.0421875
2 0.8328125 0.86796875 0.046875 0.0484375
2 0.82734375 0.828125 0.0515625 0.0375
2 0.5640625 0.0078125 0.046875 0.015625
2 0.89140625 0.82421875 0.0453125 0.0421875
2 0.953125 0.35390625 0.0375 0.0421875
2 0.984375 0.36015625 0.03125 0.0421875
2 0.86875 0.32265625 0.0375 0.0359375
2 0.98125 0.50625 0.0375 0.046875
4 0.98203125 0.5875 0.0359375 0.046875
2 0.9546875 0.584375 0.040625 0.0375
2 0.8671875 0.72578125 0.0375 0.0421875
2 0.97265625 0.1234375 0.0421875 0.040625
2 0.4125 0.2640625 0.040625 0.04375
2 0.465625 0.2125 0.04375 0.040625
2 0.49609375 0.23984375 0.0546875 0.0453125
2 0.975 0.94140625 0.046875 0.0484375
2 0.64296875 0.0078125 0.0484375 0.015625
2 0.70625 0.02734375 0.04375 0.0421875
2 0.58984375 0.2796875 0.0421875 0.034375
2 0.64765625 0.25390625 0.0421875 0.0421875
2 0.64453125 0.26328125 0.0421875 0.0359375
2 0.565625 0.25390625 0.040625 0.0421875
2 0.51328125 0.50625 0.0546875 0.0375
2 0.5609375 0.521875 0.046875 0.04375
2 0.47265625 0.7625 0.0453125 0.04375
4 0.553125 0.85859375 0.046875 0.0484375
2 0.9953125 0.7703125 0.009375 0.04375
4 0.86484375 0.86171875 0.0453125 0.0453125
2 0.8046875 0.26953125 0.040625 0.0359375
2 0.82890625 0.04609375 0.0390625 0.0453125
2 0.81328125 0.08984375 0.0421875 0.0390625
2 0.77265625 0.04765625 0.0328125 0.0421875
2 0.73828125 0.2484375 0.0421875 0.0375
2 0.71171875 0.21640625 0.0421875 0.0421875
2 0.73515625 0.146875 0.0421875 0.0375
2 0.8234375 0.1703125 0.04375 0.0375
2 0.821875 0.19609375 0.046875 0.0421875
2 0.77265625 0.2953125 0.0390625 0.040625
2 0.89609375 0.59375 0.0484375 0.0375
2 0.92734375 0.715625 0.0421875 0.040625
2 0.31953125 0.47109375 0.0515625 0.0265625
2 0.95703125 0.93046875 0.0421875 0.0421875
4 0.90625 0.93046875 0.04375 0.0390625
2 0.665625 0.0078125 0.0375 0.015625
2 0.8015625 0.46875 0.046875 0.03125
2 0.865625 0.39921875 0.0375 0.0328125
2 0.83828125 0.59140625 0.0484375 0.0453125
2 0.540625 0.14140625 0.046875 0.0359375
2 0.7140625 0.0515625 0.046875 0.04375
2 0.5609375 0.078125 0.046875 0.05
4 0.80625 0.04296875 0.04375 0.0453125
2 0.97421875 0.88984375 0.0515625 0.0515625
2 0.709375 0.77578125 0.059375 0.0484375
2 0.5953125 0.7546875 0.046875 0.046875
2 0.39375 0.68515625 0.040625 0.0515625
4 0.40625 0.3609375 0.04375 0.0375
2 0.33125 0.290625 0.05 0.04375
4 0.37265625 0.1890625 0.0390625 0.0375
2 0.98203125 0.31796875 0.0359375 0.0453125
2 0.7140625 0.5515625 0.04375 0.04375
2 0.36796875 0.51328125 0.0453125 0.0421875
2 0.43125 0.47578125 0.04375 0.0359375
2 0.18828125 0.0234375 0.0453125 0.040625
2 0.2765625 0.08046875 0.046875 0.0453125
2 0.259375 0.21015625 0.0625 0.0421875
2 0.49140625 0.6078125 0.0546875 0.034375
2 0.540625 0.690625 0.040625 0.040625
2 0.89609375 0.2109375 0.0421875 0.0375
2 0.36484375 0.040625 0.0453125 0.04375
2 0.37109375 0.03125 0.0515625 0.040625
2 0.97890625 0.04765625 0.0421875 0.0453125
2 0.96796875 0.1 0.0421875 0.040625
4 0.89765625 0.059375 0.0515625 0.034375
2 0.5953125 0.96953125 0.05 0.0453125
2 0.98671875 0.66796875 0.0265625 0.0421875
2 0.9515625 0.634375 0.04375 0.04375
2 0.97578125 0.2609375 0.0484375 0.046875
2 0.85 0.359375 0.046875 0.04375
2 0.828125 0.478125 0.04375 0.0375
2 0.803125 0.53671875 0.040625 0.0359375
2 0.83359375 0.54140625 0.0515625 0.0453125
2 0.8671875 0.5484375 0.046875 0.04375
2 0.79140625 0.50234375 0.0390625 0.0296875
2 0.75078125 0.56015625 0.0453125 0.0453125
2 0.928125 0.409375 0.0375 0.03125
2 0.6953125 0.42265625 0.05 0.0390625
2 0.575 0.4234375 0.046875 0.04375
2 0.5828125 0.40234375 0.046875 0.0421875
2 0.63046875 0.51953125 0.0484375 0.0421875
2 0.85703125 0.0171875 0.0359375 0.034375
2 0.46796875 0.7984375 0.0453125 0.046875
2 0.56640625 0.89140625 0.0515625 0.0453125
2 0.1796875 0.175 0.053125 0.065625
2 0.45390625 0.17890625 0.0453125 0.0359375
2 0.4953125 0.2 0.04375 0.04375
2 0.5390625 0.17265625 0.046875 0.0453125
2 0.54609375 0.2125 0.0578125 0.053125
2 0.93125 0.32421875 0.04375 0.0484375
2 0.64375 0.89375 0.053125 0.046875
4 0.59296875 0.93125 0.0515625 0.04375
2 0.43671875 0.54453125 0.0421875 0.0390625
2 0.371875 0.5578125 0.046875 0.04375
4 0.34140625 0.40625 0.0578125 0.0375
2 0.64140625 0.04140625 0.0515625 0.0421875
2 0.97421875 0.4515625 0.0390625 0.040625
2 0.89140625 0.33046875 0.0421875 0.0484375
2 0.87421875 0.25703125 0.0421875 0.0453125
2 0.975 0.02109375 0.04375 0.0421875
2 0.78515625 0.5796875 0.0484375 0.04375
2 0.7953125 0.60703125 0.05 0.0453125
2 0.88515625 0.69375 0.0515625 0.046875
2 0.9609375 0.82265625 0.05 0.0453125
2 0.74765625 0.06484375 0.0359375 0.0328125
2 0.94375 0.0546875 0.05 0.040625
2 0.653125 0.19375 0.040625 0.0375
2 0.66875 0.340625 0.04375 0.04375
2 0.69921875 0.521875 0.0328125 0.0375
2 0.94140625 0.7875 0.0515625 0.046875
2 0.70546875 0.17578125 0.0515625 0.0484375
2 0.8484375 0.1546875 0.034375 0.034375
2 0.903125 0.2328125 0.040625 0.040625
2 0.8984375 0.41171875 0.053125 0.0515625
0 0.85078125 0.45390625 0.0296875 0.0296875
2 0.84375 0.73515625 0.040625 0.0515625
2 0.89296875 0.56953125 0.0515625 0.0453125
2 0.66953125 0.6203125 0.0546875 0.046875
2 0.4546875 0.15625 0.05 0.034375
2 0.85546875 0.9546875 0.0421875 0.040625
2 0.9578125 0.29296875 0.040625 0.0328125
2 0.915625 0.3453125 0.05 0.040625
2 0.9296875 0.24375 0.046875 0.034375
2 0.87578125 0.19609375 0.0328125 0.0328125
2 0.78046875 0.23828125 0.0484375 0.0453125
2 0.81484375 0.30625 0.0390625 0.0375
0 0.7234375 0.31015625 0.034375 0.0234375
2 0.915625 0.48671875 0.040625 0.0359375
2 0.75234375 0.6359375 0.0453125 0.046875
2 0.5890625 0.1546875 0.04375 0.040625
2 0.47421875 0.69375 0.0484375 0.0375
2 0.996875 0.30234375 0.00625 0.0453125
2 0.7 0.1171875 0.05 0.046875
2 0.7515625 0.1078125 0.04375 0.04375
2 0.509375 0.42734375 0.040625 0.0359375
4 0.93984375 0.69140625 0.0484375 0.0421875
2 0.8671875 0.6265625 0.05 0.0375
2 0.83515625 0.3765625 0.0515625 0.053125
2 0.9828125 0.79453125 0.034375 0.0421875
2 0.6328125 0.3421875 0.04375 0.034375
2 0.56640625 0.17421875 0.0484375 0.0453125
2 0.48359375 0.3984375 0.0484375 0.0375
2 0.64453125 0.78125 0.0421875 0.04375
2 0.80078125 0.8921875 0.0484375 0.046875
2 0.89609375 0.7375 0.0546875 0.046875
4 0.4234375 0.4328125 0.046875 0.0375
2 0.9 0.45625 0.04375 0.046875
2 0.6875 0.24296875 0.046875 0.0421875
2 0.89296875 0.1390625 0.0359375 0.040625
2 0.5109375 0.79453125 0.053125 0.0515625
2 0.78125 0.40234375 0.04375 0.0390625
2 0.87265625 0.240625 0.0328125 0.03125
2 0.84375 0.21875 0.034375 0.034375
0 0.80625 0.21640625 0.0375 0.0296875
2 0.853125 0.27578125 0.04375 0.0390625
0 0.73359375 0.3234375 0.0390625 0.025
2 0.70859375 0.4625 0.0390625 0.03125
2 0.540625 0.33515625 0.040625 0.0390625
2 0.9328125 0.09765625 0.040625 0.0421875
2 0.5375 0.39296875 0.05 0.0421875
2 0.98515625 0.0171875 0.0296875 0.034375
2 0.2546875 0.13046875 0.04375 0.0421875
0 0.78671875 0.5390625 0.0265625 0.025
2 0.63828125 0.159375 0.0578125 0.046875
4 0.6359375 0.14765625 0.0375 0.0390625
2 0.5921875 0.65 0.046875 0.04375
2 0.465625 0.27890625 0.046875 0.0484375
0 0.67578125 0.471875 0.0390625 0.028125
0 0.76640625 0.47265625 0.0234375 0.0234375
2 0.59296875 0.384375 0.0484375 0.040625
2 0.796875 0.01875 0.046875 0.0375
2 0.6640625 0.521875 0.04375 0.034375
4 0.378125 0.1421875 0.05625 0.05
2 0.98359375 0.840625 0.0328125 0.046875
0 0.64375 0.74140625 0.034375 0.0359375
2 0.56171875 0.01953125 0.0515625 0.0390625
2 0.83828125 0.9734375 0.0546875 0.0375
2 0.98828125 0.9578125 0.0234375 0.0375
2 0.546875 0.88046875 0.046875 0.0421875
2 0.73828125 0.6 0.0421875 0.034375
4 0.79375 0.18125 0.04375 0.034375
2 0.61875 0.70234375 0.046875 0.0453125
2 0.73671875 0.28046875 0.0296875 0.0234375
2 0.66328125 0.2609375 0.0390625 0.040625
2 0.559375 0.1296875 0.05 0.05
2 0.98203125 0.57109375 0.0359375 0.0453125
2 0.87578125 0.8046875 0.0328125 0.0375
2 0.43125 0.3453125 0.040625 0.034375
2 0.56796875 0.8046875 0.0421875 0.040625
2 0.5390625 0.553125 0.04375 0.04375
2 0.92421875 0.47265625 0.0265625 0.0296875
2 0.95703125 0.321875 0.0359375 0.0375
2 0.57578125 0.90703125 0.0515625 0.0484375
2 0.75078125 0.8 0.0453125 0.046875
2 0.78203125 0.79453125 0.0390625 0.0484375
2 0.91875 0.590625 0.0375 0.03125
2 0.91953125 0.87109375 0.0453125 0.0546875
2 0.95546875 0.77109375 0.0515625 0.0421875
2 0.796875 0.62421875 0.053125 0.0453125
2 0.61796875 0.8953125 0.0421875 0.046875
2 0.82421875 0.03125 0.0421875 0.03125
2 0.98671875 0.6375 0.0265625 0.05625
2 0.42109375 0.090625 0.0578125 0.053125