2 0.35546875 0.34765625 0.0453125 0.0453125
2 0.12421875 0.70078125 0.0390625 0.0421875
2 0.55546875 0.534375 0.0484375 0.040625
2 0.00546875 0.70625 0.0109375 0.046875
2 0.50546875 0.86640625 0.0453125 0.0390625
4 0.628125 0.6015625 0.0375 0.04375
2 0.61328125 0.4328125 0.0421875 0.0375
2 0.44140625 0.4828125 0.0390625 0.0375
2 0.38984375 0.496875 0.0484375 0.05
2 0.31171875 0.5875 0.0359375 0.034375
2 0.4453125 0.61953125 0.040625 0.0421875
2 0.778125 0.3078125 0.040625 0.034375
2 0.01328125 0.15390625 0.0265625 0.0328125
2 0.81796875 0.34609375 0.0328125 0.0359375
2 0.44140625 0.68515625 0.0390625 0.0359375
2 0.36796875 0.515625 0.0484375 0.04375
2 0.0109375 0.02421875 0.021875 0.0359375
2 0.0515625 0.021875 0.0375 0.0375
2 0.45 0.66328125 0.05 0.0421875
2 0.3734375 0.64765625 0.040625 0.0390625
2 0.46015625 0.55625 0.0453125 0.040625
2 0.01640625 0.26796875 0.0328125 0.0359375
2 0.64296875 0.590625 0.0484375 0.0375
2 0.31953125 0.46953125 0.0359375 0.0390625
2 0.49375 0.4 0.034375 0.040625
2 0.59375 0.87109375 0.046875 0.0484375
2 0.76796875 0.76796875 0.0484375 0.0421875
2 0.01015625 0.86171875 0.0203125 0.0453125
2 0.0078125 0.9 0.015625 0.040625
2 0.16640625 0.9171875 0.0453125 0.046875
2 0.61640625 0.7328125 0.0453125 0.040625
2 0.5796875 0.69921875 0.04375 0.0390625
2 0.284375 0.6046875 0.04375 0.046875
2 0.1484375 0.51171875 0.0375 0.0390625
4 0.13046875 0.76796875 0.0390625 0.0484375
2 0.484375 0.54609375 0.04375 0.0359375
2 0.6890625 0.63359375 0.040625 0.0421875
2 0.66875 0.6015625 0.040625 0.04375
2 0.18203125 0.13359375 0.0421875 0.0328125
2 0.321875 0.3828125 0.040625 0.0375
2 0.1546875 0.15234375 0.040625 0.0390625
2 0.215625 0.27890625 0.0375 0.0328125
2 0.40625 0.32890625 0.034375 0.0421875
2 0.26640625 0.384375 0.0421875 0.04375
2 0.26875 0.50078125 0.040625 0.0421875
2 0.421875 0.57734375 0.040625 0.0359375
2 0.41953125 0.609375 0.0484375 0.046875
2 0.69765625 0.68125 0.0390625 0.028125
4 0.70390625 0.6171875 0.0484375 0.046875
2 0.7421875 0.78203125 0.053125 0.0484375
2 0.69765625 0.43125 0.0359375 0.034375
2 0.57109375 0.396875 0.0390625 0.040625
2 0.60078125 0.625 0.0453125 0.0375
2 0.60390625 0.6546875 0.0421875 0.040625
2 0.31328125 0.43828125 0.0421875 0.0328125
2 0.23046875 0.17578125 0.0359375 0.0359375
2 0.20390625 0.1640625 0.0359375 0.040625
2 0.3703125 0.4 0.040625 0.040625
2 0.203125 0.4984375 0.04375 0.04375
2 0.42734375 0.63984375 0.0390625 0.0390625
2 0.0671875 0.75390625 0.046875 0.0421875
2 0.084375 0.7078125 0.0375 0.040625
2 0.11484375 0.925 0.0421875 0.0375
2 0.6328125 0.77421875 0.046875 0.0421875
2 0.42109375 0.54921875 0.0390625 0.0390625
2 0.4734375 0.43828125 0.040625 0.0390625
2 0.70703125 0.3203125 0.0390625 0.0375
2 0.87265625 0.36328125 0.0421875 0.0453125
2 0.084375 0.16171875 0.04375 0.0390625
2 0.0171875 0.61328125 0.034375 0.0421875
4 0.02265625 0.88515625 0.0421875 0.0484375
2 0.10390625 0.078125 0.0421875 0.04375
2 0.38671875 0.428125 0.0453125 0.0375
2 0.571875 0.57265625 0.040625 0.0390625
4 0.61484375 0.7015625 0.0453125 0.04375
2 0.52421875 0.66484375 0.0484375 0.0484375
2 0.2015625 0.8046875 0.046875 0.05
2 0.23359375 0.80859375 0.0390625 0.0390625
2 0.1203125 0.88203125 0.05 0.0421875
2 0.51484375 0.5078125 0.0453125 0.0375
2 0.33203125 0.2953125 0.0453125 0.0375
2 0.734375 0.3140625 0.040625 0.034375
2 0.0765625 0.61484375 0.046875 0.0359375
2 0.0078125 0.62421875 0.015625 0.0390625
2 0.2171875 0.653125 0.040625 0.034375
2 0.225 0.67890625 0.04375 0.0359375
2 0.6421875 0.790625 0.0375 0.04375
2 0.49375 0.50234375 0.0375 0.0359375
2 0.26796875 0.51171875 0.0421875 0.0359375
2 0.36328125 0.375 0.0390625 0.03125
2 0.40390625 0.375 0.0484375 0.046875
2 0.49453125 0.3 0.0484375 0.05
2 0.8328125 0.39921875 0.04375 0.0421875
2 0.8671875 0.32890625 0.046875 0.0421875
2 0.42265625 0.1953125 0.0484375 0.0375
2 0.265625 0.35 0.04375 0.034375
2 0.36640625 0.25078125 0.0484375 0.0453125
2 0.184375 0.6625 0.046875 0.046875
4 0.15390625 0.665625 0.0484375 0.04375
2 0.2859375 0.4734375 0.059375 0.053125
2 0.1265625 0.19765625 0.04375 0.0421875
2 0.1125 0.15 0.04375 0.0375
2 0.0265625 0.2265625 0.04375 0.040625
2 0.034375 0.821875 0.034375 0.040625
2 0.2984375 0.4234375 0.04375 0.040625
2 0.30859375 0.6921875 0.0390625 0.040625
2 0.7375 0.3453125 0.04375 0.040625
2 0.371875 0.2203125 0.04375 0.0375
2 0.5953125 0.6109375 0.046875 0.040625
2 0.59375 0.58828125 0.0375 0.0359375
2 0.35078125 0.4734375 0.0546875 0.046875
2 0.13359375 0.94609375 0.0484375 0.0453125
2 0.05703125 0.71640625 0.0359375 0.0453125
2 0.003125 0.64609375 0.00625 0.0390625
2 0.11484375 0.4796875 0.0453125 0.040625
2 0.1328125 0.51328125 0.04375 0.0453125
2 0.2171875 0.546875 0.034375 0.040625
2 0.15390625 0.459375 0.0609375 0.04375
2 0.14609375 0.28515625 0.0515625 0.0515625
2 0.06953125 0.2875 0.0453125 0.04375
2 0.3984375 0.23515625 0.04375 0.0390625
2 0.41796875 0.103125 0.0515625 0.053125
2 0.81171875 0.2140625 0.0515625 0.053125
2 0.87578125 0.22578125 0.0515625 0.0515625
2 0.72109375 0.3765625 0.0359375 0.0375
2 0.52578125 0.41171875 0.0453125 0.0453125
2 0.43046875 0.421875 0.0578125 0.05625
2 0.45078125 0.4328125 0.0484375 0.0375
2 0.4765625 0.47265625 0.046875 0.0453125
2 0.65625 0.66015625 0.046875 0.0421875
2 0.34296875 0.85546875 0.0421875 0.0484375
2 0.7796875 0.28828125 0.053125 0.0453125
2 0.4265625 0.2921875 0.04375 0.040625
2 0.33046875 0.19375 0.0484375 0.040625
2 0.36328125 0.1390625 0.0515625 0.04375
2 0.321875 0.1546875 0.046875 0.040625
2 0.2609375 0.09765625 0.053125 0.0421875
2 0.1421875 0.0703125 0.04375 0.0375
2 0.08984375 0.115625 0.0421875 0.04375
4 0.1515625 0.0046875 0.046875 0.009375
4 0.82734375 0.6265625 0.0421875 0.04375
2 0.7234375 0.6515625 0.040625 0.040625
2 0.34375 0.38203125 0.046875 0.0359375
2 0.21171875 0.25859375 0.0484375 0.0359375
2 0.05 0.07109375 0.053125 0.0484375
2 0.0171875 0.91875 0.034375 0.04375
2 0.56171875 0.57578125 0.0484375 0.0453125
2 0.0390625 0.65 0.034375 0.034375
2 0.0203125 0.68125 0.040625 0.05
2 0.01796875 0.65859375 0.0359375 0.0421875
2 0.19453125 0.70390625 0.0484375 0.0453125
2 0.7328125 0.72734375 0.0375 0.0421875
2 0.603125 0.48125 0.05 0.04375
2 0.4734375 0.52265625 0.046875 0.0421875
2 0.4703125 0.38828125 0.05 0.0421875
4 0.6625 0.38359375 0.046875 0.0421875
2 0.73125 0.4515625 0.046875 0.04375
4 0.6765625 0.4453125 0.04375 0.046875
2 0.7921875 0.34375 0.053125 0.046875
2 0.8890625 0.31328125 0.05 0.0359375
2 0.90859375 0.321875 0.0453125 0.04375
2 0.77109375 0.021875 0.0390625 0.028125
2 0.73828125 0.06796875 0.0453125 0.0265625
2 0.00703125 0.82421875 0.0140625 0.0421875
2 0.33359375 0.575 0.0546875 0.05
2 0.26484375 0.5640625 0.0421875 0.040625
2 0.42265625 0.696875 0.0484375 0.046875
2 0.1828125 0.21484375 0.046875 0.0390625
2 0.1140625 0.27734375 0.034375 0.0359375
2 0.053125 0.35390625 0.0375 0.0421875
2 0.090625 0.36015625 0.04375 0.0421875
2 0.0859375 0.50625 0.046875 0.046875
4 0.0875 0.5875 0.046875 0.046875
2 0.0546875 0.584375 0.040625 0.0375
2 0.13984375 0.096875 0.0359375 0.034375
2 0.07265625 0.1234375 0.0421875 0.040625
2 0.5875 0.5765625 0.046875 0.040625
4 0.59765625 0.41484375 0.0484375 0.0421875
2 0.359375 0.0109375 0.053125 0.021875
2 0.85234375 0.2671875 0.0515625 0.04375
2 0.809375 0.07578125 0.034375 0.0359375
2 0.075 0.94140625 0.046875 0.0484375
2 0.34296875 0.225 0.0484375 0.04375
2 0.40546875 0.03046875 0.0484375 0.0421875
4 0.21171875 0.028125 0.0515625 0.040625
2 0.196875 0.01328125 0.0375 0.0265625
2 0.11640625 0.7703125 0.0515625 0.04375
2 0.646875 0.34609375 0.04375 0.0421875
2 0.328125 0.51328125 0.04375 0.0390625
2 0.2765625 0.45078125 0.046875 0.0421875
2 0.29921875 0.36875 0.0484375 0.04375
4 0.3015625 0.40234375 0.0375 0.0421875
2 0.178125 0.2921875 0.034375 0.028125
2 0.01015625 0.59375 0.0203125 0.0375
2 0.02734375 0.715625 0.0421875 0.040625
2 0.05703125 0.93046875 0.0421875 0.0421875
2 0.371875 0.61953125 0.046875 0.0453125
2 0.7828125 0.21328125 0.040625 0.0359375
2 0.68671875 0.76171875 0.0421875 0.0484375
2 0.940625 0.31015625 0.04375 0.0453125
2 0.95859375 0.3453125 0.0453125 0.040625
2 0.1703125 0.33203125 0.05625 0.0421875
2 0.13359375 0.35703125 0.0453125 0.0484375
2 0.1875 0.44140625 0.04375 0.0390625
2 0.403125 0.28515625 0.046875 0.0453125
2 0.3734375 0.31875 0.05 0.05625
2 0.5 0.21171875 0.046875 0.0515625
2 0.67265625 0.646875 0.0484375 0.046875
2 0.89453125 0.35703125 0.0453125 0.0421875
2 0.80078125 0.35546875 0.0484375 0.0453125
2 0.80546875 0.2828125 0.0328125 0.0375
4 0.0140625 0.93046875 0.028125 0.0390625
2 0.6859375 0.53125 0.0375 0.04375
2 0.41640625 0.2203125 0.0390625 0.040625
2 0.17578125 0.0390625 0.0328125 0.03125
2 0.25625 0.165625 0.046875 0.046875
2 0.265625 0.1984375 0.046875 0.04375
2 0.83125 0.07734375 0.0375 0.0296875
2 0.5640625 0.37890625 0.05 0.0453125
2 0.55546875 0.3828125 0.0421875 0.03125
2 0.8359375 0.15234375 0.046875 0.0515625
2 0.9296875 0.4140625 0.0375 0.040625
4 0.7046875 0.771875 0.046875 0.053125
2 0.075 0.88984375 0.053125 0.0515625
2 0.140625 0.40546875 0.046875 0.0359375
2 0.5109375 0.490625 0.05 0.0375
2 0.2125 0.3734375 0.040625 0.040625
2 0.0875 0.31796875 0.046875 0.0453125
2 0.83984375 0.39140625 0.0390625 0.0484375
2 0.51015625 0.0796875 0.0390625 0.040625
2 0.85859375 0.63125 0.0484375 0.034375
2 0.6 0.378125 0.053125 0.05
2 0.00859375 0.2109375 0.0171875 0.0375
2 0.49453125 0.6671875 0.0484375 0.046875
2 0.81875 0.0046875 0.040625 0.009375
2 0.6828125 0.08046875 0.04375 0.0359375
2 0.70546875 0.00625 0.0421875 0.0125
2 0.73359375 0.12890625 0.0453125 0.0359375
2 0.90546875 0.26171875 0.0515625 0.0421875
2 0.92578125 0.38828125 0.0390625 0.0453125
2 0.9125 0.50234375 0.04375 0.0390625
2 0.1671875 0.16484375 0.040625 0.0421875
4 0.840625 0.30078125 0.040625 0.0359375
2 0.91640625 0.23125 0.0484375 0.04375
2 0.95546875 0.3828125 0.0515625 0.04375
2 0.90703125 0.44140625 0.0484375 0.0390625
2 0.85546875 0.51484375 0.0359375 0.0421875
2 0.19140625 0.58125 0.0484375 0.04375
2 0.30703125 0.1640625 0.0359375 0.034375
2 0.0828125 0.04765625 0.05 0.0453125
2 0.06796875 0.1 0.0421875 0.040625
4 0.01171875 0.059375 0.0234375 0.034375
2 0.975 0.4109375 0.03125 0.028125
2 0.603125 0.76015625 0.05 0.0453125
2 0.9453125 0.51484375 0.05 0.0484375
2 0.09609375 0.66796875 0.0453125 0.0421875
2 0.0515625 0.634375 0.04375 0.04375
2 0.96015625 0.475 0.0390625 0.028125
2 0.63828125 0.06484375 0.0390625 0.0359375
2 0.2203125 0.40546875 0.05 0.0421875
2 0.2578125 0.40625 0.040625 0.04375
2 0.07734375 0.2609375 0.0515625 0.046875
2 0.028125 0.409375 0.0375 0.03125
2 0.5453125 0.4578125 0.05 0.053125
2 0.69609375 0.66484375 0.0453125 0.0390625
4 0.825 0.5828125 0.04375 0.046875
2 0.8421875 0.51328125 0.040625 0.0421875
3 0.69375 0.39375 0.040625 0.034375
2 0.709375 0.41171875 0.04375 0.0453125
2 0.72578125 0.01796875 0.0421875 0.0359375
2 0.40703125 0.190625 0.0515625 0.04375
2 0.27734375 0.228125 0.0546875 0.046875
2 0.184375 0.36484375 0.046875 0.0453125
2 0.03125 0.32421875 0.04375 0.0484375
2 0.66953125 0.2953125 0.0484375 0.05
2 0.728125 0.58984375 0.05 0.0453125
2 0.12421875 0.90078125 0.0390625 0.0390625
2 0.1703125 0.715625 0.05 0.04375
2 0.07421875 0.4515625 0.0390625 0.040625
2 0.00625 0.33046875 0.0125 0.0484375
2 0.16953125 0.24296875 0.0484375 0.0421875
2 0.19375 0.22890625 0.040625 0.0421875
2 0.075 0.02109375 0.04375 0.0421875
2 0.28046875 0.665625 0.0515625 0.046875
2 0.2453125 0.5 0.040625 0.04375
4 0.4546875 0.33515625 0.053125 0.0421875
2 0.00546875 0.69375 0.0109375 0.046875
2 0.0609375 0.82265625 0.05 0.0453125
2 0.24765625 0.56171875 0.0390625 0.0453125
2 0.91484375 0.16875 0.0484375 0.034375
2 0.87890625 0.1515625 0.0453125 0.03125
2 0.9546875 0.1265625 0.040625 0.040625
2 0.52109375 0.08984375 0.0421875 0.0421875
2 0.546875 0.08984375 0.0375 0.0421875
2 0.5203125 0.01640625 0.0375 0.0328125
2 0.5375 0.05 0.034375 0.03125
2 0.04375 0.0546875 0.05 0.040625
3 0.209375 0.053125 0.040625 0.040625
2 0.29765625 0.0953125 0.0578125 0.04375
2 0.3125 0.859375 0.053125 0.05625
2 0.77734375 0.73203125 0.0546875 0.0453125
2 0.80625 0.01640625 0.05 0.0328125
2 0.19296875 0.90234375 0.0484375 0.0484375
2 0.23359375 0.14453125 0.0421875 0.0359375
2 0.3796875 0.4921875 0.05 0.05
2 0.403125 0.44453125 0.05 0.0421875
4 0.4765625 0.39765625 0.04375 0.0421875
2 0.04140625 0.7875 0.0515625 0.046875
2 0.01171875 0.2328125 0.0234375 0.040625
2 0.73984375 0.20234375 0.0453125 0.0421875
2 0.23046875 0.28671875 0.0421875 0.0359375
2 0.86953125 0.01171875 0.0421875 0.0234375
2 0.76171875 0.75078125 0.0453125 0.0484375
2 0.78203125 0.0890625 0.0359375 0.040625
2 0.0125 0.41171875 0.025 0.0515625
2 0.73984375 0.0046875 0.0421875 0.009375
2 0.83515625 0.20625 0.0453125 0.040625
2 0.9578125 0.4296875 0.04375 0.028125
2 0.5703125 0.4921875 0.05 0.04375
2 0.009375 0.56953125 0.01875 0.0453125
2 0.73046875 0.2125 0.0390625 0.034375
2 0.87109375 0.39609375 0.0453125 0.0421875
2 0.90078125 0.4015625 0.0421875 0.0375
2 0.8234375 0.28984375 0.0375 0.0390625
2 0.82421875 0.25546875 0.0421875 0.0328125
2 0.8015625 0.22578125 0.04375 0.0421875
2 0.90234375 0.13046875 0.0421875 0.0453125
2 0.525 0.45546875 0.05 0.0453125
2 0.7421875 0.4703125 0.046875 0.04375
2 0.78984375 0.5828125 0.0484375 0.034375
4 0.51953125 0.40625 0.0421875 0.046875
2 0.2265625 0.08203125 0.046875 0.0390625
2 0.29296875 0.96953125 0.0578125 0.0453125
2 0.7640625 0.56171875 0.04375 0.0421875
2 0.7546875 0.50625 0.04375 0.03125
2 0.78984375 0.43359375 0.0453125 0.0421875
4 0.85546875 0.44375 0.0515625 0.0375
2 0.8203125 0.41953125 0.05 0.0421875
2 0.77109375 0.490625 0.0515625 0.034375
2 0.75703125 0.52890625 0.0359375 0.0390625
2 0.9875 0.253125 0.025 0.040625
2 0.98359375 0.33828125 0.0328125 0.0484375
2 0.99375 0.28984375 0.0125 0.0421875
2 0.94296875 0.1625 0.0359375 0.0375
2 0.76171875 0.16953125 0.0359375 0.0328125
2 0.68203125 0.0515625 0.0296875 0.034375
2 0.459375 0.18046875 0.04375 0.0390625
2 0.4 0.12734375 0.053125 0.0390625
2 0.4234375 0.15078125 0.0625 0.0453125
2 0.37578125 0.16875 0.0453125 0.034375
2 0.33515625 0.1703125 0.0421875 0.040625
2 0.0578125 0.29296875 0.040625 0.0328125
2 0.0203125 0.3453125 0.040625 0.040625
2 0.0296875 0.24375 0.046875 0.034375
2 0.01796875 0.48671875 0.0359375 0.0359375
2 0.7671875 0.73125 0.046875 0.04375
2 0.690625 0.265625 0.053125 0.04375
2 0.3578125 0.0390625 0.040625 0.04375
2 0.5515625 0.02578125 0.04375 0.0515625
2 0.23359375 0.36796875 0.0421875 0.0484375
2 0.421875 0.51796875 0.05625 0.0578125
2 0.13984375 0.38203125 0.0421875 0.0390625
2 0.17109375 0.27109375 0.0390625 0.0421875
2 0.115625 0.30234375 0.04375 0.0453125
2 0.11875 0.08828125 0.0375 0.0390625
4 0.03984375 0.69140625 0.0484375 0.0421875
2 0.08828125 0.79453125 0.0453125 0.0421875
2 0.23125 0.78046875 0.046875 0.0453125
2 0.7640625 0.38515625 0.05 0.0484375
2 0.21796875 0.71640625 0.0484375 0.0484375
2 0.1359375 0.153125 0.040625 0.04375
2 0.5296875 0.0046875 0.034375 0.009375
2 0.8390625 0.45390625 0.05625 0.0453125
2 0.778125 0.23046875 0.046875 0.0453125
2 0.98671875 0.23359375 0.0265625 0.0359375
2 0.80234375 0.48046875 0.0515625 0.0421875
2 0.521875 0.60546875 0.05 0.0484375
2 0.01171875 0.7375 0.0234375 0.046875
2 0.0109375 0.45625 0.021875 0.046875
2 0.2890625 0.7484375 0.046875 0.053125
2 0.1625 0.896875 0.040625 0.040625
2 0.89453125 0.49765625 0.0390625 0.0390625
2 0.3125 0.0734375 0.04375 0.0375
4 0.934375 0.1984375 0.046875 0.0375
2 0.5515625 0.1140625 0.046875 0.04375
2 0.00546875 0.1390625 0.0109375 0.040625
2 0.1359375 0.03203125 0.04375 0.0421875
2 0.64140625 0.43671875 0.0484375 0.0578125
2 0.57890625 0.45703125 0.0515625 0.0484375
2 0.5890625 0.44140625 0.0375 0.0359375
2 0.5046875 0.6265625 0.046875 0.05
2 0.85859375 0.59609375 0.0390625 0.0296875
2 0.6828125 0.35546875 0.040625 0.0390625
2 0.4515625 0.24296875 0.053125 0.0515625
2 0.53671875 0.30625 0.0484375 0.053125
2 0.84375 0.00625 0.040625 0.0125
2 0.9765625 0.2875 0.046875 0.040625
2 0.84921875 0.23359375 0.0515625 0.0421875
2 0.9234375 0.07109375 0.0375 0.0296875
4 0.98125 0.49296875 0.0375 0.0453125
3 0.15625 0.11796875 0.040625 0.0453125
2 0.61796875 0.1453125 0.0515625 0.04375
2 0.63203125 0.1796875 0.0484375 0.053125
2 0.709375 0.128125 0.046875 0.040625
2 0.5609375 0.07578125 0.034375 0.0359375
2 0.7140625 0.04453125 0.0375 0.0328125
2 0.0328125 0.09765625 0.040625 0.0421875
2 0.4984375 0.00703125 0.040625 0.0140625
2 0.95625 0.08046875 0.0375 0.0421875
2 0.92109375 0.34921875 0.0421875 0.0390625
2 0.17109375 0.953125 0.0515625 0.04375
2 0.165625 0.9578125 0.0375 0.0375
2 0.74453125 0.4078125 0.0421875 0.04375
2 0.8546875 0.46171875 0.0375 0.0359375
2 0.93515625 0.159375 0.0421875 0.040625
2 0.98984375 0.1203125 0.0203125 0.04375
2 0.09296875 0.0171875 0.0453125 0.034375
2 0.96953125 0.496875 0.0484375 0.040625
2 0.25703125 0.29765625 0.0390625 0.0453125
2 0.3046875 0.48203125 0.04375 0.0390625
2 0.94609375 0.459375 0.0515625 0.0375
2 0.88203125 0.06171875 0.0484375 0.0484375
2 0.3578125 0.296875 0.046875 0.04375
2 0.803125 0.04921875 0.046875 0.0484375
2 0.09140625 0.840625 0.0484375 0.046875
2 0.98984375 0.36328125 0.0203125 0.0390625
2 0.096875 0.9578125 0.040625 0.0375
2 0.87421875 0.50859375 0.0390625 0.0421875
2 0.5515625 0.22109375 0.059375 0.0484375
2 0.8125 0.17890625 0.04375 0.0359375
2 0.80390625 0.12578125 0.0515625 0.0453125
2 0.43828125 0.4515625 0.0453125 0.040625
2 0.2296875 0.22734375 0.040625 0.0421875
2 0.7234375 0.16796875 0.046875 0.0484375
2 0.14609375 0.87265625 0.0515625 0.0453125
2 0.59140625 0.26484375 0.0578125 0.0421875
2 0.67890625 0.13203125 0.0484375 0.0453125
2 0.9421875 0.02890625 0.05 0.0421875
2 0.890625 0.5546875 0.04375 0.04375
0 0.97578125 0.0546875 0.0296875 0.03125
2 0.64765625 0.08671875 0.0453125 0.0421875
2 0.51796875 0.040625 0.0515625 0.05
2 0.275 0.1984375 0.046875 0.040625
2 0.43203125 0.0671875 0.0578125 0.046875
2 0.94375 0.40234375 0.040625 0.0421875
2 0.98515625 0.42890625 0.0296875 0.0484375
2 0.79765625 0.775 0.0484375 0.0625
2 0.0875 0.57109375 0.046875 0.0453125
2 0.97734375 0.125 0.0421875 0.04375
2 0.96328125 0.18046875 0.0453125 0.0453125
2 0.98359375 0.17109375 0.0328125 0.0453125
2 0.02421875 0.47265625 0.0265625 0.0296875
2 0.05703125 0.321875 0.0359375 0.0375
2 0.6078125 0.0828125 0.034375 0.04375
2 0.8296875 0.32421875 0.053125 0.0484375
2 0.4875 0.2625 0.05 0.046875
2 0.01875 0.590625 0.0375 0.03125
2 0.15 0.1 0.05 0.046875
2 0.70390625 0.30390625 0.0515625 0.0421875
2 0.9796875 0.0984375 0.040625 0.040625
2 0.65390625 0.03203125 0.0390625 0.0421875
2 0.02109375 0.87109375 0.0421875 0.0546875
2 0.178125 0.009375 0.0375 0.01875
2 0.05546875 0.77109375 0.0515625 0.0421875
3 0.70625 0.51640625 0.04375 0.0421875
0 0.990625 0.07109375 0.01875 0.0265625
2 0.971875 0.01171875 0.046875 0.0234375
2 0.309375 0.2140625 0.04375 0.040625
2 0.846875 0.06484375 0.0375 0.0453125
2 0.1828125 0.28984375 0.053125 0.0546875
0 0.2390625 0.584375 0.03125 0.034375
2 0.93359375 0.0359375 0.0484375 0.034375
2 0.8984375 0.0234375 0.040625 0.0375
2 0.93125 0.103125 0.040625 0.0375
2 0.95 0.2578125 0.0375 0.040625
2 0.909375 0.00390625 0.05 0.0078125
0 0.896875 0.165625 0.028125 0.021875
2 0.5921875 0.12890625 0.040625 0.0484375
2 0.74609375 0.03203125 0.0359375 0.0390625
2 0.10390625 0.6375 0.0609375 0.05625
3 0.3578125 0.66484375 0.046875 0.0421875
2 0.4390625 0.00859375 0.046875 0.0171875
2 0.69140625 0.02578125 0.0390625 0.0390625
2 0.653125 0.11875 0.046875 0.04375