2 0.98046875 0.09765625 0.0390625 0.0703125
2 0.93203125 0.02734375 0.0765625 0.0546875
1 0.70234375 0.05 0.0765625 0.06875
2 0.9796875 0.02734375 0.040625 0.0546875
2 0.978125 0.01171875 0.04375 0.0234375
2 0.95234375 0.01484375 0.0765625 0.0296875
2 0.96484375 0.075 0.0703125 0.06875
2 0.91484375 0.115625 0.0765625 0.06875
2 0.91015625 0.0515625 0.0765625 0.06875
2 0.89296875 0.06875 0.0765625 0.06875
2 0.94921875 0.1234375 0.0765625 0.06875
2 0.89921875 0.1453125 0.0765625 0.06875
2 0.93359375 0.165625 0.0765625 0.06875
2 0.96953125 0.153125 0.0609375 0.06875
2 0.965625 0.0984375 0.06875 0.06875
2 0.98984375 0.146875 0.0203125 0.06875
2 0.70859375 0.2625 0.0765625 0.06875
3 0.96953125 0.2703125 0.0609375 0.06875
2 0.98515625 0.25 0.0296875 0.06875
2 0.96953125 0.20625 0.0609375 0.06875
2 0.9390625 0.209375 0.075 0.06875
2 0.9625 0.18125 0.075 0.06875
2 0.85546875 0.190625 0.0765625 0.06875
2 0.88046875 0.2015625 0.0765625 0.06875
0 0.846875 0.284375 0.075 0.06875
2 0.94609375 0.24375 0.0765625 0.06875
2 0.98125 0.30625 0.0375 0.06875
2 0.9640625 0.309375 0.071875 0.06875
2 0.828125 0.2328125 0.075 0.065625
2 0.84609375 0.234375 0.0765625 0.06875
2 0.80546875 0.2265625 0.0765625 0.06875
2 0.87421875 0.2609375 0.0765625 0.06875
2 0.84296875 0.2734375 0.0765625 0.06875
2 0.90390625 0.25390625 0.0765625 0.0671875
2 0.98125 0.346875 0.0375 0.06875
2 0.99140625 0.34375 0.0171875 0.06875
2 0.659375 0.31640625 0.075 0.0671875
2 0.85234375 0.3328125 0.0765625 0.06875
2 0.75546875 0.3046875 0.0765625 0.06875
2 0.7859375 0.340625 0.075 0.06875
2 0.81640625 0.36484375 0.0765625 0.0734375
2 0.82421875 0.3078125 0.0765625 0.06875
2 0.753125 0.35390625 0.075 0.0671875
2 0.734375 0.37734375 0.075 0.0703125
1 0.70703125 0.3546875 0.0765625 0.06875
2 0.76328125 0.184375 0.0765625 0.06875
2 0.83828125 0.121875 0.0765625 0.06875
2 0.73984375 0.2203125 0.0765625 0.06875
2 0.88046875 0.35625 0.0765625 0.06875
2 0.909375 0.359375 0.075 0.065625
1 0.846875 0.371875 0.075 0.06875
2 0.90703125 0.3921875 0.0765625 0.06875
3 0.82421875 0.4390625 0.0765625 0.06875
3 0.68671875 0.4609375 0.0765625 0.06875
2 0.81328125 0.4296875 0.0765625 0.06875
2 0.73046875 0.48125 0.0765625 0.06875
1 0.73203125 0.4546875 0.0765625 0.06875
2 0.76328125 0.45625 0.0765625 0.06875
2 0.82421875 0.325 0.0765625 0.06875
1 0.87734375 0.00859375 0.0765625 0.0171875
2 0.86171875 0.021875 0.0765625 0.04375
1 0.82109375 0.00390625 0.0765625 0.0078125
1 0.84765625 0.03046875 0.0765625 0.0609375
2 0.84921875 0.065625 0.0765625 0.06875
2 0.91015625 0.08125 0.0765625 0.06875
1 0.75703125 0.071875 0.0765625 0.06875
2 0.80703125 0.0515625 0.0765625 0.06875
1 0.78828125 0.096875 0.0765625 0.06875
1 0.75859375 0.01484375 0.0765625 0.0296875
2 0.63828125 0.0265625 0.0765625 0.053125
0 0.67890625 0.065625 0.0765625 0.06875
2 0.92265625 0.00546875 0.0765625 0.0109375
2 0.83203125 0.4796875 0.0765625 0.06875
2 0.83046875 0.5421875 0.0765625 0.06875
2 0.790625 0.4765625 0.075 0.071875
2 0.80234375 0.5 0.0765625 0.06875
2 0.77890625 0.49375 0.0765625 0.06875
1 0.6890625 0.5203125 0.075 0.06875
2 0.77734375 0.534375 0.0765625 0.06875
1 0.69765625 0.48359375 0.0765625 0.0671875
0 0.85078125 0.553125 0.0765625 0.06875
2 0.64609375 0.3828125 0.0765625 0.06875
2 0.73046875 0.38671875 0.0765625 0.0671875
2 0.61953125 0.38671875 0.0765625 0.0703125
2 0.71171875 0.40625 0.0765625 0.06875
1 0.74921875 0.4203125 0.0765625 0.06875
2 0.76953125 0.4125 0.0765625 0.06875
2 0.60546875 0.425 0.0765625 0.06875
2 0.61796875 0.3953125 0.0765625 0.06875
2 0.59296875 0.3953125 0.0765625 0.06875
1 0.52265625 0.44375 0.0765625 0.06875
1 0.66796875 0.371875 0.0765625 0.06875
2 0.65546875 0.5203125 0.0765625 0.06875
1 0.48203125 0.3203125 0.0765625 0.06875
1 0.45859375 0.3671875 0.0765625 0.06875
1 0.71015625 0.5078125 0.0765625 0.06875
1 0.58046875 0.5625 0.0765625 0.06875
0 0.86015625 0.578125 0.0765625 0.06875
1 0.94453125 0.515625 0.0765625 0.06875
1 0.984375 0.471875 0.03125 0.06875
1 0.94765625 0.58359375 0.0765625 0.0671875
1 0.66796875 0.0625 0.0765625 0.06875
1 0.48046875 0.01640625 0.0765625 0.0328125
2 0.46875 0.02890625 0.06875 0.0578125
1 0.51640625 0.115625 0.0765625 0.06875
2 0.49296875 0.0875 0.0765625 0.06875
2 0.49453125 0.11796875 0.0765625 0.0671875
1 0.30859375 0.615625 0.0765625 0.06875
2 0.43671875 0.1375 0.0765625 0.06875
2 0.46171875 0.09375 0.0765625 0.06875
2 0.43671875 0.0421875 0.0765625 0.06875
2 0.37578125 0.0875 0.0765625 0.06875
2 0.36640625 0.0375 0.0765625 0.06875
2 0.396875 0.18671875 0.075 0.0671875
1 0.3453125 0.02109375 0.075 0.0421875
1 0.37578125 0.02578125 0.0765625 0.0515625
1 0.76796875 0.2828125 0.0765625 0.06875
2 0.58515625 0.0625 0.0765625 0.06875
1 0.54765625 0.02890625 0.0765625 0.0578125
2 0.584375 0.02890625 0.075 0.0578125
2 0.62734375 0.0515625 0.0765625 0.06875
2 0.60546875 0.02109375 0.0765625 0.0421875
2 0.61484375 0.08125 0.0765625 0.06875
2 0.61015625 0.1046875 0.0765625 0.06875
1 0.64375 0.08125 0.075 0.06875
2 0.64921875 0.1078125 0.0765625 0.06875
0 0.61953125 0.11875 0.0765625 0.06875
2 0.64296875 0.1078125 0.0765625 0.06875
0 0.58359375 0.0953125 0.0765625 0.06875
1 0.50078125 0.02265625 0.0765625 0.0453125
1 0.72265625 0.0875 0.0765625 0.06875
2 0.70859375 0.1265625 0.0765625 0.06875
1 0.69609375 0.1078125 0.0765625 0.06875
2 0.68515625 0.153125 0.0765625 0.06875
2 0.66015625 0.1359375 0.0765625 0.06875
2 0.62265625 0.1546875 0.0765625 0.06875
2 0.61953125 0.171875 0.0765625 0.06875
2 0.59296875 0.1828125 0.0765625 0.06875
1 0.56171875 0.16875 0.0765625 0.06875
2 0.68203125 0.19375 0.0765625 0.06875
2 0.74921875 0.1578125 0.0765625 0.06875
2 0.70546875 0.20625 0.0765625 0.06875
2 0.65078125 0.153125 0.0765625 0.06875
1 0.66328125 0.2140625 0.0765625 0.06875
2 0.60859375 0.2078125 0.0765625 0.06875
0 0.55234375 0.2546875 0.0765625 0.06875
1 0.58671875 0.24375 0.0765625 0.06875
1 0.615625 0.26484375 0.078125 0.0703125
1 0.63671875 0.221875 0.0765625 0.06875
2 0.72890625 0.271875 0.0765625 0.06875
2 0.76015625 0.2296875 0.0765625 0.06875
1 0.39921875 0.34609375 0.0703125 0.0671875
1 0.9890625 0.6171875 0.021875 0.06875
1 0.98515625 0.665625 0.0296875 0.06875
1 0.93515625 0.6828125 0.0765625 0.06875
2 0.99609375 0.70703125 0.0078125 0.0671875
2 0.9875 0.903125 0.025 0.065625
2 0.9953125 0.94375 0.009375 0.06875
1 0.9953125 0.8578125 0.009375 0.06875
2 0.9859375 0.203125 0.028125 0.06875
2 0.99375 0.1171875 0.0125 0.06875
2 0.9828125 0.05625 0.034375 0.06875
1 0.95 0.628125 0.075 0.06875
1 0.89609375 0.6265625 0.0765625 0.06875
0 0.89453125 0.60703125 0.0765625 0.0671875
1 0.83046875 0.609375 0.0765625 0.06875
1 0.76015625 0.5859375 0.0765625 0.06875
1 0.984375 0.8703125 0.03125 0.06875
1 0.975 0.83125 0.05 0.06875
1 0.99375 0.8171875 0.0125 0.06875
1 0.97109375 0.784375 0.0578125 0.06875
1 0.93203125 0.8109375 0.0765625 0.06875
1 0.95703125 0.7890625 0.0765625 0.06875
2 0.95234375 0.8578125 0.0765625 0.06875
2 0.94921875 0.9078125 0.0765625 0.06875
2 0.97734375 0.928125 0.0453125 0.06875
2 0.95703125 0.8984375 0.0765625 0.06875
2 0.91015625 0.8078125 0.0765625 0.06875
2 0.86796875 0.803125 0.0765625 0.06875
2 0.86171875 0.775 0.0765625 0.06875
2 0.89765625 0.76875 0.0765625 0.06875
1 0.93203125 0.7640625 0.0765625 0.06875
1 0.87265625 0.8484375 0.0765625 0.06875
2 0.89609375 0.86875 0.0765625 0.06875
2 0.84765625 0.8296875 0.0765625 0.06875
2 0.81953125 0.8046875 0.0765625 0.06875
2 0.78359375 0.78515625 0.0765625 0.0671875
1 0.84453125 0.753125 0.0765625 0.06875
1 0.79765625 0.7390625 0.0765625 0.06875
1 0.7859375 0.753125 0.075 0.065625
1 0.75390625 0.778125 0.0765625 0.06875
1 0.72734375 0.775 0.0765625 0.06875
1 0.73515625 0.7390625 0.0765625 0.06875
2 0.79140625 0.8078125 0.0765625 0.06875
2 0.79296875 0.865625 0.0765625 0.06875
1 0.82734375 0.8359375 0.0765625 0.06875
1 0.98203125 0.753125 0.0359375 0.06875
1 0.67890625 0.5921875 0.0765625 0.06875
1 0.70078125 0.6140625 0.0765625 0.06875
2 0.59453125 0.6078125 0.0765625 0.06875
1 0.67734375 0.75 0.0765625 0.06875
1 0.56171875 0.5953125 0.0765625 0.06875
1 0.52578125 0.6484375 0.0765625 0.06875
1 0.72109375 0.7015625 0.0765625 0.06875
1 0.74609375 0.66875 0.0765625 0.06875
1 0.71796875 0.6453125 0.0765625 0.06875
1 0.728125 0.6328125 0.075 0.06875
1 0.74140625 0.6109375 0.0765625 0.06875
1 0.80234375 0.590625 0.0765625 0.06875
1 0.79609375 0.6515625 0.0765625 0.06875
0 0.84140625 0.6296875 0.0765625 0.06875
1 0.84140625 0.6296875 0.0765625 0.06875
1 0.62890625 0.559375 0.0765625 0.06875
1 0.81796875 0.6796875 0.0765625 0.06875
1 0.86953125 0.64375 0.0765625 0.06875
1 0.96015625 0.7109375 0.0765625 0.06875
1 0.94453125 0.7375 0.0765625 0.06875
1 0.40546875 0.1375 0.0765625 0.06875
1 0.69921875 0.7421875 0.0734375 0.06875
1 0.69921875 0.7078125 0.0765625 0.06875
1 0.69765625 0.675 0.0765625 0.06875
2 0.66171875 0.628125 0.0765625 0.06875
1 0.23984375 0.390625 0.0765625 0.06875
1 0.65078125 0.653125 0.0765625 0.06875
1 0.60703125 0.590625 0.0765625 0.06875
1 0.62265625 0.63125 0.0765625 0.06875
1 0.58984375 0.6390625 0.0765625 0.06875
1 0.46796875 0.64375 0.0765625 0.06875
1 0.46796875 0.603125 0.0765625 0.06875
1 0.45234375 0.6234375 0.0765625 0.06875
1 0.56953125 0.709375 0.0765625 0.065625
0 0.65703125 0.6875 0.0765625 0.06875
1 0.50546875 0.659375 0.0765625 0.06875
0 0.63828125 0.7640625 0.0765625 0.06875
1 0.46015625 0.5671875 0.0765625 0.06875
1 0.27578125 0.525 0.0765625 0.06875
1 0.52734375 0.4984375 0.0765625 0.06875
1 0.58359375 0.521875 0.0765625 0.06875
1 0.65546875 0.484375 0.0765625 0.06875
1 0.69609375 0.55 0.0765625 0.06875
1 0.72578125 0.575 0.0765625 0.06875
1 0.87109375 0.5203125 0.0765625 0.06875
1 0.86953125 0.4890625 0.0765625 0.06875
2 0.79921875 0.459375 0.0765625 0.06875
2 0.87109375 0.440625 0.0765625 0.06875
2 0.87265625 0.4453125 0.0765625 0.06875
2 0.91640625 0.4390625 0.0765625 0.06875
1 0.93671875 0.415625 0.0765625 0.06875
2 0.90078125 0.3234375 0.0765625 0.06875
2 0.9640625 0.328125 0.071875 0.06875
1 0.96484375 0.45 0.0703125 0.06875
1 0.965625 0.475 0.06875 0.06875
1 0.90703125 0.4671875 0.0765625 0.06875
1 0.46328125 0.3390625 0.0765625 0.06875
1 0.58046875 0.3375 0.0765625 0.06875
1 0.59453125 0.3078125 0.0765625 0.06875
2 0.60859375 0.3484375 0.0765625 0.06875
2 0.64609375 0.29375 0.0765625 0.06875
2 0.65703125 0.2890625 0.0765625 0.06875
2 0.70234375 0.2875 0.0765625 0.06875
2 0.74140625 0.3140625 0.0765625 0.06875
2 0.71328125 0.31875 0.0734375 0.06875
2 0.68671875 0.3359375 0.0765625 0.06875
2 0.52578125 0.2765625 0.0765625 0.06875
2 0.55234375 0.290625 0.0765625 0.06875
2 0.42734375 0.2234375 0.0765625 0.06875
1 0.43203125 0.284375 0.0765625 0.06875
1 0.50078125 0.2625 0.0765625 0.06875
1 0.46015625 0.2984375 0.0765625 0.06875
1 0.55078125 0.365625 0.0765625 0.06875
1 0.54609375 0.3265625 0.0765625 0.06875
1 0.47890625 0.2796875 0.0765625 0.06875
1 0.39296875 0.2359375 0.0765625 0.06875
2 0.47109375 0.190625 0.0765625 0.06875
1 0.52890625 0.1453125 0.0765625 0.06875
1 0.38515625 0.215625 0.0765625 0.06875
0 0.37109375 0.178125 0.0765625 0.06875
1 0.52890625 0.0109375 0.0765625 0.021875
2 0.58828125 0.00625 0.0765625 0.0125
1 0.51796875 0.040625 0.0765625 0.06875
1 0.55859375 0.0578125 0.0765625 0.06875
1 0.79921875 0.0265625 0.0765625 0.053125
2 0.82578125 0.190625 0.0765625 0.06875
2 0.46640625 0.2359375 0.0765625 0.06875
2 0.56015625 0.1359375 0.0765625 0.06875
1 0.68359375 0.775 0.0765625 0.06875
2 0.34140625 0.1828125 0.0765625 0.06875
1 0.32109375 0.07578125 0.0734375 0.0703125
2 0.39921875 0.1109375 0.0765625 0.06875
1 0.32890625 0.26875 0.0765625 0.06875
1 0.33203125 0.20859375 0.0765625 0.0671875
1 0.30703125 0.30625 0.0765625 0.06875
1 0.43203125 0.3546875 0.0765625 0.06875
1 0.39765625 0.453125 0.0765625 0.06875
1 0.50546875 0.434375 0.0765625 0.06875
1 0.54921875 0.4078125 0.0765625 0.06875
1 0.49296875 0.384375 0.0765625 0.06875
2 0.62578125 0.459375 0.0765625 0.06875
1 0.61484375 0.521875 0.0765625 0.06875
1 0.56328125 0.4984375 0.0765625 0.06875
2 0.81640625 0.5515625 0.0765625 0.06875
1 0.76640625 0.73125 0.0765625 0.06875
1 0.75546875 0.7 0.0765625 0.06875
1 0.53359375 0.6796875 0.0765625 0.06875
1 0.9734375 0.696875 0.053125 0.06875
1 0.74609375 0.809375 0.0765625 0.06875
1 0.75234375 0.871875 0.0765625 0.06875
1 0.75859375 0.8328125 0.0765625 0.06875
1 0.30390625 0.240625 0.0765625 0.06875
1 0.31015625 0.190625 0.0765625 0.06875
1 0.25078125 0.27265625 0.0765625 0.0640625
1 0.28984375 0.3546875 0.0765625 0.06875
1 0.36015625 0.2828125 0.0765625 0.06875
1 0.28828125 0.0875 0.0765625 0.06875
2 0.40078125 0.296875 0.0765625 0.06875
1 0.34765625 0.3796875 0.0765625 0.06875
1 0.47890625 0.4484375 0.0765625 0.06875
1 0.54765625 0.8125 0.0765625 0.06875
1 0.41171875 0.465625 0.0765625 0.065625
1 0.41796875 0.4359375 0.0765625 0.06875
1 0.21484375 0.3546875 0.0765625 0.06875
1 0.39609375 0.5171875 0.0765625 0.06875
1 0.38203125 0.5375 0.0765625 0.06875
1 0.33671875 0.5703125 0.0765625 0.06875
1 0.36796875 0.5953125 0.0765625 0.06875
1 0.40859375 0.609375 0.0765625 0.06875
1 0.42265625 0.5828125 0.0765625 0.06875
1 0.35546875 0.5578125 0.0765625 0.06875
1 0.53671875 0.753125 0.0765625 0.06875
2 0.93515625 0.9328125 0.0765625 0.06875
1 0.98515625 0.97578125 0.0296875 0.0421875
1 0.95703125 0.97421875 0.0765625 0.0421875
2 0.39765625 0.059375 0.0765625 0.06875
2 0.37578125 0.046875 0.0765625 0.06875
2 0.41953125 0.04375 0.0765625 0.06875
2 0.3421875 0.08828125 0.075 0.0703125
1 0.32265625 0.1171875 0.0765625 0.06875
1 0.23515625 0.13359375 0.0765625 0.0671875
1 0.19921875 0.175 0.0765625 0.06875
1 0.23828125 0.209375 0.0765625 0.06875
2 0.81328125 0.890625 0.0765625 0.06875
1 0.9859375 0.590625 0.028125 0.06875
1 0.64609375 0.85625 0.0765625 0.06875
1 0.63984375 0.815625 0.0765625 0.06875
1 0.64453125 0.79375 0.0765625 0.06875
1 0.50234375 0.7578125 0.0765625 0.06875
1 0.65859375 0.740625 0.0765625 0.06875
1 0.61328125 0.7421875 0.0765625 0.06875
1 0.5609375 0.8484375 0.075 0.06875
1 0.59609375 0.8140625 0.0765625 0.06875
1 0.59140625 0.8234375 0.0765625 0.06875
1 0.68203125 0.8265625 0.0765625 0.06875
0 0.7015625 0.9515625 0.075 0.06875
1 0.6703125 0.8375 0.075 0.06875
1 0.70234375 0.84375 0.0765625 0.06875
1 0.73671875 0.9296875 0.0765625 0.06875
1 0.90546875 0.4375 0.0765625 0.06875
2 0.87890625 0.38359375 0.0703125 0.0671875
2 0.84140625 0.4078125 0.0765625 0.06875
2 0.78515625 0.3703125 0.0765625 0.06875
1 0.41953125 0.615625 0.0765625 0.06875
1 0.52890625 0.7125 0.0765625 0.06875
1 0.33984375 0.6421875 0.0765625 0.06875
1 0.41015625 0.646875 0.0765625 0.06875
1 0.36796875 0.646875 0.0765625 0.06875
1 0.36796875 0.67578125 0.0703125 0.0640625
1 0.41015625 0.55625 0.0765625 0.06875
1 0.45078125 0.465625 0.0765625 0.06875
1 0.33046875 0.534375 0.0765625 0.06875
1 0.33828125 0.49375 0.0765625 0.06875
1 0.25078125 0.4296875 0.0765625 0.06875
1 0.39609375 0.49375 0.0765625 0.06875
0 0.52109375 0.478125 0.0765625 0.06875
1 0.53203125 0.5609375 0.0765625 0.06875
1 0.54765625 0.5921875 0.0765625 0.06875
1 0.55546875 0.5421875 0.0765625 0.06875
1 0.48359375 0.5875 0.0765625 0.06875
1 0.52265625 0.6015625 0.0765625 0.06875
2 0.42109375 0.1953125 0.0765625 0.06875
1 0.42421875 0.49375 0.0765625 0.06875
1 0.36796875 0.4421875 0.0765625 0.06875
1 0.32421875 0.434375 0.0765625 0.06875
1 0.32734375 0.5953125 0.0765625 0.06875
1 0.26640625 0.5609375 0.0765625 0.06875
1 0.20234375 0.2203125 0.0765625 0.06875
1 0.28046875 0.39375 0.0765625 0.06875
1 0.29296875 0.3703125 0.0765625 0.06875
1 0.26484375 0.3359375 0.0765625 0.06875
1 0.36015625 0.328125 0.0765625 0.06875
1 0.23203125 0.33125 0.0765625 0.06875
1 0.44765625 0.4328125 0.0765625 0.06875
1 0.32734375 0.303125 0.0765625 0.06875
1 0.23984375 0.30625 0.0765625 0.06875
1 0.21796875 0.3 0.0765625 0.06875
1 0.28984375 0.271875 0.0765625 0.06875
1 0.26484375 0.2953125 0.0765625 0.06875
1 0.24921875 0.2296875 0.0765625 0.06875
1 0.2828125 0.2515625 0.075 0.06875
1 0.22734375 0.25625 0.0765625 0.06875
1 0.26484375 0.1796875 0.0765625 0.06875
1 0.2390625 0.17109375 0.075 0.0671875
2 0.43203125 0.071875 0.0765625 0.06875
2 0.46640625 0.0578125 0.0765625 0.06875
1 0.52890625 0.7953125 0.0765625 0.06875
1 0.52265625 0.815625 0.0765625 0.06875
1 0.57578125 0.9078125 0.0765625 0.06875
2 0.78046875 0.121875 0.0765625 0.06875
1 0.82890625 0.0265625 0.0765625 0.053125
1 0.46015625 0.14375 0.0765625 0.06875
2 0.53515625 0.215625 0.0765625 0.06875
1 0.55234375 0.2453125 0.0765625 0.06875
1 0.98828125 0.5109375 0.0234375 0.06875
0 0.97734375 0.4296875 0.0453125 0.06875
2 0.978125 0.4046875 0.04375 0.06875
0 0.96640625 0.39375 0.0671875 0.06875
1 0.9796875 0.5015625 0.040625 0.06875
1 0.87265625 0.6125 0.0765625 0.06875
0 0.96875 0.534375 0.0625 0.06875
1 0.94765625 0.546875 0.0765625 0.06875
0 0.88515625 0.6859375 0.0765625 0.06875
1 0.96484375 0.621875 0.0703125 0.06875
1 0.978125 0.5625 0.04375 0.06875
1 0.90703125 0.5734375 0.0765625 0.06875
2 0.91171875 0.2671875 0.0765625 0.06875
1 0.46953125 0.0125 0.0765625 0.025
1 0.32421875 0.146875 0.0765625 0.06875
1 0.34140625 0.1125 0.0765625 0.06875
1 0.63046875 0.2484375 0.0765625 0.06875
1 0.66953125 0.2453125 0.0765625 0.06875
2 0.75546875 0.25546875 0.0765625 0.0671875
2 0.66171875 0.41875 0.0765625 0.06875
2 0.65546875 0.440625 0.0765625 0.06875
1 0.29765625 0.140625 0.0765625 0.06875
0 0.86796875 0.684375 0.0765625 0.06875
1 0.82734375 0.6953125 0.0765625 0.06875
0 0.90234375 0.53125 0.0765625 0.06875
1 0.90078125 0.4984375 0.0765625 0.06875
1 0.59921875 0.5484375 0.0765625 0.06875
1 0.68046875 0.5609375 0.0765625 0.06875
1 0.984375 0.54375 0.03125 0.06875
1 0.26796875 0.125 0.0765625 0.06875
2 0.33984375 0.0640625 0.0765625 0.06875
1 0.43828125 0.0125 0.0765625 0.025
1 0.88984375 0.0453125 0.0765625 0.06875
1 0.85078125 0.71875 0.0765625 0.06875
1 0.97421875 0.4359375 0.0515625 0.06875
1 0.9953125 0.496875 0.009375 0.06875
1 0.91484375 0.5453125 0.0765625 0.06875
1 0.27578125 0.159375 0.0765625 0.06875
1 0.29453125 0.046875 0.0765625 0.06875
1 0.38515625 0.371875 0.0765625 0.06875
1 0.36484375 0.4671875 0.0765625 0.06875
1 0.25390625 0.4890625 0.0765625 0.06875
1 0.29375 0.50625 0.071875 0.06875
1 0.29296875 0.546875 0.0765625 0.06875
1 0.29765625 0.571875 0.0765625 0.06875
0 0.59296875 0.890625 0.0765625 0.06875
1 0.54140625 0.9015625 0.0765625 0.06875
1 0.56953125 0.9453125 0.0765625 0.06875
1 0.68515625 0.9140625 0.0765625 0.06875
0 0.66640625 0.9234375 0.0765625 0.06875
1 0.61171875 0.8625 0.0765625 0.06875
0 0.63203125 0.778125 0.0765625 0.06875
1 0.57734375 0.7796875 0.0765625 0.06875
1 0.58359375 0.74375 0.0765625 0.06875
1 0.62890625 0.728125 0.0765625 0.06875
1 0.49296875 0.715625 0.0765625 0.06875
1 0.26328125 0.09296875 0.0703125 0.0640625
1 0.35546875 0.00859375 0.0703125 0.0171875
0 0.909375 0.225 0.075 0.06875
0 0.8734375 0.2859375 0.075 0.06875
1 0.6953125 0.865625 0.075 0.06875
0 0.8765625 0.90625 0.075 0.06875
0 0.821875 0.9296875 0.075 0.06875
0 0.78125 0.953125 0.075 0.06875
0 0.871875 0.94765625 0.075 0.0703125
0 0.41171875 0.00546875 0.0703125 0.0109375
0 0.30234375 0.01875 0.0703125 0.0375
1 0.27578125 0.0265625 0.0703125 0.053125
0 0.37109375 0.25703125 0.0703125 0.0640625
0 0.35234375 0.22734375 0.0703125 0.0640625
1 0.38203125 0.409375 0.0765625 0.06875
1 0.36171875 0.4140625 0.0765625 0.06875
1 0.1984375 0.2625 0.075 0.06875
1 0.24921875 0.4609375 0.0765625 0.06875
1 0.18046875 0.3015625 0.0765625 0.06875
0 0.66484375 0.940625 0.0765625 0.06875
1 0.60703125 0.9296875 0.0765625 0.06875
1 0.65234375 0.9 0.0765625 0.06875
1 0.46953125 0.6828125 0.0765625 0.06875
0 0.840625 0.9546875 0.075 0.06875
0 0.99296875 0.4359375 0.0140625 0.065625
0 0.33359375 0.353125 0.0765625 0.06875
1 0.41953125 0.40625 0.0765625 0.06875
1 0.45234375 0.409375 0.0765625 0.06875
1 0.39765625 0.67109375 0.0703125 0.0640625
1 0.41015625 0.72890625 0.0703125 0.0640625
1 0.43828125 0.7046875 0.0765625 0.06875
0 0.59296875 0.678125 0.0765625 0.06875
0 0.44296875 0.2734375 0.0765625 0.06875
0 0.46640625 0.5078125 0.0765625 0.06875
1 0.48046875 0.484375 0.0765625 0.06875
0 0.47734375 0.5296875 0.0765625 0.06875
0 0.57421875 0.453125 0.0765625 0.06875