2 0.98046875 0.43359375 0.0390625 0.0703125
2 0.98671875 0.22421875 0.0265625 0.0703125
2 0.95234375 0.159375 0.0765625 0.06875
2 0.96640625 0.225 0.0671875 0.06875
2 0.98125 0.1578125 0.0375 0.06875
2 0.99140625 0.3046875 0.0171875 0.06875
2 0.95859375 0.3 0.0765625 0.06875
2 0.93203125 0.35625 0.0765625 0.06875
2 0.89296875 0.2765625 0.0765625 0.06875
1 0.70234375 0.3859375 0.0765625 0.06875
2 0.87890625 0.2921875 0.0765625 0.06875
2 0.89453125 0.2453125 0.0765625 0.06875
1 0.92734375 0.2609375 0.0765625 0.06875
2 0.9796875 0.35625 0.040625 0.06875
2 0.978125 0.325 0.04375 0.06875
2 0.95234375 0.33125 0.0765625 0.06875
2 0.96484375 0.4109375 0.0703125 0.06875
2 0.91484375 0.4515625 0.0765625 0.06875
2 0.91015625 0.3875 0.0765625 0.06875
2 0.89296875 0.4046875 0.0765625 0.06875
2 0.94921875 0.459375 0.0765625 0.06875
2 0.89921875 0.48125 0.0765625 0.06875
2 0.93359375 0.5015625 0.0765625 0.06875
2 0.96953125 0.4890625 0.0609375 0.06875
2 0.965625 0.434375 0.06875 0.06875
2 0.98984375 0.4828125 0.0203125 0.06875
2 0.70859375 0.5984375 0.0765625 0.06875
3 0.96953125 0.60625 0.0609375 0.06875
2 0.98515625 0.5859375 0.0296875 0.06875
2 0.96953125 0.5421875 0.0609375 0.06875
2 0.9390625 0.5453125 0.075 0.06875
2 0.9625 0.5171875 0.075 0.06875
2 0.85546875 0.5265625 0.0765625 0.06875
2 0.88046875 0.5375 0.0765625 0.06875
0 0.846875 0.6203125 0.075 0.06875
2 0.94609375 0.5796875 0.0765625 0.06875
2 0.98125 0.6421875 0.0375 0.06875
2 0.9640625 0.6453125 0.071875 0.06875
2 0.828125 0.56875 0.075 0.065625
2 0.84609375 0.5703125 0.0765625 0.06875
2 0.80546875 0.5625 0.0765625 0.06875
2 0.87421875 0.596875 0.0765625 0.06875
2 0.84296875 0.609375 0.0765625 0.06875
2 0.90390625 0.58984375 0.0765625 0.0671875
2 0.98125 0.6828125 0.0375 0.06875
2 0.99140625 0.6796875 0.0171875 0.06875
2 0.659375 0.65234375 0.075 0.0671875
2 0.85234375 0.66875 0.0765625 0.06875
2 0.75546875 0.640625 0.0765625 0.06875
2 0.7859375 0.6765625 0.075 0.06875
2 0.81640625 0.70078125 0.0765625 0.0734375
2 0.82421875 0.64375 0.0765625 0.06875
2 0.753125 0.68984375 0.075 0.0671875
2 0.734375 0.71328125 0.075 0.0703125
1 0.70703125 0.690625 0.0765625 0.06875
2 0.76328125 0.5203125 0.0765625 0.06875
2 0.83828125 0.4578125 0.0765625 0.06875
2 0.73984375 0.55625 0.0765625 0.06875
2 0.88046875 0.6921875 0.0765625 0.06875
2 0.909375 0.6953125 0.075 0.065625
1 0.846875 0.7078125 0.075 0.06875
2 0.90703125 0.728125 0.0765625 0.06875
3 0.82421875 0.775 0.0765625 0.06875
3 0.68671875 0.796875 0.0765625 0.06875
2 0.81328125 0.765625 0.0765625 0.06875
2 0.73046875 0.8171875 0.0765625 0.06875
1 0.73203125 0.790625 0.0765625 0.06875
2 0.76328125 0.7921875 0.0765625 0.06875
2 0.82421875 0.6609375 0.0765625 0.06875
2 0.98671875 0.1359375 0.0265625 0.06875
1 0.94453125 0.0828125 0.0765625 0.06875
2 0.98515625 0.0890625 0.0296875 0.06875
1 0.87734375 0.31875 0.0765625 0.06875
2 0.99609375 0.3328125 0.0078125 0.06875
2 0.86171875 0.3453125 0.0765625 0.06875
1 0.82109375 0.309375 0.0765625 0.06875
1 0.84765625 0.3625 0.0765625 0.06875
2 0.84921875 0.4015625 0.0765625 0.06875
2 0.91015625 0.4171875 0.0765625 0.06875
1 0.75703125 0.4078125 0.0765625 0.06875
2 0.80703125 0.3875 0.0765625 0.06875
1 0.78828125 0.4328125 0.0765625 0.06875
1 0.75859375 0.33125 0.0765625 0.06875
2 0.68984375 0.2890625 0.0765625 0.06875
2 0.63828125 0.3546875 0.0765625 0.06875
1 0.89140625 0.1578125 0.0765625 0.06875
3 0.63984375 0.3078125 0.0765625 0.06875
1 0.71015625 0.1828125 0.0765625 0.06875
2 0.72109375 0.25625 0.0765625 0.06875
2 0.92578125 0.2390625 0.0765625 0.06875
2 0.57890625 0.30390625 0.0765625 0.0703125
0 0.67890625 0.4015625 0.0765625 0.06875
2 0.85859375 0.19375 0.0765625 0.06875
2 0.94921875 0.1359375 0.0765625 0.065625
2 0.95546875 0.1921875 0.0765625 0.06875
2 0.9671875 0.234375 0.065625 0.06875
2 0.8609375 0.2453125 0.075 0.065625
2 0.92265625 0.3125 0.0765625 0.06875
1 0.9421875 0.28515625 0.075 0.0640625
2 0.83203125 0.815625 0.0765625 0.06875
2 0.83046875 0.878125 0.0765625 0.06875
2 0.790625 0.8125 0.075 0.071875
2 0.80234375 0.8359375 0.0765625 0.06875
2 0.77890625 0.8296875 0.0765625 0.06875
1 0.6890625 0.85625 0.075 0.06875
2 0.77734375 0.8703125 0.0765625 0.06875
1 0.69765625 0.81953125 0.0765625 0.0671875
0 0.85078125 0.8890625 0.0765625 0.06875
2 0.64609375 0.71875 0.0765625 0.06875
2 0.73046875 0.72265625 0.0765625 0.0671875
2 0.61953125 0.72265625 0.0765625 0.0703125
2 0.71171875 0.7421875 0.0765625 0.06875
1 0.74921875 0.75625 0.0765625 0.06875
2 0.76953125 0.7484375 0.0765625 0.06875
2 0.60546875 0.7609375 0.0765625 0.06875
2 0.61796875 0.73125 0.0765625 0.06875
2 0.59296875 0.73125 0.0765625 0.06875
1 0.52265625 0.7796875 0.0765625 0.06875
1 0.66796875 0.7078125 0.0765625 0.06875
2 0.65546875 0.85625 0.0765625 0.06875
1 0.48203125 0.65625 0.0765625 0.06875
1 0.45859375 0.703125 0.0765625 0.06875
1 0.71015625 0.84375 0.0765625 0.06875
1 0.58046875 0.8984375 0.0765625 0.06875
0 0.86015625 0.9140625 0.0765625 0.06875
1 0.94453125 0.8515625 0.0765625 0.06875
1 0.984375 0.8078125 0.03125 0.06875
1 0.94765625 0.91953125 0.0765625 0.0671875
1 0.98046875 0.02421875 0.0390625 0.0484375
2 0.89609375 0.1 0.0765625 0.06875
2 0.93828125 0.1328125 0.0765625 0.06875
2 0.83125 0.04375 0.075 0.06875
2 0.75234375 0.2609375 0.0765625 0.06875
2 0.83046875 0.13125 0.0765625 0.06875
1 0.64140625 0.278125 0.0765625 0.06875
2 0.81640625 0.11796875 0.0765625 0.0703125
2 0.81953125 0.175 0.0765625 0.06875
2 0.85 0.078125 0.075 0.065625
1 0.66796875 0.3984375 0.0765625 0.06875
1 0.48046875 0.334375 0.0765625 0.06875
2 0.46875 0.359375 0.06875 0.06875
1 0.51640625 0.4515625 0.0765625 0.06875
2 0.49296875 0.4234375 0.0765625 0.06875
2 0.49453125 0.45390625 0.0765625 0.0671875
1 0.30859375 0.9515625 0.0765625 0.06875
2 0.43671875 0.4734375 0.0765625 0.06875
2 0.46171875 0.4296875 0.0765625 0.06875
2 0.43671875 0.378125 0.0765625 0.06875
2 0.37578125 0.4234375 0.0765625 0.06875
2 0.36640625 0.3734375 0.0765625 0.06875
2 0.396875 0.52265625 0.075 0.0671875
1 0.3453125 0.34375 0.075 0.06875
1 0.37578125 0.353125 0.0765625 0.06875
1 0.76796875 0.61875 0.0765625 0.06875
2 0.58515625 0.3984375 0.0765625 0.06875
1 0.54765625 0.359375 0.0765625 0.06875
2 0.584375 0.359375 0.075 0.06875
2 0.62734375 0.3875 0.0765625 0.06875
2 0.60546875 0.34375 0.0765625 0.06875
2 0.61484375 0.4171875 0.0765625 0.06875
2 0.61015625 0.440625 0.0765625 0.06875
1 0.64375 0.4171875 0.075 0.06875
2 0.64921875 0.44375 0.0765625 0.06875
0 0.61953125 0.4546875 0.0765625 0.06875
2 0.64296875 0.44375 0.0765625 0.06875
0 0.58359375 0.43125 0.0765625 0.06875
1 0.50078125 0.346875 0.0765625 0.06875
1 0.72265625 0.4234375 0.0765625 0.06875
2 0.70859375 0.4625 0.0765625 0.06875
1 0.69609375 0.44375 0.0765625 0.06875
2 0.68515625 0.4890625 0.0765625 0.06875
2 0.66015625 0.471875 0.0765625 0.06875
2 0.62265625 0.490625 0.0765625 0.06875
2 0.61953125 0.5078125 0.0765625 0.06875
2 0.59296875 0.51875 0.0765625 0.06875
1 0.56171875 0.5046875 0.0765625 0.06875
2 0.68203125 0.5296875 0.0765625 0.06875
2 0.74921875 0.49375 0.0765625 0.06875
2 0.70546875 0.5421875 0.0765625 0.06875
2 0.65078125 0.4890625 0.0765625 0.06875
1 0.66328125 0.55 0.0765625 0.06875
2 0.60859375 0.54375 0.0765625 0.06875
0 0.55234375 0.590625 0.0765625 0.06875
1 0.58671875 0.5796875 0.0765625 0.06875
1 0.615625 0.60078125 0.078125 0.0703125
1 0.63671875 0.5578125 0.0765625 0.06875
2 0.72890625 0.6078125 0.0765625 0.06875
2 0.76015625 0.565625 0.0765625 0.06875
2 0.76328125 0.1265625 0.0765625 0.06875
2 0.76171875 0.103125 0.0765625 0.06875
1 0.39921875 0.68203125 0.0703125 0.0671875
2 0.77421875 0.1640625 0.0765625 0.06875
2 0.69765625 0.146875 0.0765625 0.06875
2 0.73828125 0.18125 0.0765625 0.06875
2 0.66484375 0.153125 0.0765625 0.06875
2 0.63671875 0.14375 0.0765625 0.06875
2 0.66171875 0.190625 0.0734375 0.0625
2 0.73359375 0.2046875 0.0765625 0.06875
2 0.70078125 0.2140625 0.0765625 0.06875
2 0.6640625 0.2125 0.075 0.06875
2 0.61953125 0.2453125 0.0765625 0.06875
2 0.59765625 0.184375 0.0765625 0.06875
2 0.90078125 0.0359375 0.0765625 0.06875
2 0.88515625 0.0859375 0.0765625 0.06875
2 0.96328125 0.075 0.0734375 0.06875
1 0.9890625 0.953125 0.021875 0.06875
1 0.98515625 0.98359375 0.0296875 0.0328125
1 0.93515625 0.9921875 0.0765625 0.015625
2 0.9859375 0.5390625 0.028125 0.06875
2 0.99375 0.453125 0.0125 0.06875
2 0.9828125 0.3921875 0.034375 0.06875
1 0.95 0.9640625 0.075 0.06875
1 0.89609375 0.9625 0.0765625 0.06875
0 0.89453125 0.94296875 0.0765625 0.0671875
1 0.83046875 0.9453125 0.0765625 0.06875
1 0.76015625 0.921875 0.0765625 0.06875
1 0.67890625 0.928125 0.0765625 0.06875
1 0.70078125 0.95 0.0765625 0.06875
2 0.59453125 0.94375 0.0765625 0.06875
1 0.56171875 0.93125 0.0765625 0.06875
1 0.52578125 0.975 0.0765625 0.05
1 0.74609375 0.98515625 0.0765625 0.0296875
1 0.71796875 0.9734375 0.0765625 0.053125
1 0.728125 0.9671875 0.075 0.065625
1 0.74140625 0.946875 0.0765625 0.06875
1 0.80234375 0.9265625 0.0765625 0.06875
1 0.79609375 0.9765625 0.0765625 0.046875
0 0.84140625 0.965625 0.0765625 0.06875
1 0.84140625 0.965625 0.0765625 0.06875
1 0.62890625 0.8953125 0.0765625 0.06875
1 0.81796875 0.990625 0.0765625 0.01875
1 0.86953125 0.97265625 0.0765625 0.0546875
1 0.40546875 0.4734375 0.0765625 0.06875
1 0.69765625 0.98828125 0.0765625 0.0234375
2 0.66171875 0.9640625 0.0765625 0.06875
1 0.23984375 0.7265625 0.0765625 0.06875
1 0.65078125 0.97734375 0.0765625 0.0453125
1 0.60703125 0.9265625 0.0765625 0.06875
1 0.62265625 0.96640625 0.0765625 0.0671875
1 0.58984375 0.9703125 0.0765625 0.059375
1 0.46796875 0.97265625 0.0765625 0.0546875
1 0.46796875 0.9390625 0.0765625 0.06875
1 0.45234375 0.959375 0.0765625 0.06875
0 0.65703125 0.99453125 0.0765625 0.0109375
1 0.50546875 0.98046875 0.0765625 0.0390625
1 0.46015625 0.903125 0.0765625 0.06875
1 0.27578125 0.8609375 0.0765625 0.06875
1 0.52734375 0.834375 0.0765625 0.06875
1 0.58359375 0.8578125 0.0765625 0.06875
1 0.65546875 0.8203125 0.0765625 0.06875
1 0.69609375 0.8859375 0.0765625 0.06875
1 0.72578125 0.9109375 0.0765625 0.06875
1 0.87109375 0.85625 0.0765625 0.06875
1 0.86953125 0.825 0.0765625 0.06875
2 0.79921875 0.7953125 0.0765625 0.06875
2 0.87109375 0.7765625 0.0765625 0.06875
2 0.87265625 0.78125 0.0765625 0.06875
2 0.91640625 0.775 0.0765625 0.06875
1 0.93671875 0.7515625 0.0765625 0.06875
2 0.90078125 0.659375 0.0765625 0.06875
2 0.9640625 0.6640625 0.071875 0.06875
1 0.96484375 0.7859375 0.0703125 0.06875
1 0.965625 0.8109375 0.06875 0.06875
1 0.90703125 0.803125 0.0765625 0.06875
1 0.46328125 0.675 0.0765625 0.06875
1 0.58046875 0.6734375 0.0765625 0.06875
1 0.59453125 0.64375 0.0765625 0.06875
2 0.60859375 0.684375 0.0765625 0.06875
2 0.64609375 0.6296875 0.0765625 0.06875
2 0.65703125 0.625 0.0765625 0.06875
2 0.70234375 0.6234375 0.0765625 0.06875
2 0.74140625 0.65 0.0765625 0.06875
2 0.71328125 0.6546875 0.0734375 0.06875
2 0.68671875 0.671875 0.0765625 0.06875
2 0.52578125 0.6125 0.0765625 0.06875
2 0.55234375 0.6265625 0.0765625 0.06875
2 0.42734375 0.559375 0.0765625 0.06875
1 0.43203125 0.6203125 0.0765625 0.06875
1 0.50078125 0.5984375 0.0765625 0.06875
1 0.46015625 0.634375 0.0765625 0.06875
1 0.55078125 0.7015625 0.0765625 0.06875
1 0.54609375 0.6625 0.0765625 0.06875
1 0.47890625 0.615625 0.0765625 0.06875
1 0.39296875 0.571875 0.0765625 0.06875
2 0.47109375 0.5265625 0.0765625 0.06875
1 0.52890625 0.48125 0.0765625 0.06875
1 0.38515625 0.5515625 0.0765625 0.06875
0 0.37109375 0.5140625 0.0765625 0.06875
2 0.71171875 0.1046875 0.0765625 0.06875
2 0.67265625 0.121875 0.0765625 0.06875
2 0.79453125 0.09453125 0.0765625 0.0671875
2 0.81953125 0.075 0.0765625 0.06875
1 0.79453125 0.04375 0.0765625 0.06875
1 0.696875 0.11640625 0.075 0.0671875
2 0.53203125 0.26875 0.0765625 0.06875
2 0.6046875 0.22421875 0.075 0.0703125
2 0.59453125 0.265625 0.0765625 0.06875
2 0.57265625 0.3 0.0765625 0.06875
1 0.50234375 0.2265625 0.0765625 0.06875
1 0.52890625 0.3234375 0.0765625 0.06875
2 0.54765625 0.3046875 0.0765625 0.06875
2 0.58828125 0.3140625 0.0765625 0.06875
2 0.44296875 0.2828125 0.0765625 0.06875
1 0.51796875 0.3765625 0.0765625 0.06875
1 0.55859375 0.39375 0.0765625 0.06875
2 0.78671875 0.2921875 0.0765625 0.06875
1 0.79921875 0.3546875 0.0765625 0.06875
2 0.82578125 0.5265625 0.0765625 0.06875
2 0.46640625 0.571875 0.0765625 0.06875
2 0.56015625 0.471875 0.0765625 0.06875
2 0.34140625 0.51875 0.0765625 0.06875
1 0.32109375 0.41171875 0.0734375 0.0703125
2 0.39921875 0.446875 0.0765625 0.06875
1 0.32890625 0.6046875 0.0765625 0.06875
1 0.33203125 0.54453125 0.0765625 0.0671875
1 0.30703125 0.6421875 0.0765625 0.06875
1 0.43203125 0.690625 0.0765625 0.06875
1 0.39765625 0.7890625 0.0765625 0.06875
1 0.50546875 0.7703125 0.0765625 0.06875
1 0.54921875 0.74375 0.0765625 0.06875
1 0.49296875 0.7203125 0.0765625 0.06875
2 0.62578125 0.7953125 0.0765625 0.06875
1 0.61484375 0.8578125 0.0765625 0.06875
1 0.56328125 0.834375 0.0765625 0.06875
2 0.81640625 0.8875 0.0765625 0.06875
1 0.53359375 0.990625 0.0765625 0.01875
2 0.615625 0.17421875 0.075 0.0703125
1 0.67265625 0.0890625 0.0765625 0.06875
2 0.59921875 0.1453125 0.0765625 0.06875
2 0.62421875 0.1203125 0.0765625 0.071875
2 0.56328125 0.228125 0.0765625 0.06875
1 0.30390625 0.5765625 0.0765625 0.06875
1 0.31015625 0.5265625 0.0765625 0.06875
1 0.25078125 0.60859375 0.0765625 0.0640625
1 0.28984375 0.690625 0.0765625 0.06875
1 0.36015625 0.61875 0.0765625 0.06875
1 0.28828125 0.4234375 0.0765625 0.06875
2 0.40078125 0.6328125 0.0765625 0.06875
1 0.378125 0.2875 0.075 0.06875
1 0.34765625 0.715625 0.0765625 0.06875
1 0.47890625 0.784375 0.0765625 0.06875
1 0.41171875 0.8015625 0.0765625 0.065625
1 0.41796875 0.771875 0.0765625 0.06875
1 0.21484375 0.690625 0.0765625 0.06875
1 0.39609375 0.853125 0.0765625 0.06875
1 0.38203125 0.8734375 0.0765625 0.06875
1 0.33671875 0.90625 0.0765625 0.06875
1 0.36796875 0.93125 0.0765625 0.06875
1 0.40859375 0.9453125 0.0765625 0.06875
1 0.42265625 0.91875 0.0765625 0.06875
1 0.35546875 0.89375 0.0765625 0.06875
2 0.39765625 0.3953125 0.0765625 0.06875
2 0.37578125 0.3828125 0.0765625 0.06875
2 0.41953125 0.3796875 0.0765625 0.06875
2 0.3421875 0.42421875 0.075 0.0703125
1 0.32265625 0.453125 0.0765625 0.06875
1 0.23515625 0.46953125 0.0765625 0.0671875
1 0.19921875 0.5109375 0.0765625 0.06875
1 0.23828125 0.5453125 0.0765625 0.06875
2 0.85703125 0.11875 0.0765625 0.06875
1 0.93046875 0.2015625 0.0765625 0.06875
2 0.88984375 0.221875 0.0765625 0.06875
1 0.9859375 0.9265625 0.028125 0.06875
2 0.99609375 0.1125 0.0078125 0.065625
2 0.79453125 0.0734375 0.0765625 0.06875
1 0.39453125 0.30859375 0.0765625 0.0671875
1 0.90546875 0.7734375 0.0765625 0.06875
2 0.87890625 0.71953125 0.0703125 0.0671875
2 0.84140625 0.74375 0.0765625 0.06875
2 0.78515625 0.70625 0.0765625 0.06875
3 0.975 0.259375 0.05 0.06875
2 0.9765625 0.2796875 0.046875 0.06875
1 0.41953125 0.9515625 0.0765625 0.06875
1 0.33984375 0.971875 0.0765625 0.05625
1 0.41015625 0.97421875 0.0765625 0.0515625
1 0.36796875 0.97421875 0.0765625 0.0515625
1 0.36796875 0.98984375 0.0703125 0.0203125
1 0.41015625 0.8921875 0.0765625 0.06875
1 0.45078125 0.8015625 0.0765625 0.06875
1 0.33046875 0.8703125 0.0765625 0.06875
1 0.33828125 0.8296875 0.0765625 0.06875
1 0.25078125 0.765625 0.0765625 0.06875
1 0.39609375 0.8296875 0.0765625 0.06875
0 0.52109375 0.8140625 0.0765625 0.06875
1 0.53203125 0.896875 0.0765625 0.06875
1 0.54765625 0.928125 0.0765625 0.06875
1 0.55546875 0.878125 0.0765625 0.06875
1 0.48359375 0.9234375 0.0765625 0.06875
1 0.52265625 0.9375 0.0765625 0.06875
2 0.42109375 0.53125 0.0765625 0.06875
1 0.42421875 0.8296875 0.0765625 0.06875
1 0.36796875 0.778125 0.0765625 0.06875
1 0.32421875 0.7703125 0.0765625 0.06875
1 0.32734375 0.93125 0.0765625 0.06875
1 0.26640625 0.896875 0.0765625 0.06875
1 0.20234375 0.55625 0.0765625 0.06875
1 0.28046875 0.7296875 0.0765625 0.06875
1 0.29296875 0.70625 0.0765625 0.06875
1 0.26484375 0.671875 0.0765625 0.06875
1 0.36015625 0.6640625 0.0765625 0.06875
1 0.23203125 0.6671875 0.0765625 0.06875
1 0.44765625 0.76875 0.0765625 0.06875
1 0.32734375 0.6390625 0.0765625 0.06875
1 0.23984375 0.6421875 0.0765625 0.06875
1 0.21796875 0.6359375 0.0765625 0.06875
1 0.28984375 0.6078125 0.0765625 0.06875
1 0.26484375 0.63125 0.0765625 0.06875
1 0.24921875 0.565625 0.0765625 0.06875
1 0.2828125 0.5875 0.075 0.06875
1 0.22734375 0.5921875 0.0765625 0.06875
1 0.26484375 0.515625 0.0765625 0.06875
1 0.2390625 0.50703125 0.075 0.0671875
2 0.75234375 0.103125 0.0765625 0.06875
2 0.73984375 0.0921875 0.0765625 0.06875
2 0.43203125 0.4078125 0.0765625 0.06875
2 0.46640625 0.39375 0.0765625 0.06875
2 0.78046875 0.4578125 0.0765625 0.06875
2 0.846875 0.1125 0.075 0.06875
1 0.82890625 0.3546875 0.0765625 0.06875
1 0.46015625 0.4796875 0.0765625 0.06875
2 0.53515625 0.5515625 0.0765625 0.06875
1 0.55234375 0.58125 0.0765625 0.06875
1 0.73515625 0.06875 0.0765625 0.06875
1 0.98828125 0.846875 0.0234375 0.06875
0 0.97734375 0.765625 0.0453125 0.06875
2 0.978125 0.740625 0.04375 0.06875
0 0.96640625 0.7296875 0.0671875 0.06875
1 0.9796875 0.8375 0.040625 0.06875
1 0.87265625 0.9484375 0.0765625 0.06875
0 0.96875 0.8703125 0.0625 0.06875
1 0.94765625 0.8828125 0.0765625 0.06875
0 0.88515625 0.99375 0.0765625 0.0125
1 0.96484375 0.9578125 0.0703125 0.06875
1 0.978125 0.8984375 0.04375 0.06875
1 0.90703125 0.909375 0.0765625 0.06875
2 0.91171875 0.603125 0.0765625 0.06875
1 0.46953125 0.3265625 0.0765625 0.06875
1 0.48359375 0.296875 0.0765625 0.06875
1 0.55390625 0.19765625 0.0765625 0.0671875
1 0.32421875 0.4828125 0.0765625 0.06875
1 0.34140625 0.4484375 0.0765625 0.06875
1 0.63046875 0.584375 0.0765625 0.06875
1 0.66953125 0.58125 0.0765625 0.06875
2 0.75546875 0.59140625 0.0765625 0.0671875
2 0.50703125 0.26328125 0.0765625 0.0671875
1 0.55390625 0.1359375 0.0765625 0.06875
2 0.66171875 0.7546875 0.0765625 0.06875
2 0.65546875 0.7765625 0.0765625 0.06875
1 0.57421875 0.184375 0.0765625 0.06875
2 0.79296875 0.034375 0.0765625 0.06875
1 0.29765625 0.4765625 0.0765625 0.06875
1 0.92734375 0.103125 0.0765625 0.06875
2 0.96953125 0.16875 0.0609375 0.06875
0 0.86796875 0.99296875 0.0765625 0.0140625
0 0.90234375 0.8671875 0.0765625 0.06875
1 0.90078125 0.834375 0.0765625 0.06875
1 0.59921875 0.884375 0.0765625 0.06875
1 0.68046875 0.896875 0.0765625 0.06875
1 0.984375 0.8796875 0.03125 0.06875
1 0.26796875 0.4609375 0.0765625 0.06875
2 0.33984375 0.4 0.0765625 0.06875
1 0.43828125 0.3265625 0.0765625 0.06875
1 0.47890625 0.271875 0.0765625 0.06875
1 0.88984375 0.38125 0.0765625 0.06875
1 0.75703125 0.0421875 0.0765625 0.06875
1 0.34921875 0.30625 0.0765625 0.06875
1 0.97421875 0.771875 0.0515625 0.06875
1 0.9953125 0.8328125 0.009375 0.06875
1 0.91484375 0.88125 0.0765625 0.06875
1 0.27578125 0.4953125 0.0765625 0.06875
1 0.58046875 0.1109375 0.0765625 0.06875
1 0.59921875 0.1015625 0.0765625 0.06875
1 0.71640625 0.0484375 0.0765625 0.06875
2 0.64296875 0.0703125 0.0765625 0.06875
1 0.67265625 0.0640625 0.0765625 0.06875
1 0.69296875 0.234375 0.0765625 0.06875
1 0.44453125 0.2953125 0.0765625 0.06875
1 0.29453125 0.3828125 0.0765625 0.06875
1 0.38515625 0.7078125 0.0765625 0.06875
1 0.36484375 0.803125 0.0765625 0.06875
1 0.25390625 0.825 0.0765625 0.06875
1 0.29375 0.8421875 0.071875 0.06875
1 0.29296875 0.8828125 0.0765625 0.06875
1 0.29765625 0.9078125 0.0765625 0.06875
1 0.67421875 0.04765625 0.0703125 0.0640625
1 0.26328125 0.42890625 0.0703125 0.0640625
1 0.35546875 0.32109375 0.0703125 0.0640625
0 0.45703125 0.24140625 0.0703125 0.0640625
0 0.59921875 0.08515625 0.0703125 0.0640625
0 0.52734375 0.13671875 0.0703125 0.0640625
0 0.909375 0.5609375 0.075 0.06875
0 0.8734375 0.621875 0.075 0.06875
0 0.53046875 0.16953125 0.0703125 0.0640625
1 0.38984375 0.26953125 0.0703125 0.0640625
0 0.41171875 0.31484375 0.0703125 0.0640625
0 0.30234375 0.34140625 0.0703125 0.0640625
1 0.27578125 0.35703125 0.0703125 0.0640625
0 0.37109375 0.59296875 0.0703125 0.0640625
0 0.35234375 0.56328125 0.0703125 0.0640625
1 0.38203125 0.7453125 0.0765625 0.06875
1 0.36171875 0.75 0.0765625 0.06875
1 0.1984375 0.5984375 0.075 0.06875
1 0.24921875 0.796875 0.0765625 0.06875
1 0.18046875 0.6375 0.0765625 0.06875
1 0.46953125 0.9921875 0.0765625 0.015625
0 0.64921875 0.05234375 0.0703125 0.0640625
0 0.99296875 0.771875 0.0140625 0.065625
0 0.33359375 0.6890625 0.0765625 0.06875
1 0.41953125 0.7421875 0.0765625 0.06875
1 0.45234375 0.7453125 0.0765625 0.06875
1 0.39765625 0.9875 0.0703125 0.025
0 0.59296875 0.98984375 0.0765625 0.0203125
0 0.44296875 0.609375 0.0765625 0.06875
0 0.46640625 0.84375 0.0765625 0.06875
1 0.48046875 0.8203125 0.0765625 0.06875
0 0.47734375 0.865625 0.0765625 0.06875
0 0.57421875 0.7890625 0.0765625 0.06875