2 0.02890625 0.05390625 0.0578125 0.0703125
2 0.0140625 0.06640625 0.028125 0.0703125
2 0.025 0.08359375 0.05 0.0703125
2 0.0203125 0.10546875 0.040625 0.0703125
2 0.05390625 0.08515625 0.0796875 0.0703125
2 0.03515625 0.07734375 0.0703125 0.0703125
2 0.025 0.04765625 0.05 0.0703125
2 0.07265625 0.0234375 0.0796875 0.046875
2 0.10390625 0.03125 0.0796875 0.0625
2 0.13984375 0.0234375 0.0796875 0.046875
2 0.09453125 0.05703125 0.0796875 0.0703125
2 0.11796875 0.12890625 0.0796875 0.0703125
2 0.12578125 0.09609375 0.0796875 0.0703125
2 0.17578125 0.12421875 0.0796875 0.0703125
2 0.16328125 0.16015625 0.0796875 0.0703125
2 0.1921875 0.21484375 0.08125 0.0703125
2 0.14765625 0.13828125 0.0796875 0.0703125
2 0.04140625 0.02578125 0.0765625 0.0515625
0 0.06796875 0.03046875 0.0765625 0.0609375
0 0.06796875 0.03046875 0.0765625 0.0609375
0 0.06796875 0.03046875 0.0765625 0.0609375
0 0.06796875 0.03046875 0.0765625 0.0609375
0 0.06796875 0.03046875 0.0765625 0.0609375
0 0.06796875 0.03046875 0.0765625 0.0609375
0 0.06796875 0.03046875 0.0765625 0.0609375
0 0.06796875 0.03046875 0.0765625 0.0609375
0 0.06796875 0.03046875 0.0765625 0.0609375
0 0.06796875 0.03046875 0.0765625 0.0609375
0 0.06796875 0.03046875 0.0765625 0.0609375
0 0.06796875 0.03046875 0.0765625 0.0609375
0 0.06796875 0.03046875 0.0765625 0.0609375
0 0.06796875 0.03046875 0.0765625 0.0609375
0 0.06796875 0.03046875 0.0765625 0.0609375
0 0.06796875 0.03046875 0.0765625 0.0609375
0 0.06796875 0.03046875 0.0765625 0.0609375
0 0.06796875 0.03046875 0.0765625 0.0609375
0 0.06796875 0.03046875 0.0765625 0.0609375
0 0.06796875 0.03046875 0.0765625 0.0609375
0 0.06796875 0.03046875 0.0765625 0.0609375
0 0.06796875 0.03046875 0.0765625 0.0609375
2 0.04296875 0.0203125 0.0765625 0.040625
2 0.07109375 0.05 0.0765625 0.06875
2 0.06953125 0.01015625 0.0765625 0.0203125
2 0.0109375 0.01484375 0.021875 0.0296875
2 0.0125 0.0296875 0.025 0.059375
2 0.31171875 0.43125 0.0765625 0.06875
2 0.009375 0.4734375 0.01875 0.06875
2 0.015625 0.4375 0.03125 0.06875
2 0.03671875 0.359375 0.0734375 0.06875
2 0.09921875 0.3546875 0.0765625 0.06875
1 0.03203125 0.2765625 0.0640625 0.06875
2 0.05546875 0.3875 0.0765625 0.06875
2 0.21328125 0.359375 0.0765625 0.06875
2 0.05703125 0.30625 0.0765625 0.06875
2 0.14140625 0.371875 0.0765625 0.06875
2 0.11640625 0.38984375 0.0765625 0.0671875
2 0.12734375 0.465625 0.0765625 0.06875
2 0.12578125 0.428125 0.0765625 0.06875
2 0.16640625 0.4265625 0.0765625 0.06875
2 0.27109375 0.4203125 0.0765625 0.06875
2 0.14921875 0.3375 0.0765625 0.06875
2 0.30390625 0.1671875 0.0765625 0.06875
2 0.15078125 0.2296875 0.0765625 0.06875
2 0.18671875 0.2859375 0.0765625 0.06875
2 0.14921875 0.265625 0.0765625 0.06875
2 0.13671875 0.30390625 0.0765625 0.0671875
2 0.19921875 0.3078125 0.0765625 0.06875
2 0.26640625 0.1734375 0.0765625 0.06875
2 0.27734375 0.146875 0.0765625 0.06875
2 0.27734375 0.2296875 0.0765625 0.06875
2 0.31328125 0.196875 0.0765625 0.06875
2 0.26171875 0.209375 0.0765625 0.06875
2 0.35078125 0.1453125 0.0765625 0.06875
2 0.31796875 0.1578125 0.0765625 0.06875
2 0.38359375 0.165625 0.0765625 0.06875
2 0.36171875 0.140625 0.0765625 0.06875
2 0.40625 0.1921875 0.078125 0.06875
1 0.51484375 0.1125 0.0765625 0.06875
2 0.41796875 0.153125 0.0765625 0.06875
2 0.44765625 0.1953125 0.0765625 0.06875
2 0.42734375 0.1109375 0.0765625 0.06875
2 0.40234375 0.12578125 0.0765625 0.0671875
2 0.42109375 0.1328125 0.0765625 0.06875
1 0.34296875 0.084375 0.0765625 0.06875
1 0.509375 0.14609375 0.078125 0.0671875
2 0.1875 0.09140625 0.075 0.0671875
2 0.31328125 0.103125 0.0765625 0.06875
2 0.29296875 0.0671875 0.0765625 0.06875
2 0.26015625 0.053125 0.0765625 0.065625
1 0.25234375 0.1546875 0.0765625 0.06875
1 0.27890625 0.121875 0.0765625 0.06875
2 0.30390625 0.03359375 0.0765625 0.0671875
2 0.33046875 0.0359375 0.0765625 0.06875
2 0.26953125 0.00703125 0.0765625 0.0140625
1 0.10078125 0.23125 0.0703125 0.06875
2 0.06640625 0.17578125 0.0765625 0.0671875
3 0.0203125 0.165625 0.040625 0.06875
0 0.0171875 0.50625 0.034375 0.06875
0 0.06015625 0.7640625 0.0765625 0.06875
1 0.0140625 0.8484375 0.028125 0.06875
1 0.01484375 0.9296875 0.0296875 0.06875
1 0.11484375 0.9515625 0.0765625 0.06875
1 0.0375 0.7203125 0.075 0.06875
0 0.06640625 0.8765625 0.0765625 0.06875
0 0.03828125 0.8734375 0.0765625 0.06875
1 0.009375 0.9609375 0.01875 0.06875
1 0.20234375 0.8984375 0.0765625 0.06875
1 0.03671875 0.946875 0.0734375 0.06875
1 0.07734375 0.9171875 0.0765625 0.06875
1 0.21640625 0.88125 0.0765625 0.06875
1 0.28359375 0.8453125 0.0765625 0.06875
2 0.29296875 0.6109375 0.0765625 0.06875
1 0.28046875 0.8015625 0.0765625 0.06875
1 0.30703125 0.76875 0.0765625 0.06875
2 0.29140625 0.69375 0.0765625 0.06875
1 0.46796875 0.771875 0.0765625 0.06875
2 0.43828125 0.3671875 0.0765625 0.06875
1 0.30078125 0.59375 0.0765625 0.06875
2 0.32109375 0.5234375 0.0765625 0.06875
2 0.28203125 0.484375 0.0765625 0.06875
2 0.22109375 0.56875 0.0765625 0.06875
1 0.51953125 0.528125 0.0765625 0.06875
2 0.32421875 0.4703125 0.0765625 0.06875
2 0.36171875 0.4984375 0.0765625 0.06875
2 0.41640625 0.5203125 0.0765625 0.06875
1 0.39453125 0.5609375 0.0765625 0.06875
1 0.34609375 0.5765625 0.0765625 0.06875
1 0.55390625 0.5328125 0.0765625 0.06875
1 0.49609375 0.4609375 0.0765625 0.06875
1 0.43671875 0.55 0.0765625 0.06875
1 0.56328125 0.5234375 0.0765625 0.06875
1 0.48671875 0.5484375 0.0765625 0.06875
1 0.41171875 0.5875 0.0765625 0.06875
1 0.38203125 0.5875 0.0765625 0.06875
2 0.43359375 0.4328125 0.0765625 0.06875
1 0.42578125 0.4734375 0.0765625 0.06875
1 0.44296875 0.4625 0.0765625 0.06875
2 0.20078125 0.453125 0.0765625 0.06875
2 0.32578125 0.253125 0.0765625 0.06875
2 0.33828125 0.4234375 0.0765625 0.06875
2 0.34765625 0.371875 0.0765625 0.06875
0 0.27578125 0.3390625 0.0765625 0.06875
1 0.51953125 0.2703125 0.0765625 0.06875
2 0.48671875 0.23125 0.0765625 0.06875
2 0.28046875 0.2828125 0.0765625 0.06875
2 0.18984375 0.36875 0.0765625 0.06875
2 0.13359375 0.3546875 0.0765625 0.06875
2 0.16171875 0.396875 0.0765625 0.06875
0 0.31015625 0.2890625 0.0765625 0.06875
2 0.22578125 0.2921875 0.0765625 0.06875
2 0.21484375 0.25 0.0765625 0.06875
2 0.34921875 0.2671875 0.0765625 0.06875
0 0.33046875 0.2734375 0.0765625 0.06875
2 0.40546875 0.2703125 0.0765625 0.06875
2 0.45234375 0.26875 0.0765625 0.06875
2 0.42265625 0.2359375 0.0765625 0.06875
1 0.49296875 0.178125 0.0765625 0.06875
2 0.47265625 0.2734375 0.0765625 0.06875
2 0.45859375 0.2078125 0.0765625 0.06875
2 0.36796875 0.21875 0.0765625 0.06875
2 0.51953125 0.221875 0.0765625 0.06875
2 0.37734375 0.0984375 0.0765625 0.06875
2 0.35546875 0.2375 0.0765625 0.06875
2 0.35078125 0.215625 0.0765625 0.06875
2 0.475 0.1546875 0.075 0.06875
2 0.44765625 0.0671875 0.0765625 0.06875
2 0.44921875 0.0984375 0.0765625 0.06875
2 0.42734375 0.075 0.0765625 0.06875
2 0.440625 0.1203125 0.078125 0.071875
2 0.40390625 0.0765625 0.0765625 0.06875
2 0.42734375 0.0265625 0.0765625 0.053125
2 0.37265625 0.053125 0.0765625 0.06875
2 0.36953125 0.02421875 0.0765625 0.0484375
2 0.41015625 0.01875 0.0765625 0.0375
2 0.34609375 0.0046875 0.0765625 0.009375
2 0.32421875 0.01953125 0.0765625 0.0390625
2 0.34453125 0.02109375 0.0765625 0.0421875
2 0.18203125 0.32421875 0.0765625 0.0703125
2 0.18828125 0.24765625 0.0765625 0.0703125
2 0.20390625 0.39140625 0.0765625 0.0703125
2 0.0890625 0.10546875 0.075 0.0703125
2 0.15546875 0.09140625 0.0796875 0.0703125
2 0.00859375 0.340625 0.0171875 0.06875
2 0.23203125 0.3171875 0.0765625 0.06875
2 0.30390625 0.3046875 0.0765625 0.06875
2 0.209375 0.16015625 0.08125 0.0703125
2 0.1609375 0.19296875 0.08125 0.0703125
2 0.1265625 0.19765625 0.08125 0.0703125
2 0.034375 0.190625 0.06875 0.06875
2 0.08984375 0.1296875 0.0765625 0.06875
2 0.04140625 0.1390625 0.0765625 0.06875
2 0.06328125 0.1234375 0.0765625 0.06875
3 0.26640625 0.02265625 0.0765625 0.0453125
1 0.00703125 0.81875 0.0140625 0.06875
2 0.01953125 0.3140625 0.0390625 0.06875
2 0.0375 0.3140625 0.075 0.06875
2 0.05078125 0.334375 0.0765625 0.06875
2 0.07890625 0.36875 0.0765625 0.06875
2 0.08671875 0.4359375 0.0765625 0.06875
2 0.0265625 0.4671875 0.053125 0.06875
1 0.0359375 0.4078125 0.071875 0.06875
2 0.01484375 0.27109375 0.0296875 0.0703125
2 0.02265625 0.21484375 0.0453125 0.0703125
2 0.09765625 0.19921875 0.0765625 0.0703125
1 0.10390625 0.25703125 0.0765625 0.0703125
2 0.09296875 0.26015625 0.0765625 0.0703125
1 0.11171875 0.28203125 0.0765625 0.0703125
1 0.08203125 0.29765625 0.0765625 0.0703125
2 0.05546875 0.33203125 0.0765625 0.0703125
2 0.02265625 0.9375 0.0453125 0.06875
1 0.0328125 0.5296875 0.065625 0.06875
1 0.06484375 0.8546875 0.0765625 0.06875
1 0.12265625 0.915625 0.0765625 0.06875
1 0.14453125 0.946875 0.0765625 0.06875
1 0.26796875 0.98046875 0.0765625 0.0359375
1 0.06796875 0.9296875 0.0765625 0.06875
1 0.15234375 0.8828125 0.0765625 0.06875
0 0.10234375 0.8765625 0.0765625 0.06875
1 0.09140625 0.7796875 0.0765625 0.06875
0 0.028125 0.690625 0.05625 0.06875
1 0.01875 0.5984375 0.0375 0.06875
1 0.06953125 0.5375 0.0765625 0.06875
1 0.0078125 0.63203125 0.015625 0.0671875
1 0.45703125 0.6921875 0.0765625 0.06875
1 0.42578125 0.6375 0.0765625 0.06875
1 0.43984375 0.590625 0.0765625 0.06875
1 0.40390625 0.7078125 0.0765625 0.06875
2 0.31796875 0.6828125 0.0765625 0.06875
1 0.32109375 0.840625 0.0765625 0.06875
1 0.38984375 0.790625 0.0765625 0.06875
1 0.31015625 0.625 0.0765625 0.06875
1 0.22890625 0.484375 0.0765625 0.06875
1 0.56171875 0.4625 0.0765625 0.06875
2 0.05234375 0.25078125 0.0765625 0.0703125
2 0.0078125 0.24765625 0.015625 0.0703125
1 0.2359375 0.45234375 0.075 0.0703125
2 0.13515625 0.05390625 0.0796875 0.0703125
2 0.2734375 0.0671875 0.075 0.065625
1 0.2625 0.07578125 0.075 0.0671875
0 0.01953125 0.7984375 0.0390625 0.06875
0 0.03203125 0.8 0.0640625 0.06875
1 0.16015625 0.828125 0.0765625 0.06875
1 0.19296875 0.884375 0.0765625 0.06875
1 0.13984375 0.8140625 0.0765625 0.06875
1 0.14140625 0.7640625 0.0765625 0.06875
1 0.12421875 0.6890625 0.0765625 0.06875
2 0.13671875 0.5484375 0.0765625 0.06875
2 0.36796875 0.4609375 0.0765625 0.06875
2 0.42734375 0.4171875 0.0765625 0.06875
1 0.24921875 0.4640625 0.0765625 0.06875
1 0.21796875 0.95 0.0765625 0.06875
1 0.18046875 0.05859375 0.0796875 0.0703125
2 0.22890625 0.06796875 0.0796875 0.0703125
1 0.49921875 0.3671875 0.0765625 0.06875
1 0.51796875 0.34375 0.0765625 0.06875
2 0.47890625 0.1171875 0.0765625 0.06875
2 0.48203125 0.065625 0.0765625 0.06875
2 0.41484375 0.00546875 0.0765625 0.0109375
1 0.31640625 0.38125 0.0765625 0.06875
2 0.25078125 0.3671875 0.0765625 0.06875
2 0.49140625 0.0421875 0.0765625 0.06875
1 0.48359375 0.6109375 0.0765625 0.06875
1 0.43671875 0.6 0.0765625 0.06875
2 0.51796875 0.18046875 0.0796875 0.0703125
2 0.36640625 0.6921875 0.0765625 0.06875
1 0.41796875 0.690625 0.0765625 0.06875
0 0.26796875 0.7234375 0.0765625 0.06875
1 0.36640625 0.828125 0.0765625 0.06875
1 0.37265625 0.9078125 0.0765625 0.06875
1 0.41953125 0.88125 0.0765625 0.06875
1 0.34453125 0.8609375 0.0765625 0.06875
0 0.034375 0.9 0.06875 0.06875
1 0.31015625 0.9046875 0.0765625 0.06875
1 0.48046875 0.584375 0.0765625 0.06875
1 0.46796875 0.4734375 0.0765625 0.06875
0 0.27109375 0.55 0.0765625 0.06875
0 0.26328125 0.596875 0.0765625 0.06875
0 0.18359375 0.01640625 0.0796875 0.0328125
0 0.19453125 0.028125 0.0796875 0.05625
1 0.52421875 0.48828125 0.0796875 0.0703125
0 0.45234375 0.00625 0.0796875 0.0125
1 0.08046875 0.97109375 0.0765625 0.0546875
0 0.47421875 0.01328125 0.0796875 0.0265625
1 0.50859375 0.09296875 0.0796875 0.0703125
1 0.54453125 0.10546875 0.0796875 0.0703125
0 0.50546875 0.32109375 0.0796875 0.0703125
0 0.41796875 0.32421875 0.0796875 0.0703125
0 0.35078125 0.33671875 0.0796875 0.0703125
1 0.48671875 0.42265625 0.0796875 0.0703125
1 0.03125 0.83125 0.0625 0.06875
0 0.36953125 0.86875 0.0765625 0.06875
0 0.41015625 0.8421875 0.0765625 0.06875
0 0.54609375 0.40390625 0.0796875 0.0703125
1 0.025 0.7625 0.05 0.06875
0 0.08515625 0.734375 0.0765625 0.06875
0 0.07265625 0.7484375 0.0765625 0.06875
1 0.24765625 0.953125 0.0765625 0.06875
1 0.20390625 0.98125 0.0765625 0.034375
0 0.36796875 0.771875 0.0765625 0.06875
1 0.36640625 0.9484375 0.0765625 0.06875
0 0.31015625 0.9609375 0.0765625 0.06875
0 0.12421875 0.8515625 0.0765625 0.06875
1 0.04140625 0.8171875 0.0765625 0.06875
0 0.38984375 0.853125 0.0765625 0.06875
0 0.18984375 0.9375 0.0765625 0.06875