1 0.93359375 0.090625 0.0453125 0.04375
0 0.99609375 0.19296875 0.0078125 0.0265625
0 0.99375 0.146875 0.0125 0.025
1 0.909375 0.084375 0.0625 0.05
1 0.93359375 0.13515625 0.0578125 0.0546875
0 0.91328125 0.74765625 0.0234375 0.0265625
0 0.99296875 0.10390625 0.0140625 0.0484375
0 0.9671875 0.15703125 0.028125 0.0265625
0 0.97578125 0.12578125 0.0484375 0.0453125
1 0.959375 0.10703125 0.05625 0.0453125
0 0.86875 0.13203125 0.04375 0.0359375
0 0.8296875 0.15234375 0.034375 0.0296875
0 0.78125 0.1734375 0.03125 0.021875
0 0.94140625 0.1703125 0.0296875 0.028125
0 0.98359375 0.18984375 0.0328125 0.0296875
0 0.87421875 0.35390625 0.0359375 0.0296875
0 0.62265625 0.378125 0.0515625 0.0375
0 0.66484375 0.4140625 0.0359375 0.0375
0 0.6875 0.41328125 0.034375 0.0296875
0 0.72265625 0.64375 0.0421875 0.04375
0 0.64296875 0.5484375 0.0390625 0.03125
0 0.58203125 0.57890625 0.0359375 0.0359375
0 0.54609375 0.1640625 0.0265625 0.025
0 0.97421875 0.43671875 0.0328125 0.0390625
0 0.77578125 0.60703125 0.0234375 0.0296875
0 0.69921875 0.3625 0.0234375 0.021875
0 0.6921875 0.37890625 0.03125 0.0296875
0 0.72109375 0.39609375 0.0484375 0.0421875
0 0.56875 0.2109375 0.046875 0.040625
0 0.97421875 0.225 0.0453125 0.034375
0 0.98984375 0.271875 0.0203125 0.04375
0 0.9984375 0.2875 0.003125 0.04375
0 0.83828125 0.06796875 0.0453125 0.0515625
0 0.98828125 0.0921875 0.0234375 0.025
0 0.89453125 0.25625 0.0296875 0.034375
0 0.92265625 0.22734375 0.0359375 0.0328125
0 0.78984375 0.640625 0.0453125 0.034375
0 0.94765625 0.81796875 0.0390625 0.0390625
0 0.64609375 0.32890625 0.0328125 0.0421875
0 0.5765625 0.18359375 0.040625 0.0390625
0 0.85625 0.2296875 0.03125 0.034375
0 0.65 0.00703125 0.0375 0.0140625
0 0.834375 0.26796875 0.0375 0.0453125
0 0.7625 0.22890625 0.034375 0.0390625
0 0.884375 0.47578125 0.05 0.0453125