0 0.59453125 0.1734375 0.0234375 0.025
1 0.45859375 0.090625 0.0453125 0.04375
0 0.5390625 0.41796875 0.025 0.0359375
1 0.678125 0.39765625 0.04375 0.0484375
1 0.57109375 0.18828125 0.0484375 0.0484375
0 0.5296875 0.19296875 0.025 0.0265625
0 0.553125 0.23046875 0.034375 0.0296875
0 0.578125 0.29140625 0.021875 0.0234375
0 0.55546875 0.2859375 0.0296875 0.025
0 0.525 0.146875 0.025 0.025
1 0.434375 0.084375 0.0625 0.05
1 0.45859375 0.13515625 0.0578125 0.0546875
0 0.5703125 0.18359375 0.025 0.0234375
0 0.43828125 0.74765625 0.0234375 0.0265625
0 0.534375 0.10390625 0.046875 0.0484375
0 0.4921875 0.15703125 0.028125 0.0265625
0 0.5015625 0.12578125 0.05 0.0453125
1 0.484375 0.10703125 0.05625 0.0453125
0 0.39375 0.13203125 0.04375 0.0359375
0 0.3546875 0.15234375 0.034375 0.0296875
1 0.71015625 0.42109375 0.0546875 0.0515625
1 0.68984375 0.39921875 0.0359375 0.0515625
0 0.65703125 0.54765625 0.0328125 0.0390625
0 0.30625 0.1734375 0.03125 0.021875
0 0.46640625 0.1703125 0.0296875 0.028125
0 0.54609375 0.1875 0.0234375 0.028125
0 0.51171875 0.18984375 0.0390625 0.0296875
1 0.55546875 0.13671875 0.0515625 0.0484375
0 0.58671875 0.2765625 0.0421875 0.0375
0 0.39921875 0.35390625 0.0359375 0.0296875
0 0.14765625 0.378125 0.0515625 0.0375
0 0.18984375 0.4140625 0.0359375 0.0375
0 0.2125 0.41328125 0.034375 0.0296875
0 0.24765625 0.64375 0.0421875 0.04375
0 0.16796875 0.5484375 0.0390625 0.03125
0 0.10703125 0.57890625 0.0359375 0.0359375
1 0.6578125 0.35 0.053125 0.05625
0 0.07109375 0.1640625 0.0265625 0.025
1 0.609375 0.23828125 0.065625 0.0609375
0 0.734375 0.321875 0.05625 0.046875
0 0.49921875 0.43671875 0.0328125 0.0390625
0 0.30078125 0.60703125 0.0234375 0.0296875
0 0.22421875 0.3625 0.0234375 0.021875
0 0.2171875 0.37890625 0.03125 0.0296875
0 0.24609375 0.39609375 0.0484375 0.0421875
0 0.09375 0.2109375 0.046875 0.040625
0 0.49921875 0.225 0.0453125 0.034375
0 0.51953125 0.271875 0.0296875 0.04375
0 0.53515625 0.2875 0.0265625 0.04375
1 0.6171875 0.18828125 0.0375 0.0421875
0 0.58984375 0.16171875 0.0296875 0.0359375
0 0.36328125 0.06796875 0.0453125 0.0515625
0 0.51328125 0.0921875 0.0234375 0.025
0 0.634375 0.165625 0.040625 0.03125
0 0.60703125 0.14296875 0.0421875 0.0453125
0 0.57109375 0.16015625 0.0421875 0.0390625
0 0.60078125 0.253125 0.0453125 0.03125
0 0.41953125 0.25625 0.0296875 0.034375
0 0.44765625 0.22734375 0.0359375 0.0328125
0 0.74609375 0.340625 0.0328125 0.025
0 0.7546875 0.36015625 0.034375 0.0328125
0 0.31484375 0.640625 0.0453125 0.034375
0 0.47265625 0.81796875 0.0390625 0.0390625
0 0.17109375 0.32890625 0.0328125 0.0421875
0 0.1015625 0.18359375 0.040625 0.0390625
0 0.38125 0.2296875 0.03125 0.034375
0 0.175 0.00703125 0.0375 0.0140625
0 0.359375 0.26796875 0.0375 0.0453125
0 0.2875 0.22890625 0.034375 0.0390625
0 0.409375 0.47578125 0.05 0.0453125
0 0.559375 0.69921875 0.05 0.0546875