1 0.93359375 0.4265625 0.0453125 0.04375
0 0.99609375 0.52890625 0.0078125 0.0265625
0 0.99375 0.4828125 0.0125 0.025
1 0.909375 0.4203125 0.0625 0.05
1 0.93359375 0.47109375 0.0578125 0.0546875
0 0.99296875 0.43984375 0.0140625 0.0484375
0 0.9671875 0.49296875 0.028125 0.0265625
0 0.97578125 0.46171875 0.0484375 0.0453125
1 0.959375 0.44296875 0.05625 0.0453125
1 0.89609375 0.2453125 0.0640625 0.0625
0 0.86875 0.46796875 0.04375 0.0359375
0 0.8296875 0.48828125 0.034375 0.0296875
0 0.78125 0.509375 0.03125 0.021875
0 0.94140625 0.50625 0.0296875 0.028125
0 0.98359375 0.52578125 0.0328125 0.0296875
0 0.87421875 0.68984375 0.0359375 0.0296875
0 0.62265625 0.7140625 0.0515625 0.0375
0 0.66484375 0.75 0.0359375 0.0375
0 0.6875 0.74921875 0.034375 0.0296875
0 0.72265625 0.97890625 0.0421875 0.0421875
0 0.64296875 0.884375 0.0390625 0.03125
0 0.58203125 0.91484375 0.0359375 0.0359375
0 0.54609375 0.5 0.0265625 0.025
0 0.97421875 0.77265625 0.0328125 0.0390625
0 0.77578125 0.94296875 0.0234375 0.0296875
0 0.69921875 0.6984375 0.0234375 0.021875
0 0.6921875 0.71484375 0.03125 0.0296875
0 0.72109375 0.73203125 0.0484375 0.0421875
0 0.56875 0.546875 0.046875 0.040625
0 0.97421875 0.5609375 0.0453125 0.034375
0 0.98984375 0.6078125 0.0203125 0.04375
0 0.9984375 0.6234375 0.003125 0.04375
0 0.9671875 0.259375 0.028125 0.03125
0 0.83828125 0.40390625 0.0453125 0.0515625
0 0.98828125 0.428125 0.0234375 0.025
0 0.89453125 0.5921875 0.0296875 0.034375
0 0.92265625 0.56328125 0.0359375 0.0328125
0 0.78984375 0.9765625 0.0453125 0.034375
0 0.64609375 0.66484375 0.0328125 0.0421875
0 0.5765625 0.51953125 0.040625 0.0390625
0 0.85625 0.565625 0.03125 0.034375
0 0.65 0.33203125 0.0375 0.0359375
0 0.834375 0.60390625 0.0375 0.0453125
0 0.7625 0.56484375 0.034375 0.0390625
0 0.884375 0.81171875 0.05 0.0453125