0 0.59453125 0.509375 0.0234375 0.025
1 0.45859375 0.4265625 0.0453125 0.04375
0 0.5390625 0.75390625 0.025 0.0359375
1 0.678125 0.73359375 0.04375 0.0484375
1 0.57109375 0.52421875 0.0484375 0.0484375
0 0.5296875 0.52890625 0.025 0.0265625
0 0.553125 0.56640625 0.034375 0.0296875
0 0.578125 0.62734375 0.021875 0.0234375
0 0.55546875 0.621875 0.0296875 0.025
0 0.525 0.4828125 0.025 0.025
1 0.434375 0.4203125 0.0625 0.05
1 0.45859375 0.47109375 0.0578125 0.0546875
0 0.5703125 0.51953125 0.025 0.0234375
0 0.534375 0.43984375 0.046875 0.0484375
0 0.4921875 0.49296875 0.028125 0.0265625
0 0.5015625 0.46171875 0.05 0.0453125
1 0.484375 0.44296875 0.05625 0.0453125
1 0.42109375 0.2453125 0.0640625 0.0625
0 0.39375 0.46796875 0.04375 0.0359375
0 0.3546875 0.48828125 0.034375 0.0296875
1 0.71015625 0.75703125 0.0546875 0.0515625
1 0.68984375 0.73515625 0.0359375 0.0515625
0 0.65703125 0.88359375 0.0328125 0.0390625
0 0.30625 0.509375 0.03125 0.021875
0 0.46640625 0.50625 0.0296875 0.028125
0 0.54609375 0.5234375 0.0234375 0.028125
0 0.51171875 0.52578125 0.0390625 0.0296875
1 0.55546875 0.47265625 0.0515625 0.0484375
0 0.58671875 0.6125 0.0421875 0.0375
0 0.39921875 0.68984375 0.0359375 0.0296875
0 0.14765625 0.7140625 0.0515625 0.0375
0 0.18984375 0.75 0.0359375 0.0375
0 0.2125 0.74921875 0.034375 0.0296875
0 0.24765625 0.97890625 0.0421875 0.0421875
0 0.16796875 0.884375 0.0390625 0.03125
0 0.10703125 0.91484375 0.0359375 0.0359375
1 0.6578125 0.6859375 0.053125 0.05625
0 0.07109375 0.5 0.0265625 0.025
1 0.609375 0.57421875 0.065625 0.0609375
0 0.734375 0.6578125 0.05625 0.046875
0 0.49921875 0.77265625 0.0328125 0.0390625
0 0.30078125 0.94296875 0.0234375 0.0296875
0 0.22421875 0.6984375 0.0234375 0.021875
0 0.2171875 0.71484375 0.03125 0.0296875
0 0.24609375 0.73203125 0.0484375 0.0421875
0 0.09375 0.546875 0.046875 0.040625
0 0.49921875 0.5609375 0.0453125 0.034375
0 0.51953125 0.6078125 0.0296875 0.04375
0 0.53515625 0.6234375 0.0265625 0.04375
1 0.6171875 0.52421875 0.0375 0.0421875
0 0.58984375 0.49765625 0.0296875 0.0359375
0 0.4921875 0.259375 0.028125 0.03125
0 0.36328125 0.40390625 0.0453125 0.0515625
0 0.51328125 0.428125 0.0234375 0.025
0 0.634375 0.5015625 0.040625 0.03125
0 0.60703125 0.47890625 0.0421875 0.0453125
0 0.57109375 0.49609375 0.0421875 0.0390625
0 0.60078125 0.5890625 0.0453125 0.03125
0 0.41953125 0.5921875 0.0296875 0.034375
0 0.44765625 0.56328125 0.0359375 0.0328125
0 0.74609375 0.6765625 0.0328125 0.025
0 0.7546875 0.69609375 0.034375 0.0328125
0 0.31484375 0.9765625 0.0453125 0.034375
0 0.17109375 0.66484375 0.0328125 0.0421875
0 0.1015625 0.51953125 0.040625 0.0390625
0 0.38125 0.565625 0.03125 0.034375
0 0.175 0.33203125 0.0375 0.0359375
0 0.359375 0.60390625 0.0375 0.0453125
0 0.2875 0.56484375 0.034375 0.0390625
0 0.409375 0.81171875 0.05 0.0453125