0 0.8291941 0.3814327 0.0097039 0.0190058
1 0.771875 0.3190058 0.0190789 0.0327485
0 0.8059211 0.5644737 0.0105263 0.0266082
1 0.8648026 0.5497076 0.0184211 0.0368421
1 0.8196546 0.3926901 0.0202303 0.0362573
0 0.801727 0.396345 0.0106908 0.0201754
0 0.8121711 0.4245614 0.0148026 0.022807
0 0.8225329 0.4703216 0.0092105 0.0178363
0 0.8125 0.4652047 0.0121711 0.0192982
0 0.7997533 0.3611111 0.0103618 0.0192982
1 0.7619243 0.3144737 0.0261513 0.0377193
1 0.7722862 0.3520468 0.0245066 0.0403509
0 0.8186678 0.3887427 0.0103618 0.0178363
0 0.7635691 0.8109649 0.0100329 0.0201754
0 0.8041941 0.3298246 0.0199013 0.0368421
0 0.7860197 0.369152 0.0118421 0.0201754
0 0.7901316 0.3453216 0.0207237 0.0339181
1 0.7827303 0.3317251 0.0233553 0.0342105
1 0.7565789 0.1839181 0.0269737 0.0467836
0 0.7448191 0.350731 0.0185855 0.027193
0 0.728125 0.3660819 0.0148026 0.022807
1 0.8777961 0.5671053 0.0226974 0.0388889
1 0.8694079 0.5504386 0.0154605 0.0388889
0 0.8553454 0.6611111 0.0136513 0.028655
0 0.7075658 0.3807018 0.0131579 0.0163743
0 0.7754112 0.3789474 0.0126645 0.0210526
0 0.8087993 0.3912281 0.0100329 0.0210526
0 0.7946546 0.3935673 0.0162829 0.022807
1 0.8129934 0.3533626 0.0213816 0.0359649
0 0.8257401 0.4590643 0.0175987 0.0280702
0 0.7469572 0.5165205 0.0149671 0.0225146
0 0.6413651 0.5350877 0.021875 0.0280702
0 0.6587171 0.5615497 0.0154605 0.0277778
0 0.6686678 0.5605263 0.0146382 0.0222222
0 0.6832237 0.7333333 0.0177632 0.0327485
0 0.65 0.6622807 0.0164474 0.0233918
0 0.6239309 0.6842105 0.0152961 0.0263158
1 0.8563322 0.5130117 0.0225329 0.0418129
0 0.6091283 0.3741228 0.0113487 0.0190058
1 0.8354441 0.4295322 0.0274671 0.045614
0 0.8878289 0.4925439 0.0233553 0.0353801
0 0.7893914 0.5782164 0.0136513 0.0289474
0 0.7051809 0.705848 0.0097039 0.022807
0 0.673273 0.5230994 0.0097039 0.0163743
0 0.6702303 0.5352339 0.0134868 0.0225146
0 0.6823191 0.5480994 0.0205592 0.0312865
0 0.6180921 0.4097953 0.0197368 0.030117
0 0.7890625 0.4200292 0.0189145 0.0260234
0 0.7978618 0.4549708 0.0125 0.0327485
0 0.8042763 0.4668129 0.0111842 0.0324561
1 0.8387336 0.3919591 0.015625 0.0318713
0 0.8277138 0.3722222 0.0126645 0.0263158
0 0.7860197 0.1935673 0.0115132 0.0233918
0 0.7319901 0.3019006 0.0192434 0.0388889
0 0.7948191 0.3210526 0.0097039 0.0192982
0 0.8459704 0.3760234 0.0169408 0.0239766
0 0.834375 0.3590643 0.0177632 0.0339181
0 0.8194901 0.3716374 0.0175987 0.0292398
0 0.8321546 0.4409357 0.0192434 0.0233918
0 0.7555921 0.4428363 0.0121711 0.0254386
0 0.7671053 0.4217836 0.0151316 0.0248538
0 0.8932566 0.5071637 0.0141447 0.0190058
0 0.8966283 0.5211988 0.0143092 0.0248538
0 0.7112664 0.7317251 0.0189145 0.0260234
0 0.7778783 0.8641813 0.0166118 0.0295322
0 0.6510691 0.497076 0.0139803 0.0309942
0 0.6214638 0.3885965 0.0172697 0.0292398
0 0.739227 0.4230994 0.0133224 0.025731
0 0.6527961 0.248538 0.0161184 0.0263158
0 0.7304276 0.4519006 0.0161184 0.0342105
0 0.7003289 0.4226608 0.0148026 0.0289474
0 0.7512336 0.6081871 0.0208882 0.0345029
0 0.8144737 0.774269 0.0207237 0.0403509
