2 0.4666118 0.2975146 0.0154605 0.0330409
2 0.478125 0.3090643 0.0108553 0.0216374
2 0.4876645 0.2991228 0.0125 0.0251462
2 0.4980263 0.3055556 0.0167763 0.0298246
2 0.4947368 0.3283626 0.0151316 0.0222222
4 0.488898 0.3356725 0.0149671 0.0269006
3 0.4783717 0.3245614 0.0129934 0.0216374
2 0.467023 0.3230994 0.0133224 0.0251462
2 0.4604441 0.3295322 0.0146382 0.025731
2 0.4661184 0.3438596 0.0115132 0.0204678
3 0.5120888 0.2954678 0.0146382 0.024269
2 0.5118421 0.3307018 0.0144737 0.025731
2 0.5387336 0.2871345 0.0136513 0.0245614
2 0.5316612 0.2954678 0.0120066 0.021345
2 0.5472039 0.2910819 0.0128289 0.0260234
3 0.5430099 0.3135965 0.0133224 0.024269
2 0.5344572 0.3131579 0.0123355 0.0204678
2 0.5208059 0.2954678 0.0136513 0.030117
2 0.5363487 0.3217836 0.0144737 0.024269
2 0.5314145 0.3391813 0.0115132 0.0233918
2 0.5213816 0.3435673 0.0138158 0.0274854
2 0.5539474 0.3207602 0.0115132 0.0181287
3 0.5584704 0.3090643 0.0146382 0.0222222
2 0.5771382 0.3026316 0.0131579 0.0339181
2 0.5633224 0.3425439 0.0131579 0.0236842
2 0.5736842 0.3331871 0.0144737 0.0289474
3 0.5838816 0.3153509 0.0157895 0.030117
3 0.5992599 0.3092105 0.0152961 0.0307018
3 0.576727 0.327193 0.0146382 0.0222222
3 0.5970395 0.3362573 0.0144737 0.0233918
2 0.6057566 0.3254386 0.0131579 0.0222222
3 0.5759046 0.3530702 0.0113487 0.0266082
2 0.5840461 0.3510234 0.0131579 0.0283626
2 0.5537007 0.372807 0.0116776 0.0210526
2 0.539227 0.3672515 0.015625 0.0274854
2 0.5247533 0.3761696 0.0149671 0.024269
2 0.5321546 0.3906433 0.0172697 0.028655
2 0.6002467 0.3530702 0.0185855 0.0289474
3 0.6148026 0.3295322 0.0125 0.022807
3 0.6229441 0.3337719 0.0182566 0.0307018
2 0.6127467 0.3516082 0.0169408 0.0277778
3 0.6174342 0.3567251 0.0134868 0.0263158
2 0.6305921 0.3716374 0.0134868 0.0251462
3 0.6192434 0.3795322 0.0180921 0.0233918
2 0.6088816 0.3770468 0.0125 0.0219298
2 0.6014803 0.3745614 0.0151316 0.0269006
2 0.5896382 0.3805556 0.0180921 0.0289474
2 0.5799342 0.3837719 0.0154605 0.0230994
2 0.5708882 0.377924 0.0144737 0.0312865
2 0.60625 0.3904971 0.0154605 0.024269
2 0.5941612 0.3878655 0.0126645 0.0248538
3 0.5938322 0.400731 0.0159539 0.0236842
2 0.6185855 0.4084795 0.0101974 0.0175439
2 0.6014803 0.4138889 0.0174342 0.030117
3 0.582977 0.4182749 0.0189145 0.0277778
3 0.6176809 0.4454678 0.015625 0.021345
3 0.6283717 0.4586257 0.0172697 0.0277778
2 0.6175164 0.4619883 0.015625 0.022807
3 0.6099507 0.4654971 0.0136513 0.0187135
2 0.5947368 0.4675439 0.0167763 0.025731
2 0.6037829 0.4783626 0.0131579 0.0210526
2 0.592023 0.4944444 0.0133224 0.0222222
2 0.6319079 0.4861111 0.0144737 0.024269
2 0.6143092 0.4900585 0.0154605 0.0245614
2 0.5728618 0.4608187 0.0128289 0.0245614
2 0.5735197 0.4774854 0.0207237 0.0222222
2 0.5632401 0.4824561 0.0123355 0.0204678
2 0.5699013 0.4951754 0.0177632 0.024269
2 0.5830592 0.4884503 0.0141447 0.0260234
3 0.5796875 0.5049708 0.0182566 0.0245614
2 0.5911184 0.5122807 0.0154605 0.0280702
2 0.6055099 0.5071637 0.0169408 0.024269
2 0.5969572 0.5312865 0.0116776 0.0263158
2 0.6148849 0.5298246 0.0159539 0.0233918
2 0.6506579 0.5061404 0.0164474 0.0269006
2 0.6053454 0.5495614 0.0182566 0.0236842
2 0.6056743 0.569883 0.0133224 0.022807
2 0.6167763 0.5707602 0.0144737 0.0274854
3 0.6030428 0.5942982 0.0146382 0.0277778
2 0.5947368 0.5807018 0.0131579 0.0239766
3 0.5893914 0.5304094 0.0175987 0.0245614
2 0.5665296 0.5266082 0.015625 0.0274854
2 0.5586349 0.5116959 0.0172697 0.0245614
2 0.5647204 0.5390351 0.0162829 0.0236842
2 0.5580592 0.5505848 0.0151316 0.022807
2 0.5529605 0.5679825 0.0151316 0.0236842
2 0.5354441 0.5578947 0.015625 0.0245614
3 0.5181743 0.479386 0.0172697 0.0266082
3 0.5194079 0.5168129 0.0151316 0.0289474
2 0.5856086 0.5732456 0.0169408 0.0289474
2 0.5726151 0.5846491 0.0172697 0.0277778
2 0.5791118 0.6004386 0.0194079 0.0312865
2 0.5623355 0.5988304 0.0131579 0.022807
2 0.5819079 0.628655 0.0177632 0.0298246
0 0.5222862 0.5730994 0.0097039 0.0187135
0 0.5113487 0.5573099 0.0111842 0.0181287
2 0.5336349 0.5845029 0.009375 0.0210526
3 0.6086349 0.6093567 0.0159539 0.0315789
2 0.5260691 0.4314327 0.0159539 0.0283626
0 0.4319901 0.2830409 0.0129934 0.019883
2 0.4381579 0.344883 0.0138158 0.0236842
3 0.6314145 0.4070175 0.0151316 0.0204678
2 0.6303454 0.5201754 0.0162829 0.0233918
2 0.6328947 0.5704678 0.0190789 0.0315789
2 0.5543586 0.5321637 0.0123355 0.022807
3 0.6284539 0.4204678 0.0164474 0.0222222
3 0.5933388 0.2951754 0.0172697 0.0307018
2 0.5097039 0.3175439 0.0144737 0.025731
3 0.476398 0.3573099 0.0159539 0.0269006
2 0.4853618 0.3684211 0.0111842 0.0222222
2 0.5957237 0.4381579 0.0144737 0.021345
3 0.5685855 0.3209064 0.0144737 0.024269
2 0.570148 0.2839181 0.0123355 0.022807
2 0.6183388 0.5508772 0.0162829 0.0233918
2 0.6521382 0.527924 0.0151316 0.0236842
2 0.5499178 0.3516082 0.0149671 0.0266082
2 0.5161184 0.3226608 0.0125 0.0236842
2 0.5241776 0.3127193 0.0131579 0.0236842
3 0.4779605 0.3393275 0.0115132 0.0219298
2 0.6243421 0.5366959 0.0141447 0.021345
0 0.4652961 0.3649123 0.0105263 0.0181287
2 0.4971217 0.3802632 0.0169408 0.0312865
2 0.5897204 0.654386 0.0149671 0.0245614
2 0.5250822 0.6650585 0.015625 0.0236842
2 0.5478618 0.6383041 0.0125 0.0233918
2 0.5414474 0.6114035 0.0151316 0.025731
2 0.5574836 0.6533626 0.0139803 0.0230994
2 0.5500822 0.6194444 0.0126645 0.0230994
2 0.4967928 0.4526316 0.0133224 0.0222222
0 0.4912007 0.4770468 0.0106908 0.0190058
3 0.4541941 0.2875731 0.0106908 0.0219298
2 0.4466283 0.2966374 0.0136513 0.0230994
2 0.5091283 0.3511696 0.0123355 0.0210526
3 0.6338816 0.3881579 0.0125 0.0190058
2 0.6169408 0.594883 0.0144737 0.0266082
2 0.5511513 0.6821637 0.0111842 0.0187135
2 0.5403783 0.6785088 0.0123355 0.0195906
0 0.5115954 0.6116959 0.0133224 0.0181287
0 0.4916941 0.6247076 0.0110197 0.0166667
2 0.5384868 0.6947368 0.0115132 0.019883
3 0.6034539 0.6334795 0.0154605 0.0266082
0 0.6459704 0.4252924 0.0133224 0.0236842
2 0.4384868 0.3055556 0.0131579 0.0245614
2 0.4692434 0.5633041 0.0131579 0.0190058
2 0.4986842 0.5923977 0.0167763 0.0269006
2 0.654523 0.4641813 0.0149671 0.0219298
0 0.4469572 0.6673977 0.0097039 0.0190058
0 0.420148 0.672807 0.0133224 0.0251462
0 0.4600329 0.6959064 0.0111842 0.0175439
2 0.5171053 0.7005848 0.0111842 0.022807
2 0.4979441 0.4146199 0.0136513 0.025731
0 0.4897204 0.430117 0.0133224 0.0210526
0 0.4257401 0.5868421 0.0106908 0.0181287
0 0.4126645 0.6049708 0.0141447 0.0233918
0 0.4040296 0.6135965 0.0123355 0.0166667
2 0.4284539 0.3621345 0.0125 0.021345
2 0.4251645 0.3362573 0.0128289 0.022807
3 0.4181743 0.3274854 0.0136513 0.0210526
2 0.4206414 0.3628655 0.0120066 0.0210526
2 0.4102796 0.3663743 0.0149671 0.0233918
2 0.3971217 0.420614 0.0169408 0.0289474
2 0.4041118 0.3923977 0.0128289 0.0204678
0 0.4448191 0.5669591 0.0133224 0.0210526
2 0.5166118 0.6519006 0.0125 0.0236842
2 0.5208059 0.7165205 0.009375 0.0195906
2 0.5583059 0.2815789 0.0169408 0.022807
2 0.4342105 0.6998538 0.0125 0.0236842
2 0.6226151 0.6150585 0.0159539 0.0283626
3 0.5957237 0.6459064 0.0174342 0.0233918
2 0.4594572 0.6586257 0.0159539 0.0336257
2 0.4527138 0.6845029 0.0133224 0.0251462
0 0.5264803 0.622076 0.0111842 0.0266082
