2 0.4708059 0.3896199 0.0074013 0.0125731
2 0.4575658 0.4342105 0.0111842 0.0169591
2 0.4570724 0.450731 0.0141447 0.0154971
2 0.473602 0.4128655 0.0113487 0.0245614
2 0.4925164 0.4166667 0.0070724 0.0169591
2 0.482648 0.4352339 0.0087171 0.0207602
2 0.4936678 0.4252924 0.0100329 0.0149123
2 0.4740954 0.4608187 0.0149671 0.0175439
2 0.4884868 0.4602339 0.0105263 0.0146199
2 0.492352 0.4434211 0.0070724 0.0184211
2 0.498602 0.449269 0.0113487 0.021345
2 0.5063322 0.4302632 0.0133224 0.0190058
2 0.5100329 0.4454678 0.0115132 0.0149123
2 0.5172697 0.4353801 0.0125 0.0192982
2 0.5038651 0.4707602 0.0139803 0.0222222
2 0.5180921 0.4630117 0.0108553 0.0154971
2 0.5220395 0.4739766 0.0078947 0.0163743
2 0.4358553 0.3067251 0.0105263 0.022807
2 0.45 0.3923977 0.0098684 0.0222222
2 0.4811678 0.4008772 0.0090461 0.0210526
2 0.461102 0.4128655 0.0120066 0.0216374
2 0.4526316 0.4178363 0.0072368 0.0269006
2 0.4690789 0.447807 0.0092105 0.0137427
2 0.4689145 0.5038012 0.0118421 0.022807
2 0.4882401 0.3988304 0.0100329 0.0169591
2 0.5119243 0.4951754 0.0139803 0.0219298
2 0.5148849 0.5004386 0.0120066 0.0201754
2 0.5243421 0.4934211 0.0134868 0.0190058
2 0.4931743 0.4697368 0.0097039 0.0154971
2 0.4467928 0.4638889 0.0129934 0.021345
2 0.4421875 0.4381579 0.015625 0.0260234
2 0.4461349 0.4225146 0.0080592 0.019883
2 0.4619243 0.4024854 0.0100329 0.0219298
2 0.4865954 0.3774854 0.0162829 0.0233918
2 0.5136513 0.4773392 0.0101974 0.0184211
2 0.4835526 0.4239766 0.0082237 0.0204678
2 0.4446546 0.2668129 0.0110197 0.0236842
2 0.4935855 0.4909357 0.0101974 0.0169591
2 0.479852 0.4945906 0.0103618 0.0178363
2 0.4361842 0.2828947 0.0098684 0.0230994
2 0.4653783 0.4719298 0.015625 0.0181287
2 0.4512336 0.5988304 0.0103618 0.0251462
2 0.4308388 0.6621345 0.0110197 0.0266082
2 0.4618421 0.6432749 0.0115132 0.0175439
2 0.5764803 0.3843567 0.0207237 0.0359649
2 0.4584704 0.2785088 0.0120066 0.0225146
2 0.4702303 0.3040936 0.0138158 0.0263158
2 0.5306743 0.4633041 0.0116776 0.0178363
2 0.5428454 0.4682749 0.0123355 0.0184211
2 0.5286184 0.4676901 0.0105263 0.0160819
2 0.4430921 0.3013158 0.0072368 0.0236842
2 0.4041118 0.2836257 0.0105263 0.0239766
2 0.3921053 0.3074561 0.0128289 0.0178363
2 0.501727 0.4074561 0.0103618 0.0201754
2 0.5126645 0.4133041 0.0108553 0.0190058
2 0.5796875 0.4482456 0.0166118 0.0309942
2 0.4297697 0.2957602 0.0065789 0.0236842
2 0.4550987 0.3745614 0.0088816 0.0269006
2 0.4615132 0.6603801 0.0111842 0.0230994
2 0.4208882 0.6472222 0.0078947 0.021345
2 0.4495888 0.6513158 0.0123355 0.0289474
2 0.4532895 0.6719298 0.0125 0.0280702
2 0.4691612 0.6754386 0.0123355 0.0210526
2 0.485773 0.5143275 0.0120066 0.022807
2 0.451727 0.2925439 0.0103618 0.0236842
2 0.4168586 0.3157895 0.0126645 0.022807
2 0.4868421 0.578655 0.0118421 0.0216374
2 0.5265625 0.4495614 0.0129934 0.0143275
2 0.4371711 0.3918129 0.0118421 0.0269006
2 0.5233553 0.3994152 0.0105263 0.0122807
2 0.5371711 0.3942982 0.0134868 0.0201754
2 0.4772204 0.6394737 0.0139803 0.0152047
2 0.5668586 0.5159357 0.0116776 0.0201754
2 0.5393092 0.4925439 0.0151316 0.0219298
2 0.5499178 0.3950292 0.0143092 0.0204678
2 0.4668586 0.3292398 0.0120066 0.0239766
2 0.4582237 0.3419591 0.0085526 0.0184211
2 0.4624178 0.377193 0.009375 0.0239766
2 0.3998355 0.319152 0.0118421 0.0201754
2 0.4061678 0.3216374 0.0100329 0.0204678
2 0.4235197 0.3520468 0.0098684 0.0251462
2 0.4270559 0.4229532 0.0113487 0.024269
2 0.4110197 0.4510234 0.0078947 0.0143275
2 0.4185033 0.4666667 0.0070724 0.0134503
2 0.4096217 0.4244152 0.0136513 0.0190058
2 0.3981086 0.402924 0.0100329 0.0163743
2 0.3528783 0.3782164 0.0110197 0.0195906
2 0.4143914 0.2820175 0.0100329 0.0201754
2 0.388898 0.2900585 0.0103618 0.0152047
2 0.4491776 0.2540936 0.0111842 0.0187135
2 0.457648 0.3033626 0.009375 0.0219298
2 0.4604441 0.355848 0.0129934 0.0187135
2 0.4189145 0.4086257 0.0141447 0.021345
2 0.4061678 0.4095029 0.0090461 0.0154971
2 0.3877467 0.3982456 0.0116776 0.0187135
2 0.4294408 0.4032164 0.0121711 0.022807
2 0.4502467 0.3799708 0.0116776 0.0219298
2 0.5573191 0.3833333 0.0120066 0.0187135
2 0.5285362 0.4385965 0.0123355 0.0192982
2 0.5510691 0.5277778 0.0162829 0.0298246
2 0.5174342 0.5188596 0.0151316 0.021345
2 0.5418586 0.5080409 0.0106908 0.0178363
2 0.3525493 0.3451754 0.0182566 0.0195906
2 0.3956414 0.3783626 0.0106908 0.0187135
2 0.4764803 0.6587719 0.0154605 0.0263158
2 0.4467105 0.6195906 0.0088816 0.025731
2 0.4527138 0.6084795 0.0103618 0.0175439
2 0.4737664 0.5410819 0.0136513 0.0184211
2 0.4965461 0.5783626 0.0101974 0.0192982
2 0.4316612 0.6336257 0.0106908 0.025731
2 0.4152961 0.6282164 0.0072368 0.0230994
2 0.3912829 0.6128655 0.0141447 0.025731
2 0.3844572 0.5850877 0.0123355 0.0187135
2 0.3716283 0.6046784 0.0139803 0.0233918
2 0.3893914 0.5495614 0.0090461 0.0160819
2 0.395148 0.5980994 0.0126645 0.0225146
2 0.4082237 0.6030702 0.0118421 0.0230994
2 0.3963816 0.5346491 0.0151316 0.024269
2 0.3910362 0.4172515 0.0123355 0.0239766
2 0.3839638 0.2983918 0.009375 0.0190058
2 0.5665296 0.4431287 0.0166118 0.0219298
2 0.3722039 0.294152 0.0131579 0.022807
2 0.5235197 0.3859649 0.0075658 0.0140351
2 0.4223684 0.6229532 0.0085526 0.0254386
2 0.4304276 0.6957602 0.0128289 0.0277778
2 0.4711349 0.5688596 0.0110197 0.0178363
2 0.4649671 0.522076 0.0138158 0.0184211
2 0.4288651 0.2584795 0.0129934 0.019883
2 0.5444901 0.4527778 0.0162829 0.0149123
2 0.3804276 0.3251462 0.0131579 0.0192982
2 0.3634046 0.3244152 0.0103618 0.0184211
2 0.3698191 0.3112573 0.0136513 0.0236842
2 0.4355263 0.6147661 0.0092105 0.0230994
2 0.4203125 0.4486842 0.0116776 0.0207602
2 0.4216283 0.3345029 0.0120066 0.019883
2 0.4261513 0.3657895 0.0092105 0.0187135
2 0.5553454 0.5637427 0.0126645 0.0245614
2 0.4064967 0.3847953 0.0110197 0.0192982
2 0.4268092 0.3805556 0.0105263 0.0195906
2 0.4384868 0.3595029 0.0108553 0.021345
2 0.3655428 0.4049708 0.0110197 0.0192982
2 0.3785362 0.3957602 0.0146382 0.0225146
2 0.4078125 0.3467836 0.0120066 0.0192982
2 0.4041941 0.3634503 0.0143092 0.0169591
2 0.4280428 0.4845029 0.0129934 0.019883
2 0.4061678 0.4609649 0.0133224 0.0190058
2 0.4537007 0.5130117 0.0123355 0.0230994
2 0.5010691 0.5593567 0.0166118 0.0239766
2 0.4234375 0.5913743 0.0120066 0.0166667
2 0.4372533 0.595614 0.0120066 0.0192982
2 0.4008224 0.6616959 0.0138158 0.0239766
2 0.498273 0.6173977 0.0146382 0.0207602
2 0.482977 0.6201754 0.0136513 0.0192982
2 0.3779605 0.4887427 0.0144737 0.021345
2 0.3903783 0.4516082 0.0123355 0.0195906
2 0.3712993 0.4552632 0.0120066 0.0245614
2 0.3786184 0.4346491 0.0128289 0.0195906
2 0.3628289 0.447807 0.0125 0.0236842
2 0.4723684 0.3660819 0.0121711 0.019883
2 0.403125 0.5709064 0.0134868 0.021345
2 0.3785362 0.5799708 0.0123355 0.0178363
2 0.3707237 0.5562865 0.0138158 0.0207602
2 0.3805921 0.5459064 0.0108553 0.0175439
2 0.3598684 0.5539474 0.0121711 0.0184211
2 0.3832237 0.4618421 0.0138158 0.0219298
2 0.3527138 0.5387427 0.0136513 0.0254386
2 0.3439967 0.5687135 0.015625 0.0304094
2 0.5304276 0.523538 0.0128289 0.0289474
2 0.4620888 0.5884503 0.0123355 0.021345
2 0.4089638 0.6619883 0.0106908 0.0187135
2 0.4208059 0.6766082 0.0090461 0.0239766
2 0.4064145 0.6839181 0.0138158 0.0222222
2 0.3905428 0.6311404 0.015625 0.0207602
2 0.3748355 0.6659357 0.0197368 0.0277778
2 0.3726974 0.4295322 0.0134868 0.025731
2 0.3714638 0.375731 0.0116776 0.019883
2 0.3733553 0.5323099 0.0121711 0.0207602
2 0.4692434 0.3331871 0.0098684 0.0178363
2 0.5760691 0.5178363 0.015625 0.0245614
2 0.4259046 0.7114035 0.0166118 0.0192982
2 0.4509046 0.6964912 0.0162829 0.0169591
2 0.4412829 0.6736842 0.0118421 0.0269006
2 0.5488487 0.4885965 0.0095395 0.0152047
2 0.3977796 0.3331871 0.0129934 0.0166667
2 0.4402961 0.5584795 0.0125 0.0245614
2 0.5046875 0.5812865 0.0146382 0.0216374
2 0.3719572 0.3374269 0.0146382 0.0222222
2 0.4270559 0.5834795 0.0159539 0.0201754
2 0.3818257 0.4173977 0.0100329 0.0166667
2 0.4133224 0.647807 0.0138158 0.0184211
2 0.4166941 0.5633041 0.0110197 0.0178363
2 0.4234375 0.2830409 0.0103618 0.022807
2 0.4387336 0.2928363 0.0054276 0.0219298
2 0.4758224 0.5802632 0.0101974 0.0201754
2 0.4182566 0.3805556 0.0108553 0.0166667
