2 0.21796875 0.18515625 0.0171875 0.0171875
2 0.18671875 0.24453125 0.0265625 0.0234375
2 0.18515625 0.26640625 0.0328125 0.0203125
2 0.22421875 0.21640625 0.0265625 0.0328125
2 0.26953125 0.22109375 0.0171875 0.0234375
2 0.24609375 0.2453125 0.0203125 0.028125
2 0.27265625 0.23203125 0.0234375 0.0203125
2 0.22578125 0.27890625 0.0359375 0.0234375
2 0.259375 0.27890625 0.025 0.0203125
2 0.26953125 0.25625 0.0171875 0.025
2 0.28359375 0.2640625 0.0265625 0.028125
2 0.3015625 0.2390625 0.03125 0.025
2 0.3109375 0.25859375 0.028125 0.0203125
2 0.32890625 0.2453125 0.0296875 0.025
2 0.29609375 0.29296875 0.0328125 0.0296875
2 0.33046875 0.28203125 0.0265625 0.0203125
2 0.340625 0.296875 0.01875 0.021875
2 0.1359375 0.07265625 0.025 0.0296875
2 0.16953125 0.18828125 0.0234375 0.0296875
2 0.24375 0.2 0.021875 0.028125
2 0.1953125 0.215625 0.028125 0.028125
2 0.17578125 0.22265625 0.0171875 0.0359375
2 0.2140625 0.2625 0.021875 0.01875
2 0.2140625 0.33671875 0.028125 0.0296875
2 0.25859375 0.19765625 0.0234375 0.0234375
2 0.31484375 0.32578125 0.0328125 0.0296875
2 0.3234375 0.33203125 0.028125 0.0265625
2 0.3453125 0.3234375 0.03125 0.025
2 0.27109375 0.29140625 0.0234375 0.0203125
2 0.1609375 0.284375 0.03125 0.028125
2 0.15 0.25 0.0375 0.034375
2 0.159375 0.22890625 0.01875 0.0265625
2 0.19609375 0.20234375 0.0234375 0.0296875
2 0.25546875 0.16875 0.0390625 0.03125
2 0.3203125 0.3015625 0.025 0.025
2 0.24921875 0.23046875 0.0203125 0.0265625
2 0.15703125 0.0203125 0.0265625 0.03125
2 0.271875 0.32109375 0.025 0.0234375
2 0.240625 0.32421875 0.025 0.0234375
2 0.13671875 0.0421875 0.0234375 0.03125
2 0.20625 0.2953125 0.0375 0.025
2 0.171875 0.4640625 0.025 0.034375
2 0.12421875 0.54921875 0.0265625 0.0359375
2 0.196875 0.52421875 0.028125 0.0234375
2 0.4703125 0.17734375 0.05 0.0484375
2 0.1890625 0.03671875 0.028125 0.0296875
2 0.21640625 0.07109375 0.0328125 0.0359375
2 0.3609375 0.28203125 0.028125 0.0234375
2 0.38984375 0.290625 0.0296875 0.025
2 0.3546875 0.2890625 0.025 0.021875
2 0.15234375 0.0671875 0.0171875 0.03125
2 0.059375 0.0421875 0.025 0.03125
2 0.03046875 0.07421875 0.0296875 0.0234375
2 0.2921875 0.20859375 0.025 0.0265625
2 0.31796875 0.215625 0.0265625 0.025
2 0.47734375 0.26328125 0.0390625 0.0421875
2 0.1203125 0.059375 0.015625 0.03125
2 0.18125 0.16484375 0.021875 0.0359375
2 0.19609375 0.546875 0.0265625 0.03125
2 0.1 0.528125 0.01875 0.028125
2 0.16796875 0.53359375 0.0296875 0.0390625
2 0.17734375 0.5609375 0.0296875 0.0375
2 0.21484375 0.5671875 0.0296875 0.028125
2 0.253125 0.35078125 0.028125 0.0296875
2 0.1734375 0.0546875 0.025 0.03125
2 0.08984375 0.08515625 0.0296875 0.0296875
2 0.25625 0.4375 0.028125 0.028125
2 0.3515625 0.2640625 0.03125 0.01875
2 0.1390625 0.18828125 0.028125 0.0359375
2 0.34375 0.196875 0.025 0.015625
2 0.375 0.18984375 0.03125 0.0265625
2 0.23359375 0.51796875 0.0328125 0.0203125
2 0.446875 0.35390625 0.028125 0.0265625
2 0.38046875 0.32265625 0.0359375 0.0296875
2 0.40625 0.19140625 0.034375 0.0265625
2 0.209375 0.103125 0.028125 0.03125
2 0.18828125 0.121875 0.0203125 0.025
2 0.1984375 0.1671875 0.021875 0.03125
2 0.05 0.08984375 0.028125 0.0265625
2 0.06484375 0.09296875 0.0234375 0.0265625
2 0.10546875 0.134375 0.0234375 0.034375
2 0.11328125 0.22890625 0.0265625 0.0328125
2 0.0765625 0.2671875 0.01875 0.01875
2 0.09453125 0.2875 0.0171875 0.01875
2 0.07265625 0.23125 0.0328125 0.025
2 0.04609375 0.203125 0.0234375 0.021875
2 0.08359375 0.03984375 0.0234375 0.0265625
2 0.0234375 0.05234375 0.025 0.0203125
2 0.16640625 0.0078125 0.0265625 0.015625
2 0.1859375 0.06953125 0.021875 0.0296875
2 0.19375 0.1390625 0.03125 0.025
2 0.09453125 0.209375 0.0328125 0.028125
2 0.065625 0.21015625 0.021875 0.0203125
2 0.021875 0.1953125 0.028125 0.025
2 0.11953125 0.20234375 0.0296875 0.0296875
2 0.1703125 0.17265625 0.028125 0.0296875
2 0.4234375 0.1765625 0.028125 0.025
2 0.35546875 0.25 0.0296875 0.025
2 0.40859375 0.3703125 0.0390625 0.040625
2 0.32890625 0.35625 0.0359375 0.028125
2 0.3875 0.34296875 0.025 0.0234375
2 0.0390625 0.1703125 0.025 0.025
2 0.23203125 0.54453125 0.0359375 0.0359375
2 0.1609375 0.4921875 0.021875 0.034375
2 0.175 0.47734375 0.025 0.0234375
2 0.22578125 0.3875 0.0328125 0.025
2 0.2796875 0.4359375 0.025 0.025
2 0.125 0.5109375 0.025 0.034375
2 0.08671875 0.503125 0.0171875 0.03125
2 0.02890625 0.4828125 0.0328125 0.034375
2 0.0140625 0.4453125 0.028125 0.025
2 0.025 0.3984375 0.021875 0.021875
2 0.03828125 0.46328125 0.0296875 0.0296875
2 0.0703125 0.4703125 0.028125 0.03125
2 0.04140625 0.37890625 0.0359375 0.0328125
2 0.02890625 0.221875 0.0296875 0.03125
2 0.0109375 0.0625 0.021875 0.025
2 0.44609375 0.25703125 0.0390625 0.0296875
2 0.34375 0.1796875 0.01875 0.01875
2 0.10234375 0.496875 0.0203125 0.034375
2 0.12109375 0.59375 0.0296875 0.0375
2 0.21953125 0.42421875 0.0265625 0.0234375
2 0.20390625 0.3609375 0.0328125 0.025
2 0.11875 0.0109375 0.03125 0.021875
2 0.39296875 0.26953125 0.0390625 0.0203125
2 0.009375 0.0984375 0.01875 0.025
2 0.134375 0.4859375 0.021875 0.03125
2 0.0984375 0.2640625 0.028125 0.028125
2 0.1015625 0.11015625 0.028125 0.0265625
2 0.1125 0.153125 0.021875 0.025
2 0.41796875 0.41796875 0.0296875 0.0328125
2 0.06640625 0.178125 0.0265625 0.025
2 0.1140625 0.17265625 0.025 0.0265625
2 0.14140625 0.14375 0.0265625 0.028125
2 0.0078125 0.19296875 0.015625 0.0296875
2 0.06875 0.1265625 0.028125 0.025
2 0.0609375 0.14921875 0.034375 0.0234375
2 0.1171875 0.31171875 0.03125 0.0265625
2 0.0640625 0.2796875 0.03125 0.025
2 0.17734375 0.35 0.0296875 0.03125
2 0.28984375 0.4109375 0.0390625 0.03125
2 0.1046875 0.4546875 0.028125 0.021875
2 0.1390625 0.459375 0.028125 0.025
2 0.05234375 0.546875 0.0328125 0.03125
2 0.2828125 0.4890625 0.034375 0.028125
2 0.24765625 0.4921875 0.0328125 0.025
2 0.00703125 0.3171875 0.0140625 0.028125
2 0.02734375 0.26796875 0.0296875 0.0265625
2 0.00703125 0.24453125 0.0140625 0.0265625
2 0.22265625 0.15390625 0.0296875 0.0265625
2 0.0578125 0.4265625 0.03125 0.028125
2 0.00703125 0.43828125 0.0140625 0.0234375
2 0.00859375 0.39296875 0.0171875 0.0234375
2 0.01328125 0.28203125 0.0265625 0.0296875
2 0.35859375 0.36328125 0.0296875 0.0390625
2 0.19765625 0.45 0.0296875 0.028125
2 0.0703125 0.5484375 0.025 0.025
2 0.1 0.5671875 0.021875 0.03125
2 0.06484375 0.57734375 0.0328125 0.0296875
2 0.028125 0.5078125 0.0375 0.028125
2 0.00703125 0.5546875 0.0140625 0.0375
2 0.21484375 0.10859375 0.0234375 0.0234375
2 0.46875 0.35546875 0.0375 0.0328125
2 0.11171875 0.6140625 0.0390625 0.025
2 0.17109375 0.59453125 0.0390625 0.0234375
2 0.1484375 0.56328125 0.028125 0.0359375
2 0.40390625 0.31640625 0.0234375 0.0203125
2 0.0453125 0.109375 0.03125 0.021875
2 0.14609375 0.41015625 0.0296875 0.0328125
2 0.2984375 0.440625 0.034375 0.028125
2 0.1140625 0.44296875 0.0375 0.0265625
2 0.009375 0.221875 0.01875 0.021875
2 0.08203125 0.5296875 0.0328125 0.025
2 0.08984375 0.41640625 0.0265625 0.0234375
2 0.10625 0.04140625 0.025 0.0296875
2 0.1421875 0.05546875 0.0125 0.0296875
2 0.23125 0.43984375 0.025 0.0265625
2 0.09453125 0.171875 0.0265625 0.021875