2 0.959375 0.0421875 0.025 0.03125
2 0.93046875 0.07421875 0.0296875 0.0234375
2 0.9953125 0.528125 0.009375 0.028125
2 0.9875 0.08515625 0.025 0.0296875
2 0.95 0.08984375 0.028125 0.0265625
2 0.96484375 0.09296875 0.0234375 0.0265625
2 0.996875 0.134375 0.00625 0.034375
2 0.9765625 0.2671875 0.01875 0.01875
2 0.99296875 0.2875 0.0140625 0.01875
2 0.97265625 0.23125 0.0328125 0.025
2 0.94609375 0.203125 0.0234375 0.021875
2 0.83828125 0.16953125 0.0265625 0.0265625
2 0.98359375 0.03984375 0.0234375 0.0265625
2 0.9234375 0.05234375 0.025 0.0203125
2 0.9890625 0.209375 0.021875 0.028125
2 0.965625 0.21015625 0.021875 0.0203125
2 0.921875 0.1953125 0.028125 0.025
2 0.8375 0.12578125 0.04375 0.0265625
2 0.9390625 0.1703125 0.025 0.025
2 0.98671875 0.503125 0.0171875 0.03125
2 0.92890625 0.4828125 0.0328125 0.034375
2 0.91328125 0.4453125 0.0296875 0.025
2 0.88203125 0.471875 0.0328125 0.03125
2 0.925 0.3984375 0.021875 0.021875
2 0.93828125 0.46328125 0.0296875 0.0296875
2 0.9703125 0.4703125 0.028125 0.03125
2 0.94140625 0.37890625 0.0359375 0.0328125
2 0.92890625 0.221875 0.0296875 0.03125
2 0.9109375 0.0625 0.021875 0.025
2 0.884375 0.05703125 0.03125 0.0296875
2 0.99609375 0.496875 0.0078125 0.034375
2 0.903125 0.0984375 0.03125 0.025
2 0.8640625 0.096875 0.025 0.025
2 0.87890625 0.0796875 0.0328125 0.03125
2 0.9921875 0.2640625 0.015625 0.028125
2 0.99375 0.11015625 0.0125 0.0265625
2 0.96640625 0.178125 0.0265625 0.025
2 0.86796875 0.2046875 0.0265625 0.025
2 0.8984375 0.19296875 0.034375 0.0296875
2 0.96875 0.1265625 0.028125 0.025
2 0.9609375 0.14921875 0.034375 0.0234375
2 0.9640625 0.2796875 0.03125 0.025
2 0.9953125 0.4546875 0.009375 0.021875
2 0.95234375 0.546875 0.0328125 0.03125
2 0.896875 0.3171875 0.034375 0.028125
2 0.92734375 0.26796875 0.0296875 0.0265625
2 0.88125 0.27265625 0.028125 0.0328125
2 0.89921875 0.24453125 0.0296875 0.0265625
2 0.86171875 0.2625 0.0296875 0.03125
2 0.9578125 0.4265625 0.03125 0.028125
2 0.89921875 0.43828125 0.0296875 0.0234375
2 0.88046875 0.4078125 0.0328125 0.028125
2 0.90390625 0.39296875 0.0265625 0.0234375
2 0.85546875 0.4046875 0.0296875 0.025
2 0.91015625 0.28203125 0.0328125 0.0296875
2 0.83828125 0.384375 0.0328125 0.034375
2 0.8171875 0.4234375 0.0375 0.040625
2 0.9703125 0.5484375 0.025 0.025
2 0.99453125 0.5671875 0.0109375 0.03125
2 0.96484375 0.57734375 0.0328125 0.0296875
2 0.928125 0.5078125 0.0375 0.028125
2 0.890625 0.5546875 0.046875 0.0375
2 0.884375 0.2375 0.03125 0.034375
2 0.8828125 0.16640625 0.028125 0.0265625
2 0.88671875 0.375 0.0296875 0.028125
2 0.99609375 0.6140625 0.0078125 0.025
2 0.9453125 0.109375 0.03125 0.021875
2 0.8828125 0.11484375 0.034375 0.0296875
2 0.99765625 0.44296875 0.0046875 0.0265625
2 0.90703125 0.221875 0.0234375 0.021875
2 0.98203125 0.5296875 0.0328125 0.025
2 0.98828125 0.41640625 0.0234375 0.0234375
2 0.996875 0.04140625 0.00625 0.0296875
2 0.990625 0.171875 0.01875 0.021875