2 0.21796875 0.52109375 0.0171875 0.0171875
2 0.18671875 0.58046875 0.0265625 0.0234375
2 0.18515625 0.60234375 0.0328125 0.0203125
2 0.22421875 0.55234375 0.0265625 0.0328125
2 0.26953125 0.55703125 0.0171875 0.0234375
2 0.24609375 0.58125 0.0203125 0.028125
2 0.27265625 0.56796875 0.0234375 0.0203125
2 0.22578125 0.61484375 0.0359375 0.0234375
2 0.259375 0.61484375 0.025 0.0203125
2 0.26953125 0.5921875 0.0171875 0.025
2 0.28359375 0.6 0.0265625 0.028125
2 0.3015625 0.575 0.03125 0.025
2 0.3109375 0.59453125 0.028125 0.0203125
2 0.32890625 0.58125 0.0296875 0.025
2 0.29609375 0.62890625 0.0328125 0.0296875
2 0.33046875 0.61796875 0.0265625 0.0203125
2 0.340625 0.6328125 0.01875 0.021875
2 0.1359375 0.40859375 0.025 0.0296875
2 0.16953125 0.52421875 0.0234375 0.0296875
2 0.24375 0.5359375 0.021875 0.028125
2 0.1953125 0.5515625 0.028125 0.028125
2 0.17578125 0.55859375 0.0171875 0.0359375
2 0.2140625 0.5984375 0.021875 0.01875
2 0.2140625 0.67265625 0.028125 0.0296875
2 0.25859375 0.53359375 0.0234375 0.0234375
2 0.31484375 0.66171875 0.0328125 0.0296875
2 0.3234375 0.66796875 0.028125 0.0265625
2 0.3453125 0.659375 0.03125 0.025
2 0.27109375 0.62734375 0.0234375 0.0203125
2 0.1609375 0.6203125 0.03125 0.028125
2 0.15 0.5859375 0.0375 0.034375
2 0.159375 0.56484375 0.01875 0.0265625
2 0.19609375 0.53828125 0.0234375 0.0296875
2 0.25546875 0.5046875 0.0390625 0.03125
2 0.3203125 0.6375 0.025 0.025
2 0.24921875 0.56640625 0.0203125 0.0265625
2 0.15703125 0.35625 0.0265625 0.03125
2 0.271875 0.65703125 0.025 0.0234375
2 0.240625 0.66015625 0.025 0.0234375
2 0.13671875 0.378125 0.0234375 0.03125
2 0.20625 0.63125 0.0375 0.025
2 0.171875 0.8 0.025 0.034375
2 0.12421875 0.88515625 0.0265625 0.0359375
2 0.196875 0.86015625 0.028125 0.0234375
2 0.4703125 0.51328125 0.05 0.0484375
2 0.1890625 0.37265625 0.028125 0.0296875
2 0.21640625 0.40703125 0.0328125 0.0359375
2 0.3609375 0.61796875 0.028125 0.0234375
2 0.38984375 0.6265625 0.0296875 0.025
2 0.3546875 0.625 0.025 0.021875
2 0.15234375 0.403125 0.0171875 0.03125
2 0.059375 0.378125 0.025 0.03125
2 0.03046875 0.41015625 0.0296875 0.0234375
2 0.2921875 0.54453125 0.025 0.0265625
2 0.31796875 0.5515625 0.0265625 0.025
2 0.47734375 0.59921875 0.0390625 0.0421875
2 0.1203125 0.3953125 0.015625 0.03125
2 0.18125 0.50078125 0.021875 0.0359375
2 0.19609375 0.8828125 0.0265625 0.03125
2 0.1 0.8640625 0.01875 0.028125
2 0.16796875 0.86953125 0.0296875 0.0390625
2 0.17734375 0.896875 0.0296875 0.0375
2 0.21484375 0.903125 0.0296875 0.028125
2 0.253125 0.68671875 0.028125 0.0296875
2 0.1734375 0.390625 0.025 0.03125
2 0.08984375 0.42109375 0.0296875 0.0296875
2 0.25625 0.7734375 0.028125 0.028125
2 0.3515625 0.6 0.03125 0.01875
2 0.1390625 0.52421875 0.028125 0.0359375
2 0.34375 0.5328125 0.025 0.015625
2 0.375 0.52578125 0.03125 0.0265625
2 0.23359375 0.85390625 0.0328125 0.0203125
2 0.446875 0.68984375 0.028125 0.0265625
2 0.38046875 0.65859375 0.0359375 0.0296875
2 0.40625 0.52734375 0.034375 0.0265625
2 0.209375 0.4390625 0.028125 0.03125
2 0.18828125 0.4578125 0.0203125 0.025
2 0.1984375 0.503125 0.021875 0.03125
2 0.05 0.42578125 0.028125 0.0265625
2 0.06484375 0.42890625 0.0234375 0.0265625
2 0.10546875 0.4703125 0.0234375 0.034375
2 0.11328125 0.56484375 0.0265625 0.0328125
2 0.0765625 0.603125 0.01875 0.01875
2 0.09453125 0.6234375 0.0171875 0.01875
2 0.07265625 0.5671875 0.0328125 0.025
2 0.04609375 0.5390625 0.0234375 0.021875
2 0.08359375 0.37578125 0.0234375 0.0265625
2 0.0234375 0.38828125 0.025 0.0203125
2 0.16640625 0.3390625 0.0265625 0.025
2 0.1859375 0.40546875 0.021875 0.0296875
2 0.19375 0.475 0.03125 0.025
2 0.09453125 0.5453125 0.0328125 0.028125
2 0.065625 0.54609375 0.021875 0.0203125
2 0.021875 0.53125 0.028125 0.025
2 0.11953125 0.53828125 0.0296875 0.0296875
2 0.1703125 0.50859375 0.028125 0.0296875
2 0.4234375 0.5125 0.028125 0.025
2 0.35546875 0.5859375 0.0296875 0.025
2 0.40859375 0.70625 0.0390625 0.040625
2 0.32890625 0.6921875 0.0359375 0.028125
2 0.3875 0.67890625 0.025 0.0234375
2 0.0390625 0.50625 0.025 0.025
2 0.23203125 0.88046875 0.0359375 0.0359375
2 0.1609375 0.828125 0.021875 0.034375
2 0.175 0.81328125 0.025 0.0234375
2 0.22578125 0.7234375 0.0328125 0.025
2 0.2796875 0.771875 0.025 0.025
2 0.125 0.846875 0.025 0.034375
2 0.08671875 0.8390625 0.0171875 0.03125
2 0.02890625 0.81875 0.0328125 0.034375
2 0.0140625 0.78125 0.028125 0.025
2 0.025 0.734375 0.021875 0.021875
2 0.03828125 0.79921875 0.0296875 0.0296875
2 0.0703125 0.80625 0.028125 0.03125
2 0.04140625 0.71484375 0.0359375 0.0328125
2 0.02890625 0.5578125 0.0296875 0.03125
2 0.0109375 0.3984375 0.021875 0.025
2 0.44609375 0.59296875 0.0390625 0.0296875
2 0.34375 0.515625 0.01875 0.01875
2 0.10234375 0.8328125 0.0203125 0.034375
2 0.12109375 0.9296875 0.0296875 0.0375
2 0.21953125 0.76015625 0.0265625 0.0234375
2 0.20390625 0.696875 0.0328125 0.025
2 0.11875 0.34453125 0.03125 0.0265625
2 0.39296875 0.60546875 0.0390625 0.0203125
2 0.009375 0.434375 0.01875 0.025
2 0.134375 0.821875 0.021875 0.03125
2 0.0984375 0.6 0.028125 0.028125
2 0.1015625 0.44609375 0.028125 0.0265625
2 0.1125 0.4890625 0.021875 0.025
2 0.41796875 0.75390625 0.0296875 0.0328125
2 0.06640625 0.5140625 0.0265625 0.025
2 0.1140625 0.50859375 0.025 0.0265625
2 0.14140625 0.4796875 0.0265625 0.028125
2 0.0078125 0.52890625 0.015625 0.0296875
2 0.06875 0.4625 0.028125 0.025
2 0.0609375 0.48515625 0.034375 0.0234375
2 0.1171875 0.64765625 0.03125 0.0265625
2 0.0640625 0.615625 0.03125 0.025
2 0.17734375 0.6859375 0.0296875 0.03125
2 0.28984375 0.746875 0.0390625 0.03125
2 0.1046875 0.790625 0.028125 0.021875
2 0.1390625 0.7953125 0.028125 0.025
2 0.05234375 0.8828125 0.0328125 0.03125
2 0.2828125 0.825 0.034375 0.028125
2 0.24765625 0.828125 0.0328125 0.025
2 0.00703125 0.653125 0.0140625 0.028125
2 0.02734375 0.60390625 0.0296875 0.0265625
2 0.00703125 0.58046875 0.0140625 0.0265625
2 0.22265625 0.48984375 0.0296875 0.0265625
2 0.0578125 0.7625 0.03125 0.028125
2 0.00703125 0.77421875 0.0140625 0.0234375
2 0.00859375 0.72890625 0.0171875 0.0234375
2 0.01328125 0.61796875 0.0265625 0.0296875
2 0.35859375 0.69921875 0.0296875 0.0390625
2 0.19765625 0.7859375 0.0296875 0.028125
2 0.0703125 0.884375 0.025 0.025
2 0.1 0.903125 0.021875 0.03125
2 0.06484375 0.91328125 0.0328125 0.0296875
2 0.028125 0.84375 0.0375 0.028125
2 0.00703125 0.890625 0.0140625 0.0375
2 0.21484375 0.44453125 0.0234375 0.0234375
2 0.46875 0.69140625 0.0375 0.0328125
2 0.11171875 0.95 0.0390625 0.025
2 0.17109375 0.93046875 0.0390625 0.0234375
2 0.1484375 0.89921875 0.028125 0.0359375
2 0.40390625 0.65234375 0.0234375 0.0203125
2 0.0453125 0.4453125 0.03125 0.021875
2 0.14609375 0.74609375 0.0296875 0.0328125
2 0.2984375 0.7765625 0.034375 0.028125
2 0.1140625 0.77890625 0.0375 0.0265625
2 0.009375 0.5578125 0.01875 0.021875
2 0.08203125 0.865625 0.0328125 0.025
2 0.08984375 0.75234375 0.0265625 0.0234375
2 0.10625 0.37734375 0.025 0.0296875
2 0.1421875 0.39140625 0.0125 0.0296875
2 0.23125 0.77578125 0.025 0.0265625
2 0.09453125 0.5078125 0.0265625 0.021875