2 0.959375 0.378125 0.025 0.03125
2 0.93046875 0.41015625 0.0296875 0.0234375
2 0.9953125 0.8640625 0.009375 0.028125
2 0.9875 0.42109375 0.025 0.0296875
2 0.95 0.42578125 0.028125 0.0265625
2 0.96484375 0.42890625 0.0234375 0.0265625
2 0.996875 0.4703125 0.00625 0.034375
2 0.9765625 0.603125 0.01875 0.01875
2 0.99296875 0.6234375 0.0140625 0.01875
2 0.97265625 0.5671875 0.0328125 0.025
2 0.94609375 0.5390625 0.0234375 0.021875
2 0.83828125 0.50546875 0.0265625 0.0265625
2 0.98359375 0.37578125 0.0234375 0.0265625
2 0.9234375 0.38828125 0.025 0.0203125
2 0.9890625 0.5453125 0.021875 0.028125
2 0.965625 0.54609375 0.021875 0.0203125
2 0.921875 0.53125 0.028125 0.025
2 0.8375 0.46171875 0.04375 0.0265625
2 0.9390625 0.50625 0.025 0.025
2 0.98671875 0.8390625 0.0171875 0.03125
2 0.92890625 0.81875 0.0328125 0.034375
2 0.91328125 0.78125 0.0296875 0.025
2 0.88203125 0.8078125 0.0328125 0.03125
2 0.925 0.734375 0.021875 0.021875
2 0.93828125 0.79921875 0.0296875 0.0296875
2 0.9703125 0.80625 0.028125 0.03125
2 0.94140625 0.71484375 0.0359375 0.0328125
2 0.92890625 0.5578125 0.0296875 0.03125
2 0.9109375 0.3984375 0.021875 0.025
2 0.884375 0.39296875 0.03125 0.0296875
2 0.99609375 0.8328125 0.0078125 0.034375
2 0.903125 0.434375 0.03125 0.025
2 0.8640625 0.4328125 0.025 0.025
2 0.87890625 0.415625 0.0328125 0.03125
2 0.9921875 0.6 0.015625 0.028125
2 0.99375 0.44609375 0.0125 0.0265625
2 0.96640625 0.5140625 0.0265625 0.025
2 0.86796875 0.540625 0.0265625 0.025
2 0.8984375 0.52890625 0.034375 0.0296875
2 0.96875 0.4625 0.028125 0.025
2 0.9609375 0.48515625 0.034375 0.0234375
2 0.9640625 0.615625 0.03125 0.025
2 0.9953125 0.790625 0.009375 0.021875
2 0.95234375 0.8828125 0.0328125 0.03125
2 0.896875 0.653125 0.034375 0.028125
2 0.92734375 0.60390625 0.0296875 0.0265625
2 0.88125 0.60859375 0.028125 0.0328125
2 0.89921875 0.58046875 0.0296875 0.0265625
2 0.86171875 0.5984375 0.0296875 0.03125
2 0.9578125 0.7625 0.03125 0.028125
2 0.89921875 0.77421875 0.0296875 0.0234375
2 0.88046875 0.74375 0.0328125 0.028125
2 0.90390625 0.72890625 0.0265625 0.0234375
2 0.85546875 0.740625 0.0296875 0.025
2 0.91015625 0.61796875 0.0328125 0.0296875
2 0.83828125 0.7203125 0.0328125 0.034375
2 0.8171875 0.759375 0.0375 0.040625
2 0.9703125 0.884375 0.025 0.025
2 0.99453125 0.903125 0.0109375 0.03125
2 0.96484375 0.91328125 0.0328125 0.0296875
2 0.928125 0.84375 0.0375 0.028125
2 0.890625 0.890625 0.046875 0.0375
2 0.884375 0.5734375 0.03125 0.034375
2 0.8828125 0.50234375 0.028125 0.0265625
2 0.88671875 0.7109375 0.0296875 0.028125
2 0.99609375 0.95 0.0078125 0.025
2 0.9453125 0.4453125 0.03125 0.021875
2 0.8828125 0.45078125 0.034375 0.0296875
2 0.99765625 0.77890625 0.0046875 0.0265625
2 0.90703125 0.5578125 0.0234375 0.021875
2 0.98203125 0.865625 0.0328125 0.025
2 0.98828125 0.75234375 0.0234375 0.0234375
2 0.996875 0.37734375 0.00625 0.0296875
2 0.990625 0.5078125 0.01875 0.021875