2 0.00546875 0.06796875 0.0109375 0.0453125
2 0.00234375 0.10859375 0.0046875 0.0390625
3 0.015625 0.0859375 0.03125 0.040625
3 0.04765625 0.0765625 0.0359375 0.040625
3 0.00625 0.10078125 0.0125 0.0296875
3 0.04375 0.1125 0.034375 0.03125
2 0.0640625 0.09921875 0.03125 0.0296875
3 0.003125 0.13671875 0.00625 0.0359375
2 0.0140625 0.1328125 0.028125 0.0375
2 0.05 0.13671875 0.04375 0.0390625
3 0.08515625 0.10390625 0.0296875 0.0296875
3 0.1046875 0.109375 0.04375 0.040625
2 0.0796875 0.134375 0.040625 0.0375
3 0.090625 0.14140625 0.03125 0.0359375
2 0.121875 0.1609375 0.03125 0.034375
3 0.09453125 0.171875 0.0421875 0.03125
2 0.07109375 0.16796875 0.0296875 0.0296875
2 0.05390625 0.16484375 0.0359375 0.0359375
2 0.02578125 0.17265625 0.0421875 0.0390625
2 0.01015625 0.1765625 0.0203125 0.03125
2 0.06484375 0.18671875 0.0359375 0.0328125
2 0.03671875 0.18203125 0.0296875 0.0328125
3 0.034375 0.2 0.0375 0.03125
2 0.09375 0.21015625 0.025 0.0234375
2 0.053125 0.2171875 0.040625 0.040625
3 0.01640625 0.2234375 0.0328125 0.0375
3 0.0921875 0.259375 0.0375 0.028125
3 0.1171875 0.2765625 0.040625 0.0375
2 0.0921875 0.28046875 0.0375 0.0296875
3 0.07421875 0.2859375 0.0328125 0.025
2 0.03671875 0.2890625 0.0390625 0.034375
2 0.059375 0.303125 0.03125 0.028125
2 0.03125 0.32421875 0.03125 0.0296875
2 0.125 0.31328125 0.034375 0.0328125
2 0.08359375 0.31953125 0.0359375 0.0328125
2 0.00625 0.30234375 0.0125 0.0296875
2 0.01328125 0.3171875 0.0265625 0.034375
3 0.01171875 0.33828125 0.0234375 0.0328125
2 0.02890625 0.3484375 0.0359375 0.0375
2 0.0640625 0.34140625 0.040625 0.0328125
2 0.0421875 0.37421875 0.028125 0.0359375
2 0.0859375 0.371875 0.0375 0.03125
2 0.16953125 0.33984375 0.0390625 0.0359375
2 0.0625 0.3984375 0.04375 0.03125
2 0.0625 0.42421875 0.03125 0.0296875
2 0.0890625 0.4265625 0.034375 0.0375
3 0.0578125 0.4578125 0.034375 0.0375
2 0.0375 0.4390625 0.03125 0.03125
3 0.02421875 0.37265625 0.0421875 0.0328125
2 0.01796875 0.43046875 0.0359375 0.0390625
2 0.00234375 0.4453125 0.0046875 0.0375
2 0.01171875 0.46640625 0.0234375 0.0421875
2 0.0140625 0.5046875 0.028125 0.040625
3 0.0703125 0.47734375 0.0375 0.0421875
3 0.12421875 0.20703125 0.0359375 0.0265625
2 0.12265625 0.359375 0.0390625 0.03125
2 0.12734375 0.42578125 0.0453125 0.0421875
3 0.11796875 0.22578125 0.0390625 0.0296875
3 0.034375 0.0578125 0.040625 0.040625
2 0.040625 0.25 0.034375 0.028125
2 0.09296875 0.4 0.0390625 0.03125
2 0.17421875 0.36875 0.0359375 0.03125
2 0.10703125 0.38125 0.0328125 0.028125
2 0.02578125 0.53828125 0.0359375 0.0328125
3 0.13046875 0.1828125 0.0296875 0.025
2 0.090625 0.45859375 0.034375 0.0359375
3 0.05703125 0.51015625 0.0359375 0.0359375
0 0.159375 0.2328125 0.03125 0.03125
2 0.17890625 0.28515625 0.0359375 0.0296875
2 0.103125 0.4859375 0.0375 0.0375
3 0.0390625 0.5265625 0.040625 0.03125