2 0.00546875 0.40390625 0.0109375 0.0453125
2 0.00234375 0.44453125 0.0046875 0.0390625
3 0.015625 0.421875 0.03125 0.040625
3 0.04765625 0.4125 0.0359375 0.040625
3 0.00625 0.43671875 0.0125 0.0296875
3 0.04375 0.4484375 0.034375 0.03125
2 0.0640625 0.43515625 0.03125 0.0296875
3 0.003125 0.47265625 0.00625 0.0359375
2 0.0140625 0.46875 0.028125 0.0375
2 0.05 0.47265625 0.04375 0.0390625
3 0.08515625 0.43984375 0.0296875 0.0296875
3 0.1046875 0.4453125 0.04375 0.040625
2 0.0796875 0.4703125 0.040625 0.0375
3 0.090625 0.47734375 0.03125 0.0359375
2 0.121875 0.496875 0.03125 0.034375
3 0.09453125 0.5078125 0.0421875 0.03125
2 0.07109375 0.50390625 0.0296875 0.0296875
2 0.05390625 0.50078125 0.0359375 0.0359375
2 0.02578125 0.50859375 0.0421875 0.0390625
2 0.01015625 0.5125 0.0203125 0.03125
2 0.06484375 0.52265625 0.0359375 0.0328125
2 0.03671875 0.51796875 0.0296875 0.0328125
3 0.034375 0.5359375 0.0375 0.03125
2 0.09375 0.54609375 0.025 0.0234375
2 0.053125 0.553125 0.040625 0.040625
3 0.01640625 0.559375 0.0328125 0.0375
3 0.0921875 0.5953125 0.0375 0.028125
3 0.1171875 0.6125 0.040625 0.0375
2 0.0921875 0.61640625 0.0375 0.0296875
3 0.07421875 0.621875 0.0328125 0.025
2 0.03671875 0.625 0.0390625 0.034375
2 0.059375 0.6390625 0.03125 0.028125
2 0.03125 0.66015625 0.03125 0.0296875
2 0.125 0.64921875 0.034375 0.0328125
2 0.08359375 0.65546875 0.0359375 0.0328125
2 0.00625 0.63828125 0.0125 0.0296875
2 0.01328125 0.653125 0.0265625 0.034375
3 0.01171875 0.67421875 0.0234375 0.0328125
2 0.02890625 0.684375 0.0359375 0.0375
2 0.0640625 0.67734375 0.040625 0.0328125
2 0.0421875 0.71015625 0.028125 0.0359375
2 0.0859375 0.7078125 0.0375 0.03125
2 0.16953125 0.67578125 0.0390625 0.0359375
2 0.0625 0.734375 0.04375 0.03125
2 0.0625 0.76015625 0.03125 0.0296875
2 0.0890625 0.7625 0.034375 0.0375
3 0.0578125 0.79375 0.034375 0.0375
2 0.0375 0.775 0.03125 0.03125
3 0.02421875 0.70859375 0.0421875 0.0328125
2 0.01796875 0.76640625 0.0359375 0.0390625
2 0.00234375 0.78125 0.0046875 0.0375
2 0.01171875 0.80234375 0.0234375 0.0421875
2 0.0140625 0.840625 0.028125 0.040625
3 0.0703125 0.81328125 0.0375 0.0421875
3 0.12421875 0.54296875 0.0359375 0.0265625
2 0.12265625 0.6953125 0.0390625 0.03125
2 0.12734375 0.76171875 0.0453125 0.0421875
3 0.11796875 0.56171875 0.0390625 0.0296875
3 0.034375 0.39375 0.040625 0.040625
2 0.040625 0.5859375 0.034375 0.028125
2 0.09296875 0.7359375 0.0390625 0.03125
2 0.17421875 0.7046875 0.0359375 0.03125
2 0.10703125 0.7171875 0.0328125 0.028125
2 0.02578125 0.87421875 0.0359375 0.0328125
3 0.13046875 0.51875 0.0296875 0.025
2 0.090625 0.79453125 0.034375 0.0359375
3 0.05703125 0.84609375 0.0359375 0.0359375
0 0.159375 0.56875 0.03125 0.03125
2 0.17890625 0.62109375 0.0359375 0.0296875
2 0.103125 0.821875 0.0375 0.0375
3 0.0390625 0.8625 0.040625 0.03125