2 0.20703125 0.396875 0.0359375 0.04375
2 0.23515625 0.4125 0.0265625 0.028125
2 0.25859375 0.4 0.0296875 0.034375
2 0.28203125 0.409375 0.0390625 0.040625
2 0.27421875 0.43828125 0.0359375 0.0296875
4 0.26171875 0.44765625 0.0359375 0.0359375
3 0.2359375 0.4328125 0.03125 0.028125
2 0.209375 0.43125 0.03125 0.034375
2 0.19375 0.440625 0.034375 0.034375
2 0.2078125 0.45859375 0.028125 0.0265625
3 0.315625 0.39453125 0.034375 0.0328125
2 0.315625 0.4421875 0.034375 0.034375
2 0.38046875 0.38359375 0.0328125 0.0328125
2 0.3625 0.39375 0.028125 0.028125
2 0.39921875 0.3890625 0.0296875 0.034375
3 0.3890625 0.41953125 0.03125 0.0328125
2 0.36953125 0.41796875 0.0296875 0.0265625
2 0.33671875 0.3953125 0.0328125 0.040625
2 0.3734375 0.43046875 0.034375 0.0328125
2 0.3625 0.453125 0.028125 0.03125
2 0.33828125 0.459375 0.0328125 0.0375
2 0.415625 0.428125 0.028125 0.025
3 0.4265625 0.41328125 0.034375 0.0296875
2 0.4703125 0.40390625 0.03125 0.0453125
2 0.4375 0.4578125 0.03125 0.03125
2 0.4625 0.44453125 0.034375 0.0390625
3 0.4875 0.421875 0.0375 0.040625
3 0.52265625 0.4125 0.0359375 0.040625
3 0.4703125 0.43671875 0.034375 0.0296875
3 0.51875 0.4484375 0.034375 0.03125
2 0.5390625 0.43515625 0.03125 0.0296875
3 0.46796875 0.47265625 0.0265625 0.0359375
2 0.4875 0.46875 0.03125 0.0375
2 0.415625 0.4984375 0.028125 0.028125
2 0.38125 0.490625 0.0375 0.0375
2 0.34609375 0.50234375 0.0359375 0.0328125
2 0.3640625 0.52265625 0.040625 0.0390625
2 0.525 0.47265625 0.04375 0.0390625
3 0.56015625 0.43984375 0.0296875 0.0296875
3 0.5796875 0.4453125 0.04375 0.040625
2 0.5546875 0.4703125 0.040625 0.0375
3 0.565625 0.47734375 0.03125 0.0359375
2 0.596875 0.496875 0.03125 0.034375
3 0.56953125 0.5078125 0.0421875 0.03125
2 0.54609375 0.50390625 0.0296875 0.0296875
2 0.52890625 0.50078125 0.0359375 0.0359375
2 0.50078125 0.50859375 0.0421875 0.0390625
2 0.47734375 0.5125 0.0359375 0.03125
2 0.45625 0.50546875 0.034375 0.0421875
2 0.53984375 0.52265625 0.0359375 0.0328125
2 0.51171875 0.51796875 0.0296875 0.0328125
3 0.509375 0.5359375 0.0375 0.03125
2 0.56875 0.54609375 0.025 0.0234375
2 0.528125 0.553125 0.040625 0.040625
3 0.48515625 0.559375 0.0453125 0.0375
3 0.5671875 0.5953125 0.0375 0.028125
3 0.5921875 0.6125 0.040625 0.0375
2 0.5671875 0.61640625 0.0375 0.0296875
3 0.54921875 0.621875 0.0328125 0.025
2 0.51171875 0.625 0.0390625 0.034375
2 0.534375 0.6390625 0.03125 0.028125
2 0.50625 0.66015625 0.03125 0.0296875
2 0.6 0.64921875 0.034375 0.0328125
2 0.55859375 0.65546875 0.0359375 0.0328125
2 0.46015625 0.61484375 0.0296875 0.0328125
2 0.4625 0.63828125 0.05 0.0296875
2 0.43828125 0.64453125 0.0296875 0.0265625
2 0.45390625 0.66171875 0.0421875 0.0328125
2 0.48515625 0.653125 0.0328125 0.034375
3 0.4765625 0.67421875 0.04375 0.0328125
2 0.50390625 0.684375 0.0359375 0.0375
2 0.5390625 0.67734375 0.040625 0.0328125
2 0.5171875 0.71015625 0.028125 0.0359375
2 0.5609375 0.7078125 0.0375 0.03125
2 0.64453125 0.67578125 0.0390625 0.0359375
2 0.5375 0.734375 0.04375 0.03125
2 0.5375 0.76015625 0.03125 0.0296875
2 0.5640625 0.7625 0.034375 0.0375
3 0.5328125 0.79375 0.034375 0.0375
2 0.5125 0.775 0.03125 0.03125
3 0.49921875 0.70859375 0.0421875 0.0328125
2 0.4453125 0.7046875 0.0375 0.0375
2 0.4265625 0.68359375 0.040625 0.0328125
2 0.44140625 0.7203125 0.0390625 0.03125
2 0.42578125 0.73515625 0.0359375 0.0296875
2 0.41328125 0.759375 0.0359375 0.03125
2 0.371875 0.74453125 0.0375 0.0328125
3 0.3296875 0.64140625 0.040625 0.0359375
3 0.33359375 0.69140625 0.0359375 0.0390625
2 0.490625 0.76640625 0.040625 0.0390625
2 0.459375 0.78125 0.040625 0.0375
2 0.475 0.80234375 0.046875 0.0421875
2 0.4359375 0.79921875 0.03125 0.0296875
2 0.48203125 0.840625 0.0421875 0.040625
0 0.34140625 0.765625 0.0234375 0.025
0 0.31484375 0.7453125 0.0265625 0.025
2 0.3671875 0.78125 0.021875 0.028125
3 0.5453125 0.81328125 0.0375 0.0421875
2 0.35 0.5765625 0.0375 0.0375
0 0.1265625 0.37734375 0.03125 0.0265625
2 0.14140625 0.4609375 0.0328125 0.03125
3 0.59921875 0.54296875 0.0359375 0.0265625
2 0.59765625 0.6953125 0.0390625 0.03125
2 0.60234375 0.76171875 0.0453125 0.0421875
2 0.41640625 0.71015625 0.0296875 0.0296875
3 0.59296875 0.56171875 0.0390625 0.0296875
3 0.509375 0.39375 0.040625 0.040625
2 0.3109375 0.425 0.034375 0.034375
3 0.23125 0.47734375 0.0375 0.0359375
2 0.25234375 0.49296875 0.0265625 0.0296875
2 0.515625 0.5859375 0.034375 0.028125
3 0.45 0.42890625 0.034375 0.0328125
2 0.45390625 0.37890625 0.0296875 0.0296875
2 0.56796875 0.7359375 0.0390625 0.03125
2 0.64921875 0.7046875 0.0359375 0.03125
2 0.40703125 0.46953125 0.0359375 0.0359375
2 0.32578125 0.43125 0.0296875 0.03125
2 0.3453125 0.4171875 0.03125 0.03125
3 0.2359375 0.45390625 0.028125 0.0296875
2 0.58203125 0.7171875 0.0328125 0.028125
0 0.2046875 0.4875 0.025 0.025
2 0.28125 0.50859375 0.040625 0.0421875
2 0.50078125 0.87421875 0.0359375 0.0328125
2 0.346875 0.8890625 0.0375 0.03125
2 0.40078125 0.853125 0.0296875 0.03125
2 0.38671875 0.8171875 0.0359375 0.034375
2 0.42421875 0.8734375 0.0328125 0.03125
2 0.40546875 0.828125 0.0296875 0.03125
2 0.2796875 0.60546875 0.03125 0.0296875
0 0.2671875 0.6375 0.025 0.025
3 0.178125 0.38515625 0.025 0.0296875
2 0.16171875 0.396875 0.0328125 0.03125
2 0.31015625 0.46875 0.0296875 0.028125
3 0.60546875 0.51875 0.0296875 0.025
2 0.565625 0.79453125 0.034375 0.0359375
2 0.40859375 0.9109375 0.0265625 0.025
2 0.38359375 0.90703125 0.0296875 0.0265625
0 0.3140625 0.8171875 0.03125 0.025
0 0.26796875 0.834375 0.0265625 0.021875
2 0.3796875 0.92734375 0.028125 0.0265625
3 0.53203125 0.84609375 0.0359375 0.0359375
0 0.634375 0.56875 0.03125 0.03125
2 0.140625 0.40859375 0.03125 0.0328125
2 0.2140625 0.753125 0.03125 0.025
2 0.28359375 0.79140625 0.0390625 0.0359375
2 0.65390625 0.62109375 0.0359375 0.0296875
0 0.16171875 0.8921875 0.0234375 0.025
0 0.096875 0.8984375 0.03125 0.034375
0 0.19296875 0.92890625 0.0265625 0.0234375
2 0.32890625 0.93515625 0.0265625 0.0296875
2 0.28359375 0.5546875 0.0328125 0.034375
0 0.2625 0.575 0.03125 0.028125
0 0.1109375 0.784375 0.025 0.025
0 0.08046875 0.8078125 0.0328125 0.03125
0 0.06015625 0.81875 0.0296875 0.021875
2 0.11796875 0.484375 0.0296875 0.028125
2 0.11015625 0.44921875 0.0296875 0.0296875
3 0.09296875 0.4375 0.0328125 0.028125
2 0.0984375 0.484375 0.028125 0.028125
2 0.07421875 0.4890625 0.0359375 0.03125
2 0.04375 0.56171875 0.040625 0.0390625
2 0.05859375 0.52421875 0.0296875 0.0265625
0 0.15625 0.7578125 0.03125 0.028125
2 0.32734375 0.8703125 0.0296875 0.03125
2 0.3359375 0.95703125 0.021875 0.0265625
2 0.4265625 0.37578125 0.040625 0.0296875
2 0.13046875 0.934375 0.0296875 0.03125
2 0.578125 0.821875 0.0375 0.0375
3 0.5140625 0.8625 0.040625 0.03125
2 0.190625 0.88046875 0.0375 0.0453125
2 0.175 0.9140625 0.03125 0.034375
0 0.35078125 0.83046875 0.0265625 0.0359375