2 0.20703125 0.0609375 0.0359375 0.04375
2 0.23515625 0.0765625 0.0265625 0.028125
2 0.25859375 0.0640625 0.0296875 0.034375
2 0.28203125 0.0734375 0.0390625 0.040625
2 0.27421875 0.10234375 0.0359375 0.0296875
4 0.26171875 0.11171875 0.0359375 0.0359375
3 0.2359375 0.096875 0.03125 0.028125
2 0.209375 0.0953125 0.03125 0.034375
2 0.19375 0.1046875 0.034375 0.034375
2 0.2078125 0.12265625 0.028125 0.0265625
3 0.315625 0.05859375 0.034375 0.0328125
2 0.315625 0.10625 0.034375 0.034375
2 0.38046875 0.04765625 0.0328125 0.0328125
2 0.3625 0.0578125 0.028125 0.028125
2 0.39921875 0.053125 0.0296875 0.034375
3 0.3890625 0.08359375 0.03125 0.0328125
2 0.36953125 0.08203125 0.0296875 0.0265625
2 0.33671875 0.059375 0.0328125 0.040625
2 0.3734375 0.09453125 0.034375 0.0328125
2 0.3625 0.1171875 0.028125 0.03125
2 0.33828125 0.1234375 0.0328125 0.0375
2 0.415625 0.0921875 0.028125 0.025
3 0.4265625 0.07734375 0.034375 0.0296875
2 0.4703125 0.06796875 0.03125 0.0453125
2 0.4375 0.121875 0.03125 0.03125
2 0.4625 0.10859375 0.034375 0.0390625
3 0.4875 0.0859375 0.0375 0.040625
3 0.52265625 0.0765625 0.0359375 0.040625
3 0.4703125 0.10078125 0.034375 0.0296875
3 0.51875 0.1125 0.034375 0.03125
2 0.5390625 0.09921875 0.03125 0.0296875
3 0.46796875 0.13671875 0.0265625 0.0359375
2 0.4875 0.1328125 0.03125 0.0375
2 0.415625 0.1625 0.028125 0.028125
2 0.38125 0.1546875 0.0375 0.0375
2 0.34609375 0.16640625 0.0359375 0.0328125
2 0.3640625 0.18671875 0.040625 0.0390625
2 0.525 0.13671875 0.04375 0.0390625
3 0.56015625 0.10390625 0.0296875 0.0296875
3 0.5796875 0.109375 0.04375 0.040625
2 0.5546875 0.134375 0.040625 0.0375
3 0.565625 0.14140625 0.03125 0.0359375
2 0.596875 0.1609375 0.03125 0.034375
3 0.56953125 0.171875 0.0421875 0.03125
2 0.54609375 0.16796875 0.0296875 0.0296875
2 0.52890625 0.16484375 0.0359375 0.0359375
2 0.50078125 0.17265625 0.0421875 0.0390625
2 0.47734375 0.1765625 0.0359375 0.03125
2 0.45625 0.16953125 0.034375 0.0421875
2 0.53984375 0.18671875 0.0359375 0.0328125
2 0.51171875 0.18203125 0.0296875 0.0328125
3 0.509375 0.2 0.0375 0.03125
2 0.56875 0.21015625 0.025 0.0234375
2 0.528125 0.2171875 0.040625 0.040625
3 0.48515625 0.2234375 0.0453125 0.0375
3 0.5671875 0.259375 0.0375 0.028125
3 0.5921875 0.2765625 0.040625 0.0375
2 0.5671875 0.28046875 0.0375 0.0296875
3 0.54921875 0.2859375 0.0328125 0.025
2 0.51171875 0.2890625 0.0390625 0.034375
2 0.534375 0.303125 0.03125 0.028125
2 0.50625 0.32421875 0.03125 0.0296875
2 0.6 0.31328125 0.034375 0.0328125
2 0.55859375 0.31953125 0.0359375 0.0328125
2 0.46015625 0.27890625 0.0296875 0.0328125
2 0.4625 0.30234375 0.05 0.0296875
2 0.43828125 0.30859375 0.0296875 0.0265625
2 0.45390625 0.32578125 0.0421875 0.0328125
2 0.48515625 0.3171875 0.0328125 0.034375
3 0.4765625 0.33828125 0.04375 0.0328125
2 0.50390625 0.3484375 0.0359375 0.0375
2 0.5390625 0.34140625 0.040625 0.0328125
2 0.5171875 0.37421875 0.028125 0.0359375
2 0.5609375 0.371875 0.0375 0.03125
2 0.64453125 0.33984375 0.0390625 0.0359375
2 0.5375 0.3984375 0.04375 0.03125
2 0.5375 0.42421875 0.03125 0.0296875
2 0.5640625 0.4265625 0.034375 0.0375
3 0.5328125 0.4578125 0.034375 0.0375
2 0.5125 0.4390625 0.03125 0.03125
3 0.49921875 0.37265625 0.0421875 0.0328125
2 0.4453125 0.36875 0.0375 0.0375
2 0.4265625 0.34765625 0.040625 0.0328125
2 0.44140625 0.384375 0.0390625 0.03125
2 0.42578125 0.39921875 0.0359375 0.0296875
2 0.41328125 0.4234375 0.0359375 0.03125
2 0.371875 0.40859375 0.0375 0.0328125
3 0.3296875 0.30546875 0.040625 0.0359375
3 0.33359375 0.35546875 0.0359375 0.0390625
2 0.490625 0.43046875 0.040625 0.0390625
2 0.459375 0.4453125 0.040625 0.0375
2 0.475 0.46640625 0.046875 0.0421875
2 0.4359375 0.46328125 0.03125 0.0296875
2 0.48203125 0.5046875 0.0421875 0.040625
0 0.34140625 0.4296875 0.0234375 0.025
0 0.31484375 0.409375 0.0265625 0.025
2 0.3671875 0.4453125 0.021875 0.028125
3 0.5453125 0.47734375 0.0375 0.0421875
2 0.35 0.240625 0.0375 0.0375
0 0.1265625 0.04140625 0.03125 0.0265625
2 0.14140625 0.125 0.0328125 0.03125
3 0.59921875 0.20703125 0.0359375 0.0265625
2 0.59765625 0.359375 0.0390625 0.03125
2 0.60234375 0.42578125 0.0453125 0.0421875
2 0.41640625 0.37421875 0.0296875 0.0296875
3 0.59296875 0.22578125 0.0390625 0.0296875
3 0.509375 0.0578125 0.040625 0.040625
2 0.3109375 0.0890625 0.034375 0.034375
3 0.23125 0.14140625 0.0375 0.0359375
2 0.25234375 0.15703125 0.0265625 0.0296875
2 0.515625 0.25 0.034375 0.028125
3 0.45 0.09296875 0.034375 0.0328125
2 0.45390625 0.04296875 0.0296875 0.0296875
2 0.56796875 0.4 0.0390625 0.03125
2 0.64921875 0.36875 0.0359375 0.03125
2 0.40703125 0.13359375 0.0359375 0.0359375
2 0.32578125 0.0953125 0.0296875 0.03125
2 0.3453125 0.08125 0.03125 0.03125
3 0.2359375 0.11796875 0.028125 0.0296875
2 0.58203125 0.38125 0.0328125 0.028125
0 0.2046875 0.1515625 0.025 0.025
2 0.28125 0.17265625 0.040625 0.0421875
2 0.50078125 0.53828125 0.0359375 0.0328125
2 0.346875 0.553125 0.0375 0.03125
2 0.40078125 0.5171875 0.0296875 0.03125
2 0.38671875 0.48125 0.0359375 0.034375
2 0.42421875 0.5375 0.0328125 0.03125
2 0.40546875 0.4921875 0.0296875 0.03125
2 0.2796875 0.26953125 0.03125 0.0296875
0 0.2671875 0.3015625 0.025 0.025
3 0.178125 0.04921875 0.025 0.0296875
2 0.16171875 0.0609375 0.0328125 0.03125
2 0.31015625 0.1328125 0.0296875 0.028125
3 0.60546875 0.1828125 0.0296875 0.025
2 0.565625 0.45859375 0.034375 0.0359375
2 0.40859375 0.575 0.0265625 0.025
2 0.38359375 0.57109375 0.0296875 0.0265625
0 0.3140625 0.48125 0.03125 0.025
0 0.26796875 0.4984375 0.0265625 0.021875
2 0.3796875 0.59140625 0.028125 0.0265625
3 0.53203125 0.51015625 0.0359375 0.0359375
0 0.634375 0.2328125 0.03125 0.03125
2 0.140625 0.07265625 0.03125 0.0328125
2 0.2140625 0.4171875 0.03125 0.025
2 0.28359375 0.45546875 0.0390625 0.0359375
2 0.65390625 0.28515625 0.0359375 0.0296875
0 0.16171875 0.55625 0.0234375 0.025
0 0.096875 0.5625 0.03125 0.034375
0 0.19296875 0.59296875 0.0265625 0.0234375
2 0.32890625 0.59921875 0.0265625 0.0296875
2 0.28359375 0.21875 0.0328125 0.034375
0 0.2625 0.2390625 0.03125 0.028125
0 0.1109375 0.4484375 0.025 0.025
0 0.08046875 0.471875 0.0328125 0.03125
0 0.06015625 0.4828125 0.0296875 0.021875
2 0.11796875 0.1484375 0.0296875 0.028125
2 0.11015625 0.11328125 0.0296875 0.0296875
3 0.09296875 0.1015625 0.0328125 0.028125
2 0.0984375 0.1484375 0.028125 0.028125
2 0.07421875 0.153125 0.0359375 0.03125
2 0.04375 0.22578125 0.040625 0.0390625
2 0.05859375 0.18828125 0.0296875 0.0265625
0 0.15625 0.421875 0.03125 0.028125
2 0.32734375 0.534375 0.0296875 0.03125
2 0.3359375 0.62109375 0.021875 0.0265625
2 0.4265625 0.03984375 0.040625 0.0296875
2 0.13046875 0.5984375 0.0296875 0.03125
2 0.578125 0.4859375 0.0375 0.0375
3 0.5140625 0.5265625 0.040625 0.03125
2 0.190625 0.54453125 0.0375 0.0453125
2 0.175 0.578125 0.03125 0.034375
0 0.35078125 0.49453125 0.0265625 0.0359375