1 0.5039474 0.2352339 0.0240132 0.0388889
1 0.5046875 0.2197368 0.0238487 0.0388889
2 0.551727 0.3095029 0.0238487 0.0388889
2 0.5199836 0.2413743 0.0238487 0.0388889
2 0.551398 0.3510234 0.0238487 0.0388889
2 0.4902961 0.2542398 0.0230263 0.0371345
2 0.6185033 0.3647661 0.0238487 0.0388889
1 0.5130757 0.3270468 0.0245066 0.0388889
1 0.5300164 0.3331871 0.0238487 0.0388889
2 0.4992599 0.3554094 0.0238487 0.0388889
1 0.4879112 0.3334795 0.0238487 0.0388889
1 0.5291941 0.3717836 0.0238487 0.0388889
1 0.6592928 0.2966374 0.0238487 0.0388889
0 0.4801809 0.0600877 0.0238487 0.0388889
2 0.6165296 0.2840643 0.0238487 0.0388889
2 0.6416941 0.3024854 0.0238487 0.0388889
2 0.632977 0.3100877 0.0238487 0.0388889
2 0.6439967 0.3290936 0.0238487 0.0388889
1 0.5881579 0.3001462 0.0243421 0.0377193
2 0.5787007 0.2431287 0.0238487 0.0388889
1 0.4523849 0.2404971 0.0238487 0.0388889
1 0.4551809 0.202193 0.0238487 0.0388889
1 0.4630757 0.2404971 0.0238487 0.0388889
1 0.4637336 0.2209064 0.0238487 0.0388889
1 0.4459704 0.2141813 0.0238487 0.0388889
1 0.4395559 0.2229532 0.0238487 0.0388889
2 0.4745066 0.1995614 0.0240132 0.0394737
2 0.4805099 0.1378655 0.0238487 0.0388889
1 0.4458882 0.1577485 0.0236842 0.0377193
1 0.4591283 0.1273392 0.0248355 0.0418129
0 0.4583059 0.1366959 0.0238487 0.0388889
2 0.4727796 0.0998538 0.0238487 0.0388889
2 0.5265625 0.0200292 0.0238487 0.0388889
2 0.4796875 0.0709064 0.0238487 0.0388889
1 0.529852 0.0814327 0.0238487 0.0388889
2 0.4092928 0.2561404 0.0241776 0.0380117
0 0.5216283 0.0393275 0.0238487 0.0388889
1 0.5334704 0.046345 0.0238487 0.0388889
2 0.5515625 0.029386 0.0238487 0.0388889
1 0.5856086 0.0440058 0.0238487 0.0388889
1 0.5778783 0.0679825 0.0238487 0.0388889
1 0.6176809 0.1200292 0.0238487 0.0388889
1 0.4415296 0.2934211 0.0238487 0.0388889
2 0.4160362 0.2641813 0.0238487 0.0388889
2 0.4113487 0.2830409 0.0233553 0.0385965
1 0.4023849 0.2611111 0.0235197 0.0397661
1 0.3974507 0.2799708 0.0238487 0.0388889
1 0.3887336 0.2565789 0.0238487 0.0388889
1 0.3777138 0.2890351 0.0238487 0.0388889
1 0.367352 0.3059942 0.0238487 0.0388889
0 0.3578125 0.2258772 0.0238487 0.0388889
2 0.3635691 0.2296784 0.0238487 0.0388889
2 0.3612664 0.2475146 0.0238487 0.0388889
1 0.3877467 0.2399123 0.0238487 0.0388889
1 0.4369243 0.2656433 0.0238487 0.0388889
2 0.4425164 0.3314327 0.0238487 0.0388889
1 0.4314967 0.2454678 0.0238487 0.0388889
1 0.4251645 0.2586257 0.0240132 0.0388889
2 0.4174342 0.2343567 0.025 0.0400585
1 0.4512336 0.303655 0.0238487 0.0388889
1 0.4966283 0.5907895 0.0238487 0.0388889
1 0.4339638 0.3565789 0.0238487 0.0388889
0 0.438898 0.3489766 0.0238487 0.0388889
2 0.4384046 0.3770468 0.0238487 0.0388889
1 0.4675164 0.4290936 0.0238487 0.0388889
1 0.4337993 0.4530702 0.0238487 0.0388889
0 0.379523 0.4545322 0.0238487 0.0388889
1 0.4897204 0.5694444 0.0238487 0.0388889
1 0.4852796 0.5913743 0.0238487 0.0388889
1 0.4382401 0.5013158 0.0238487 0.0388889
1 0.4433388 0.6039474 0.0238487 0.0388889
1 0.3615954 0.5402047 0.0238487 0.0388889
1 0.3964638 0.4352339 0.0238487 0.0388889
1 0.3665296 0.426462 0.0238487 0.0388889
2 0.386102 0.3960526 0.0238487 0.0388889
0 0.382977 0.3785088 0.0238487 0.0388889
1 0.3885691 0.3516082 0.0238487 0.0388889
1 0.4129112 0.355117 0.0238487 0.0388889
1 0.3587993 0.3671053 0.0238487 0.0388889
1 0.3709704 0.350731 0.0238487 0.0388889
1 0.3290296 0.3937135 0.0238487 0.0388889
1 0.3811678 0.3606725 0.0238487 0.0388889
0 0.3489309 0.3378655 0.0238487 0.0388889
0 0.3186678 0.229386 0.0238487 0.0388889
1 0.3293586 0.3182749 0.0235197 0.0388889
1 0.3244243 0.2690058 0.0238487 0.0409357
1 0.3027138 0.2366959 0.0238487 0.0388889
0 0.332977 0.1951754 0.0238487 0.0388889
0 0.3323191 0.2533626 0.0238487 0.0388889
2 0.3362664 0.2238304 0.0238487 0.0388889
1 0.3436678 0.0679825 0.0238487 0.0388889
1 0.3578125 0.1811404 0.0238487 0.0388889
0 0.351727 0.1937135 0.0238487 0.0388889
0 0.351727 0.1937135 0.0238487 0.0388889
0 0.3787007 0.176462 0.0238487 0.0388889
1 0.4244243 0.1460526 0.0238487 0.0388889
1 0.4206414 0.1062865 0.0238487 0.0388889
1 0.4367599 0.1431287 0.0238487 0.0388889
2 0.432648 0.1261696 0.0241776 0.0394737
0 0.364227 0.0200292 0.0238487 0.0388889
1 0.3283717 0.0703216 0.0238487 0.0388889
1 0.3240954 0.0960526 0.0238487 0.0388889
1 0.3175164 0.0711988 0.0238487 0.0388889
1 0.3338816 0.1359649 0.0240132 0.0385965
0 0.376398 0.0799708 0.0238487 0.0388889
1 0.6208059 0.1630117 0.0238487 0.0388889
2 0.4061678 0.0723684 0.0238487 0.0388889
1 0.5566612 0.1027778 0.0238487 0.0388889
1 0.5599507 0.1890351 0.0238487 0.0388889
1 0.5444901 0.1910819 0.0238487 0.0388889
1 0.5240954 0.2258772 0.0238487 0.0388889
1 0.4727796 0.1633041 0.0231908 0.0394737
1 0.501398 0.1945906 0.0238487 0.0388889
2 0.4277138 0.0843567 0.0238487 0.0388889
1 0.7839638 0.0976608 0.0245066 0.0380117
1 0.6448191 0.2153509 0.0238487 0.0388889
0 0.6413651 0.2024854 0.0238487 0.0388889
0 0.6500822 0.202193 0.0238487 0.0388889
1 0.6459704 0.2013158 0.0238487 0.0388889
2 0.6518914 0.173538 0.0238487 0.0388889
1 0.6461349 0.0203216 0.0238487 0.0388889
1 0.6655428 0.1752924 0.0238487 0.0388889
1 0.701398 0.1495614 0.0238487 0.0388889
1 0.7231086 0.1498538 0.0238487 0.0388889
1 0.6499178 0.0937135 0.0238487 0.0388889
1 0.648273 0.0726608 0.0238487 0.0388889
1 0.6380757 0.096345 0.0238487 0.0388889
0 0.6300164 0.0671053 0.0238487 0.0388889
2 0.6081414 0.0864035 0.0238487 0.0388889
1 0.6178454 0.0238304 0.0238487 0.0388889
1 0.623602 0.0533626 0.0238487 0.0388889
1 0.6336349 0.0203216 0.0238487 0.0388889
1 0.6334704 0.0431287 0.0238487 0.0388889
1 0.6974507 0.0299708 0.0238487 0.0388889
1 0.6966283 0.0209064 0.0238487 0.0388889
1 0.6939967 0.2086257 0.0238487 0.0388889
1 0.6518914 0.3135965 0.0238487 0.0388889
0 0.679523 0.3539474 0.0238487 0.0388889
1 0.6833059 0.2606725 0.0238487 0.0388889
2 0.6316612 0.396345 0.0238487 0.0388889
1 0.6599507 0.4533626 0.0238487 0.0388889
1 0.6084704 0.4097953 0.0238487 0.0388889
1 0.5484375 0.4200292 0.0238487 0.0388889
2 0.557977 0.4040936 0.0248355 0.0403509
1 0.5380757 0.3384503 0.0238487 0.0388889
1 0.5405428 0.4381579 0.0238487 0.0388889
1 0.5619243 0.4361111 0.0238487 0.0388889
0 0.5390625 0.4659357 0.0238487 0.0388889
1 0.6240954 0.4700292 0.0238487 0.0388889
1 0.5028783 0.3980994 0.0238487 0.0388889
1 0.607648 0.5039474 0.0238487 0.0388889
1 0.5842928 0.5399123 0.0238487 0.0388889
1 0.5872533 0.4869883 0.0238487 0.0388889
1 0.5217928 0.5328947 0.0238487 0.0388889
1 0.4132401 0.0539474 0.0238487 0.0388889
0 0.4369243 0.0200292 0.0238487 0.0388889
0 0.4097862 0.0200292 0.0238487 0.0388889
0 0.2724507 0.3089181 0.0238487 0.0388889
0 0.3791941 0.0290936 0.0238487 0.0388889
0 0.460773 0.0200292 0.0238487 0.0388889
2 0.3472862 0.1171053 0.0238487 0.0388889
0 0.3632401 0.1495614 0.0238487 0.0388889
0 0.3554276 0.1586257 0.025 0.0388889
2 0.4990954 0.0709064 0.0238487 0.0388889
0 0.335773 0.1796784 0.0238487 0.0388889
2 0.3717928 0.179386 0.0238487 0.0388889
2 0.3734375 0.2054094 0.0238487 0.0388889
1 0.4027138 0.1989766 0.0238487 0.0388889
0 0.4221217 0.1817251 0.0238487 0.0388889
0 0.3897204 0.1571637 0.0238487 0.0388889
1 0.3467928 0.2837719 0.0238487 0.0388889
0 0.3387336 0.3168129 0.0238487 0.0388889
1 0.3436678 0.322076 0.0238487 0.0388889
0 0.3504112 0.3153509 0.0238487 0.0388889
1 0.3543586 0.3241228 0.0238487 0.0388889
1 0.4528783 0.5475146 0.0238487 0.0388889
0 0.3168586 0.3258772 0.0238487 0.0388889
0 0.3163651 0.3372807 0.0238487 0.0388889
0 0.2874178 0.3135965 0.0238487 0.0388889
1 0.307977 0.2890351 0.0238487 0.0388889
0 0.3176809 0.3097953 0.0238487 0.0388889
1 0.2563322 0.2875731 0.0238487 0.0388889
2 0.2793586 0.2255848 0.0238487 0.0388889
1 0.2964638 0.2711988 0.0238487 0.0388889
2 0.2796875 0.2758772 0.0238487 0.0388889
0 0.2393914 0.273538 0.0238487 0.0388889
0 0.3012336 0.4004386 0.0238487 0.0388889
0 0.3102796 0.3820175 0.0238487 0.0388889
0 0.3165296 0.3770468 0.0238487 0.0388889
0 0.2962993 0.3703216 0.0238487 0.0388889
1 0.3775493 0.4390351 0.0238487 0.0388889
1 0.3893092 0.4255848 0.0236842 0.0365497
1 0.360773 0.3995614 0.0238487 0.0388889
1 0.3541941 0.4197368 0.0238487 0.0388889
1 0.3194901 0.4592105 0.0238487 0.0388889
2 0.3425164 0.4861111 0.0245066 0.0388889
0 0.3237664 0.4498538 0.0238487 0.0388889
0 0.2900493 0.4557018 0.0238487 0.0388889
1 0.5250822 0.1902047 0.0238487 0.0388889
1 0.3288651 0.5252924 0.0238487 0.0388889
1 0.3780428 0.5054094 0.0238487 0.0388889
1 0.4060033 0.4989766 0.0238487 0.0388889
1 0.4181743 0.5595029 0.0238487 0.0388889
1 0.4185033 0.4080409 0.0238487 0.0388889
1 0.4224507 0.3928363 0.0238487 0.0388889
1 0.4987664 0.425 0.0238487 0.0388889
1 0.4706414 0.475 0.0238487 0.0388889
0 0.4719572 0.4659357 0.0238487 0.0388889
0 0.4040296 0.3100877 0.0238487 0.0388889
1 0.3999178 0.3624269 0.0238487 0.0388889
1 0.5763158 0.2001462 0.0240132 0.0388889
0 0.5722862 0.2811404 0.0238487 0.0388889
1 0.5237664 0.280848 0.0238487 0.0388889
0 0.5773849 0.2744152 0.0238487 0.0388889
1 0.6012336 0.2390351 0.0238487 0.0388889
2 0.6234375 0.2519006 0.0238487 0.0388889
1 0.6306743 0.2641813 0.0238487 0.0388889
1 0.6421875 0.2665205 0.0238487 0.0388889
1 0.6533717 0.2834795 0.0238487 0.0388889
0 0.6566612 0.4188596 0.0238487 0.0365497
1 0.5342928 0.1747076 0.0238487 0.0388889
1 0.5249178 0.1630117 0.0238487 0.0388889
0 0.5191612 0.1609649 0.0238487 0.0388889
0 0.5995888 0.3062865 0.0238487 0.0388889
1 0.6278783 0.2840643 0.0238487 0.0388889
0 0.2875 0.3931287 0.0240132 0.0388889
1 0.5457237 0.0957602 0.0240132 0.0388889
0 0.5768092 0.1445906 0.0240132 0.0388889
0 0.5782895 0.1296784 0.0240132 0.0388889
0 0.6235197 0.0203216 0.0240132 0.0388889
0 0.5926809 0.1711988 0.0238487 0.0388889
1 0.5092105 0.3147661 0.0240132 0.0388889
0 0.4552632 0.4156433 0.0240132 0.0388889
1 0.4717928 0.2285088 0.0238487 0.0388889
0 0.6019737 0.173538 0.0240132 0.0388889
1 0.7547697 0.0238304 0.0240132 0.0388889
0 0.7370066 0.025 0.0240132 0.0388889
1 0.4259868 0.1141813 0.0240132 0.0388889
1 0.6671053 0.2788012 0.0240132 0.0388889
1 0.6851974 0.0986842 0.0240132 0.0388889
1 0.7208882 0.176462 0.0240132 0.0388889
1 0.7185855 0.0796784 0.0240132 0.0388889
1 0.6547697 0.1103801 0.0240132 0.0388889
2 0.6050164 0.2595029 0.0238487 0.0388889
1 0.6382401 0.3635965 0.0238487 0.0388889
1 0.3390625 0.1597953 0.0238487 0.0388889
0 0.3219572 0.1726608 0.0238487 0.0388889
1 0.298273 0.152193 0.0238487 0.0388889
1 0.5401316 0.0115497 0.0240132 0.0219298
0 0.2597862 0.2732456 0.0238487 0.0388889
1 0.6895559 0.1732456 0.0238487 0.0388889
1 0.6762336 0.1852339 0.0238487 0.0388889
0 0.6838816 0.0203216 0.0240132 0.0388889
1 0.6196546 0.0872807 0.0238487 0.0388889
1 0.6541941 0.2624269 0.0238487 0.0388889
0 0.6194901 0.2407895 0.0238487 0.0388889
0 0.5390625 0.4659357 0.0238487 0.0388889
1 0.5382401 0.347807 0.0238487 0.0388889
2 0.4344572 0.1241228 0.0238487 0.0388889
1 0.3551809 0.4904971 0.0238487 0.0388889
2 0.3527138 0.4802632 0.0238487 0.0388889
1 0.3637336 0.4676901 0.0238487 0.0388889
0 0.3676809 0.4700292 0.0238487 0.0388889
2 0.3349507 0.4656433 0.0238487 0.0388889
1 0.4553454 0.5197368 0.0238487 0.0388889
2 0.4453125 0.5738304 0.0238487 0.0388889
1 0.4283717 0.2255848 0.0238487 0.0388889
1 0.4599507 0.1714912 0.0238487 0.0388889
0 0.5916941 0.2580409 0.0238487 0.0388889
1 0.5987664 0.2770468 0.0238487 0.0388889
1 0.5831414 0.2796784 0.0238487 0.0388889
1 0.5783717 0.2861111 0.0238487 0.0388889
1 0.6255757 0.3770468 0.0238487 0.0365497
1 0.4737664 0.4638889 0.0238487 0.0388889
1 0.4333059 0.4869883 0.0238487 0.0388889
0 0.3875822 0.1711988 0.0238487 0.0388889
0 0.3523849 0.2972222 0.0238487 0.0388889
1 0.4464638 0.4899123 0.0238487 0.0388889
1 0.6884046 0.2881579 0.0238487 0.0388889
1 0.6000822 0.3302632 0.0238487 0.0388889
0 0.5900493 0.3501462 0.0238487 0.0388889
0 0.6696546 0.3469298 0.0238487 0.0388889
1 0.6525493 0.3583333 0.0238487 0.0365497
0 0.7481908 0.1346491 0.0240132 0.0388889
1 0.7171053 0.130848 0.0240132 0.0388889
0 0.7705592 0.1524854 0.0240132 0.0388889
0 0.7914474 0.1638889 0.0240132 0.0388889
1 0.4916941 0.2384503 0.0238487 0.0388889
1 0.567352 0.2600877 0.0238487 0.0388889
0 0.6765625 0.3290936 0.0238487 0.0388889
0 0.7559211 0.077924 0.0240132 0.0388889
0 0.632648 0.080848 0.0238487 0.0388889
0 0.5028783 0.1378655 0.0238487 0.0388889
0 0.5754934 0.1820175 0.0240132 0.0388889
0 0.6596217 0.0200292 0.0238487 0.0388889
0 0.4941612 0.1469298 0.0238487 0.0388889
1 0.6434211 0.0826023 0.0240132 0.0388889
0 0.6664474 0.1290936 0.0240132 0.0388889
0 0.7401316 0.1211988 0.0240132 0.0388889
0 0.7629934 0.0723684 0.0240132 0.0388889
0 0.7643092 0.0565789 0.0240132 0.0388889
1 0.6710526 0.1048246 0.0240132 0.0388889
0 0.3949836 0.4726608 0.0238487 0.0388889
2 0.5817434 0.1694444 0.0240132 0.0388889
0 0.6283717 0.2437135 0.0238487 0.0388889
