2 0.7301809 0.021345 0.0238487 0.0403509
4 0.7347039 0.1273392 0.0223684 0.0429825
2 0.6995888 0.0217836 0.0228618 0.0377193
4 0.6684211 0.0214912 0.0246711 0.0429825
2 0.6691612 0.0431287 0.0287829 0.0429825
4 0.7239309 0.0630117 0.0235197 0.0365497
2 0.7135691 0.0795322 0.0225329 0.045614
2 0.6909539 0.0516082 0.0299342 0.0611111
2 0.7040296 0.0790936 0.0225329 0.0388889
2 0.7221217 0.127193 0.0235197 0.0397661
2 0.7277138 0.1062865 0.0235197 0.0476608
2 0.7305099 0.1596491 0.0212171 0.0380117
2 0.6751645 0.1649123 0.0243421 0.0403509
2 0.7175987 0.1445906 0.0226974 0.0464912
4 0.5648026 0.0387427 0.0207237 0.0394737
2 0.5175164 0.2866959 0.0258224 0.0406433
2 0.4111842 0.2634503 0.0259868 0.0432749
2 0.4018092 0.2052632 0.0253289 0.0467836
2 0.4044408 0.1951754 0.0263158 0.0406433
4 0.4681743 0.1457602 0.0261513 0.0353801
2 0.4662007 0.1559942 0.0320724 0.0476608
2 0.4703947 0.1979532 0.0243421 0.0426901
4 0.465625 0.0321637 0.0240132 0.0333333
2 0.821875 0.2940058 0.0276316 0.0476608
4 0.7384868 0.530848 0.0246711 0.0342105
2 0.7496711 0.2994152 0.0230263 0.0350877
2 0.7090461 0.2915205 0.0263158 0.0309942
2 0.5569901 0.0305556 0.0254934 0.0406433
2 0.7358553 0.1013158 0.0236842 0.0359649
4 0.6969572 0.0230994 0.0241776 0.0421053
2 0.7082237 0.0362573 0.0213816 0.0339181
2 0.678125 0.0429825 0.0236842 0.0461988
2 0.7444901 0.1160819 0.0215461 0.0397661
2 0.7490954 0.4317251 0.0222039 0.044152
2 0.738898 0.4299708 0.0235197 0.0418129
2 0.7297697 0.4049708 0.0226974 0.0391813
2 0.7501645 0.3827485 0.0236842 0.0415205
2 0.7615954 0.3769006 0.0235197 0.0380117
4 0.8380757 0.3767544 0.028125 0.0552632
3 0.6105263 0.6241228 0.0207237 0.0453216
2 0.5943257 0.6119883 0.0202303 0.0444444
2 0.6448191 0.5035088 0.0208882 0.0356725
2 0.638898 0.5396199 0.021875 0.0371345
2 0.6512336 0.477924 0.0251645 0.0371345
2 0.7382401 0.6282164 0.0317434 0.0488304
4 0.6144737 0.7093567 0.0213816 0.0426901
2 0.6647204 0.6925439 0.0310855 0.047076
2 0.5353618 0.75 0.0289474 0.045614
2 0.514227 0.7473684 0.021875 0.0444444
2 0.5349507 0.724269 0.0277961 0.0444444
2 0.5282895 0.6830409 0.0259868 0.0415205
2 0.4190789 0.6859649 0.0256579 0.0415205
2 0.3325658 0.5355263 0.0269737 0.0453216
2 0.3461349 0.5225146 0.0248355 0.0415205
4 0.3180921 0.4795322 0.0273026 0.0479532
2 0.4536184 0.4052632 0.0276316 0.0356725
2 0.4506579 0.5137427 0.0253289 0.0467836
2 0.4381579 0.5095029 0.0246711 0.0406433
3 0.3899671 0.4679825 0.0240132 0.0464912
2 0.5396382 0.5057018 0.0253289 0.0429825
2 0.5762336 0.4359649 0.0245066 0.0467836
2 0.5268092 0.3331871 0.0230263 0.0388889
4 0.4563322 0.3343567 0.0254934 0.0435673
2 0.4609375 0.2929825 0.021875 0.0426901
2 0.4205592 0.2761696 0.0256579 0.0435673
4 0.4779605 0.2798246 0.025 0.0385965
2 0.3953947 0.2890351 0.0233553 0.0435673
3 0.3361842 0.3273392 0.0276316 0.0464912
2 0.3477796 0.2178363 0.0235197 0.045614
2 0.4395559 0.1153509 0.0291118 0.0476608
2 0.5022204 0.127924 0.0241776 0.0377193
2 0.5119243 0.1480994 0.0228618 0.0400585
2 0.5071546 0.179386 0.0195724 0.0423977
2 0.5007401 0.1700292 0.0192434 0.0377193
2 0.5270559 0.2460526 0.0268092 0.0453216
2 0.7862664 0.0849415 0.0205592 0.0324561
2 0.7962993 0.0792398 0.0258224 0.045614
2 0.59375 0.2880117 0.0263158 0.0385965
2 0.8125822 0.2932749 0.021875 0.0397661
2 0.7744243 0.3026316 0.0202303 0.0380117
2 0.7469572 0.4780702 0.0274671 0.0374269
2 0.7345395 0.4766082 0.0203947 0.0362573
2 0.7039474 0.5038012 0.0256579 0.0403509
2 0.7007401 0.623538 0.0307566 0.052924
2 0.7064145 0.598538 0.0236842 0.0415205
2 0.5918586 0.3926901 0.0245066 0.0415205
2 0.6086349 0.4238304 0.0215461 0.0388889
2 0.6217105 0.4722222 0.0226974 0.0426901
4 0.6777138 0.5154971 0.0271382 0.0403509
2 0.7016447 0.4675439 0.0223684 0.0415205
2 0.7210526 0.4086257 0.0164474 0.0266082
2 0.7366776 0.3472222 0.0230263 0.0330409
2 0.7025493 0.3709064 0.0228618 0.0400585
2 0.70625 0.4027778 0.0174342 0.0295322
2 0.7127467 0.3650585 0.0189145 0.0353801
2 0.659375 0.3966374 0.0226974 0.0412281
2 0.6769737 0.327924 0.025 0.0388889
2 0.6573191 0.3464912 0.0199013 0.0350877
2 0.6171875 0.3239766 0.0215461 0.0438596
4 0.5413651 0.2951754 0.0241776 0.0365497
2 0.5381579 0.3245614 0.0240132 0.0415205
2 0.5182566 0.3894737 0.0197368 0.0362573
2 0.6799342 0.0209064 0.0240132 0.0418129
2 0.6868421 0.094152 0.0223684 0.0385965
2 0.7595395 0.2375731 0.0286184 0.0505848
2 0.8335526 0.2866959 0.0203947 0.0423977
2 0.7953947 0.3774854 0.0266447 0.0415205
2 0.8404605 0.3979532 0.0253289 0.0415205
2 0.8419408 0.4127193 0.0223684 0.0388889
4 0.8445724 0.4422515 0.0233553 0.0423977
2 0.7745066 0.3789474 0.0230263 0.0473684
2 0.7990954 0.4223684 0.0235197 0.0453216
2 0.8051809 0.4020468 0.0228618 0.0438596
2 0.8328947 0.448538 0.0233553 0.0409357
2 0.7692434 0.275731 0.0230263 0.0333333
2 0.7645559 0.3225146 0.0222039 0.0438596
2 0.7397204 0.2878655 0.0195724 0.0406433
2 0.7752467 0.277924 0.0228618 0.0371345
2 0.720477 0.3089181 0.0189145 0.0330409
2 0.7060033 0.3048246 0.0212171 0.0388889
2 0.6305921 0.1209064 0.0273026 0.0365497
2 0.5777138 0.099269 0.0248355 0.0429825
2 0.5831414 0.1023392 0.0231908 0.0385965
2 0.6073191 0.1005848 0.0248355 0.0397661
2 0.6834704 0.1722222 0.0208882 0.0315789
2 0.5359375 0.2334795 0.0215461 0.0353801
2 0.5370888 0.1434211 0.0199013 0.0377193
2 0.546875 0.1135965 0.025 0.0423977
2 0.5268092 0.1574561 0.0210526 0.0388889
2 0.5286184 0.1187135 0.0243421 0.0403509
2 0.488898 0.1103801 0.0241776 0.0394737
2 0.4746711 0.0809942 0.0226974 0.0432749
2 0.5268914 0.0840643 0.0284539 0.0429825
2 0.4150493 0.1230994 0.0287829 0.0473684
3 0.4971217 0.021345 0.0304276 0.0426901
2 0.4358553 0.4406433 0.0223684 0.0374269
2 0.4639803 0.5105263 0.0213816 0.0385965
2 0.5307566 0.5290936 0.0240132 0.0388889
2 0.4258224 0.7282164 0.0305921 0.0418129
3 0.3478618 0.4859649 0.0263158 0.0450292
3 0.6457237 0.6923977 0.0273026 0.0438596
2 0.5592105 0.0704678 0.0256579 0.0461988
2 0.5404605 0.0333333 0.0253289 0.0438596
2 0.4934211 0.0842105 0.0233553 0.0397661
4 0.4990132 0.1121345 0.0230263 0.0353801
2 0.5630757 0.1358187 0.0228618 0.0377193
2 0.6395559 0.1077485 0.0235197 0.0347953
2 0.3776316 0.1486842 0.0266447 0.0418129
2 0.3257401 0.2815789 0.0202303 0.0438596
2 0.4427632 0.5092105 0.0197368 0.0371345
4 0.3643092 0.5681287 0.0269737 0.0479532
2 0.3981086 0.5156433 0.0287829 0.0447368
2 0.41875 0.4899123 0.0246711 0.0330409
2 0.7082237 0.5475146 0.0226974 0.0406433
2 0.6184211 0.5233918 0.0236842 0.0409357
2 0.5740954 0.5361111 0.0235197 0.0394737
2 0.7137336 0.4697368 0.0231908 0.0347953
2 0.7135691 0.502924 0.0205592 0.0315789
2 0.5526316 0.4162281 0.0259868 0.0423977
2 0.7402138 0.4040936 0.0208882 0.0362573
2 0.7007401 0.421345 0.0159539 0.028655
2 0.7571546 0.4894737 0.015625 0.0345029
2 0.7120066 0.4200292 0.0203947 0.0365497
2 0.6977796 0.428655 0.0179276 0.0345029
2 0.7009046 0.2839181 0.0205592 0.0339181
2 0.7069079 0.3353801 0.0226974 0.0380117
2 0.5863487 0.0687135 0.0276316 0.0421053
2 0.6150493 0.0366959 0.0268092 0.0459064
2 0.6880757 0.0726608 0.0284539 0.0482456
2 0.6601151 0.0603801 0.0264803 0.0464912
2 0.6149671 0.1283626 0.0253289 0.0461988
2 0.6491776 0.1222222 0.0253289 0.0421053
2 0.7339638 0.1402047 0.0225329 0.0383041
2 0.6518914 0.055848 0.0215461 0.0391813
2 0.6597039 0.0539474 0.0190789 0.0342105
2 0.6203125 0.0612573 0.0238487 0.0394737
4 0.6689967 0.0773392 0.0235197 0.0412281
2 0.6745066 0.0960526 0.0246711 0.0418129
2 0.6643914 0.1077485 0.0261513 0.0476608
2 0.6085526 0.0562865 0.0253289 0.0423977
2 0.6227796 0.0944444 0.0254934 0.0356725
2 0.6311678 0.0897661 0.0231908 0.0426901
2 0.6351151 0.0736842 0.0241776 0.0403509
2 0.6332237 0.1428363 0.0253289 0.0406433
2 0.5924342 0.0852339 0.0299342 0.0435673
2 0.6072368 0.0741228 0.0266447 0.0377193
3 0.5997533 0.0843567 0.0215461 0.0324561
2 0.7272204 0.0975146 0.021875 0.0371345
2 0.7174342 0.0233918 0.0246711 0.0391813
2 0.7028783 0.0339181 0.0222039 0.0444444
2 0.75625 0.2736842 0.0226974 0.0385965
2 0.7643914 0.275 0.0225329 0.0423977
2 0.7397204 0.2584795 0.0241776 0.0374269
2 0.7583882 0.3134503 0.0240132 0.0421053
2 0.7453947 0.3248538 0.0213816 0.0368421
2 0.7274671 0.372807 0.0207237 0.0380117
2 0.7279605 0.3975146 0.0190789 0.0312865
2 0.7463816 0.3633041 0.0233553 0.0400585
2 0.7347039 0.3539474 0.0177632 0.0260234
2 0.7012336 0.3881579 0.0199013 0.0295322
2 0.7105263 0.5847953 0.0200658 0.0304094
2 0.7411184 0.5568713 0.0299342 0.0505848
2 0.7283717 0.600731 0.0235197 0.044152
2 0.7197368 0.5921053 0.0236842 0.0339181
2 0.7193257 0.5040936 0.0212171 0.0321637
2 0.7220395 0.5219298 0.0180921 0.0298246
2 0.7119243 0.5219298 0.0228618 0.0350877
2 0.7355263 0.497076 0.0203947 0.0362573
2 0.6856086 0.4944444 0.0215461 0.0356725
2 0.6965461 0.5361111 0.0230263 0.0388889
2 0.6715461 0.5171053 0.0200658 0.0406433
2 0.6559211 0.5311404 0.0233553 0.044152
2 0.4436678 0.4885965 0.0225329 0.0415205
2 0.4355263 0.4732456 0.0246711 0.0453216
2 0.453125 0.4364035 0.0210526 0.0365497
2 0.4480263 0.4621345 0.0203947 0.0365497
2 0.4629112 0.4431287 0.0159539 0.0266082
2 0.4634868 0.420614 0.0226974 0.0412281
2 0.4211349 0.4738304 0.0245066 0.0412281
2 0.4303454 0.522076 0.021875 0.0359649
2 0.4024671 0.1672515 0.0256579 0.045614
2 0.4521382 0.101462 0.0263158 0.0450292
2 0.4452303 0.0342105 0.0286184 0.0467836
4 0.4199013 0.075731 0.0289474 0.0362573
2 0.4761513 0.1666667 0.0305921 0.0508772
2 0.4971217 0.2211988 0.0271382 0.0459064
2 0.4872533 0.1923977 0.0271382 0.045614
2 0.5855263 0.0501462 0.0243421 0.0418129
2 0.5462993 0.305117 0.0333882 0.0523392
2 0.5833059 0.4005848 0.0199013 0.0380117
2 0.5884868 0.3592105 0.0236842 0.0406433
2 0.584375 0.4197368 0.0292763 0.0447368
2 0.6825658 0.4837719 0.0144737 0.0219298
2 0.6850329 0.4767544 0.0180921 0.0295322
2 0.6991776 0.4868421 0.0180921 0.0315789
2 0.7244243 0.4709064 0.0212171 0.0330409
2 0.7688322 0.4769006 0.0254934 0.0426901
2 0.6771382 0.4562865 0.0213816 0.0377193
2 0.6552632 0.4947368 0.0210526 0.0333333
3 0.654523 0.6358187 0.0225329 0.0365497
2 0.6275493 0.4842105 0.0248355 0.0438596
2 0.6335526 0.5252924 0.0240132 0.0336257
2 0.6268914 0.5203216 0.0212171 0.0383041
2 0.6852796 0.4459064 0.015625 0.028655
2 0.6916118 0.4460526 0.0203947 0.0342105
2 0.6860197 0.4269006 0.0194079 0.0298246
2 0.6787829 0.4372807 0.0148026 0.0236842
2 0.7121711 0.4583333 0.0217105 0.0359649
2 0.6960526 0.4681287 0.0197368 0.0315789
2 0.6594572 0.3203216 0.0205592 0.0418129
2 0.6530428 0.3004386 0.0205592 0.0388889
2 0.7095395 0.2576023 0.0253289 0.0438596
2 0.7131579 0.2358187 0.0230263 0.047076
2 0.4666118 0.4883041 0.0223684 0.0362573
2 0.4537829 0.4986842 0.0226974 0.0418129
2 0.4744243 0.4960526 0.0208882 0.0353801
2 0.4334704 0.4108187 0.0251645 0.0391813
2 0.4279605 0.397076 0.0273026 0.0461988
2 0.4676809 0.3714912 0.0251645 0.044152
2 0.4955592 0.3823099 0.0210526 0.0312865
2 0.4802632 0.3681287 0.0256579 0.0409357
2 0.4950658 0.1467836 0.0200658 0.0350877
2 0.596875 0.4355263 0.0233553 0.0388889
2 0.6067434 0.4464912 0.0240132 0.0403509
2 0.6166118 0.4557018 0.0200658 0.0400585
2 0.6244243 0.1654971 0.021875 0.0397661
4 0.4601974 0.0596491 0.0273026 0.0432749
2 0.4633224 0.0783626 0.0243421 0.0356725
3 0.5648026 0.0181287 0.0207237 0.0321637
2 0.5695724 0.0184211 0.0217105 0.0368421
2 0.5932566 0.0209064 0.0253289 0.0377193
2 0.5160362 0.0457602 0.0294408 0.0435673
2 0.5203125 0.0717836 0.0199013 0.0312865
2 0.5446546 0.0635965 0.0271382 0.0435673
2 0.7146382 0.1086257 0.0226974 0.0371345
2 0.7444079 0.0187135 0.0246711 0.0374269
2 0.6825658 0.1561404 0.0240132 0.0409357
2 0.6780428 0.200731 0.0277961 0.0459064
2 0.6366776 0.221345 0.0276316 0.045614
2 0.6134868 0.2127193 0.0266447 0.0464912
2 0.6690789 0.3488304 0.0256579 0.0415205
2 0.6950658 0.297076 0.0207237 0.0350877
2 0.7235197 0.3355263 0.0197368 0.0336257
2 0.7150493 0.3555556 0.0238487 0.0380117
2 0.6998355 0.405848 0.0233553 0.0397661
2 0.6896382 0.4137427 0.0230263 0.0345029
2 0.732648 0.3156433 0.0222039 0.0383041
2 0.6967105 0.3353801 0.0213816 0.0339181
2 0.6959704 0.3587719 0.0205592 0.0315789
2 0.7686678 0.244883 0.0222039 0.0394737
4 0.5834704 0.1207602 0.0274671 0.0415205
2 0.6075658 0.1472222 0.0246711 0.0418129
2 0.5120066 0.1769006 0.0230263 0.0432749
2 0.5408717 0.2097953 0.0258224 0.0447368
2 0.5262336 0.1815789 0.0254934 0.0397661
2 0.5069079 0.1944444 0.0276316 0.0385965
2 0.5121711 0.230117 0.0256579 0.0362573
2 0.5067434 0.2181287 0.0167763 0.0356725
2 0.5003289 0.2112573 0.0266447 0.047076
2 0.4961349 0.2647661 0.0228618 0.0371345
2 0.5318257 0.2647661 0.0291118 0.0400585
2 0.5596217 0.2738304 0.0231908 0.0394737
2 0.5664474 0.2694444 0.0223684 0.0423977
2 0.5755757 0.2741228 0.0192434 0.0383041
2 0.5850329 0.3116959 0.0256579 0.0461988
2 0.5040296 0.3600877 0.0235197 0.0388889
2 0.5396382 0.380117 0.0256579 0.0374269
2 0.5647204 0.376462 0.021875 0.0383041
2 0.4069901 0.1106725 0.0261513 0.0435673
2 0.4503289 0.1896199 0.0236842 0.0418129
2 0.4385691 0.1925439 0.0208882 0.0377193
2 0.4537829 0.2059942 0.0207237 0.0388889
2 0.4431743 0.2026316 0.0264803 0.0432749
2 0.4400493 0.2342105 0.0238487 0.0391813
2 0.4344572 0.221345 0.0225329 0.0426901
2 0.3684211 0.1991228 0.0256579 0.0561404
2 0.4069079 0.278655 0.0253289 0.0409357
2 0.4223684 0.3419591 0.0296053 0.0476608
2 0.4238487 0.2975146 0.0299342 0.0423977
2 0.4265625 0.2788012 0.021875 0.0371345
2 0.4416941 0.2685673 0.0251645 0.0435673
2 0.4375 0.2967836 0.0269737 0.0391813
2 0.4457237 0.3019006 0.0233553 0.0412281
2 0.4409539 0.3570175 0.01875 0.0309942
2 0.4679276 0.325 0.0246711 0.0412281
2 0.4634046 0.3396199 0.0248355 0.0383041
2 0.3934211 0.3350877 0.0253289 0.0491228
2 0.4407072 0.3766082 0.0228618 0.0409357
2 0.3863487 0.2130117 0.0253289 0.0429825
2 0.3792763 0.1875731 0.0266447 0.0423977
2 0.3785362 0.2081871 0.0212171 0.0339181
2 0.3722039 0.2267544 0.0236842 0.0412281
2 0.3571546 0.1945906 0.0238487 0.0435673
2 0.3474507 0.2307018 0.0300987 0.0473684
4 0.3285362 0.4671053 0.0245066 0.044152
2 0.3764803 0.4685673 0.0207237 0.0394737
2 0.3938322 0.4678363 0.0215461 0.0403509
2 0.3799342 0.4422515 0.0220395 0.0394737
2 0.386102 0.4402047 0.0238487 0.0377193
2 0.3668586 0.4375731 0.0241776 0.0400585
2 0.3613487 0.4668129 0.025 0.0400585
2 0.3613487 0.4853801 0.0276316 0.0409357
2 0.3537829 0.5684211 0.0292763 0.0578947
2 0.3696546 0.5928363 0.0291118 0.0459064
2 0.3415296 0.5504386 0.0228618 0.0406433
2 0.5130757 0.7233918 0.0251645 0.0403509
2 0.5049342 0.7052632 0.0240132 0.0391813
2 0.5075658 0.6723684 0.0279605 0.0412281
2 0.4393092 0.6576023 0.0269737 0.0444444
2 0.5307566 0.5562865 0.0273026 0.0423977
2 0.5501645 0.5425439 0.0203947 0.0365497
2 0.5590461 0.5077485 0.0266447 0.0429825
2 0.5621711 0.5552632 0.0213816 0.0380117
2 0.5681743 0.5650585 0.0245066 0.0359649
2 0.5099507 0.5877193 0.0235197 0.0397661
3 0.5164474 0.5438596 0.0253289 0.0421053
2 0.5254112 0.573538 0.028125 0.0429825
2 0.5539474 0.5884503 0.0273026 0.0423977
2 0.6164474 0.396345 0.0243421 0.0435673
2 0.6373355 0.4747076 0.0259868 0.0400585
2 0.6522204 0.4106725 0.0199013 0.0383041
2 0.6449836 0.4362573 0.0235197 0.0374269
2 0.6371711 0.4105263 0.0230263 0.0374269
2 0.6349507 0.4315789 0.0179276 0.0345029
2 0.6552632 0.4397661 0.0200658 0.0350877
2 0.6505757 0.4597953 0.0225329 0.0418129
2 0.6654605 0.4277778 0.0197368 0.0385965
2 0.663898 0.4445906 0.0185855 0.030117
2 0.6664474 0.478655 0.01875 0.0333333
2 0.6627467 0.4877193 0.0241776 0.0409357
2 0.611102 0.5096491 0.0231908 0.0391813
2 0.7176809 0.5483918 0.0199013 0.0388889
2 0.713898 0.5853801 0.0222039 0.0374269
2 0.7371711 0.4583333 0.0273026 0.0365497
2 0.6666941 0.6042398 0.0238487 0.044152
3 0.6665296 0.6461988 0.0241776 0.0403509
2 0.6711349 0.6258772 0.0231908 0.0383041
3 0.620477 0.6488304 0.0248355 0.0461988
3 0.459375 0.5688596 0.0289474 0.044152
2 0.5573191 0.673538 0.0192434 0.0365497
2 0.5962993 0.6877193 0.0251645 0.0403509
2 0.5832237 0.6505848 0.0236842 0.0403509
3 0.5867599 0.7005848 0.0274671 0.0508772
2 0.5921875 0.6523392 0.0225329 0.0380117
2 0.6288651 0.6546784 0.0241776 0.0380117
3 0.3582237 0.2790936 0.0223684 0.0406433
2 0.376398 0.2473684 0.0248355 0.0426901
3 0.3442434 0.4415205 0.0256579 0.0421053
2 0.5981086 0.3837719 0.0271382 0.044152
2 0.7976974 0.3403509 0.0246711 0.0397661
2 0.7256579 0.4318713 0.0194079 0.0362573
2 0.745148 0.2078947 0.0268092 0.0397661
2 0.4009868 0.0827485 0.0230263 0.0415205
2 0.3887336 0.095614 0.0307566 0.0497076
2 0.3634046 0.1055556 0.0297697 0.0479532
2 0.4787007 0.2402047 0.021875 0.0388889
2 0.4720395 0.229386 0.0263158 0.0377193
2 0.4662829 0.2635965 0.0256579 0.0377193
2 0.4532072 0.2421053 0.0231908 0.0321637
2 0.4414474 0.2473684 0.0243421 0.0432749
2 0.4109375 0.3393275 0.0241776 0.0371345
2 0.3921875 0.2400585 0.0245066 0.0385965
2 0.4711349 0.278655 0.0228618 0.0409357
2 0.4963816 0.2885965 0.0259868 0.0450292
2 0.4930921 0.3068713 0.0259868 0.0423977
2 0.4780428 0.2938596 0.0235197 0.0426901
4 0.4898026 0.3334795 0.0276316 0.0459064
2 0.4127467 0.3133041 0.0264803 0.0394737
2 0.4534539 0.3611111 0.01875 0.0345029
2 0.4556743 0.3672515 0.0254934 0.0391813
2 0.4476974 0.355117 0.0213816 0.0324561
2 0.4339638 0.3545322 0.0251645 0.0418129
2 0.4495888 0.380848 0.0231908 0.0423977
2 0.4580592 0.3884503 0.0259868 0.0394737
2 0.5259868 0.7108187 0.0243421 0.0450292
2 0.6348684 0.6415205 0.0226974 0.0385965
2 0.3898026 0.6707602 0.0289474 0.0444444
2 0.4198191 0.6615497 0.0251645 0.0429825
2 0.345148 0.6217836 0.0307566 0.0517544
2 0.3636513 0.630848 0.0289474 0.0488304
2 0.3605263 0.605117 0.0269737 0.0453216
2 0.3999178 0.6390351 0.0205592 0.0359649
2 0.4041941 0.6592105 0.0258224 0.0423977
2 0.4102796 0.6505848 0.0192434 0.0339181
2 0.4268914 0.6410819 0.0241776 0.0371345
2 0.3771382 0.6182749 0.0220395 0.0429825
2 0.5595395 0.727924 0.0411184 0.0564327
2 0.4976974 0.5144737 0.0259868 0.0400585
2 0.4939967 0.4627193 0.0241776 0.0423977
2 0.525 0.4704678 0.0269737 0.0385965
2 0.520477 0.4891813 0.0264803 0.0380117
2 0.5022204 0.4880117 0.0235197 0.0432749
2 0.5152138 0.400731 0.0235197 0.0423977
2 0.5296875 0.4276316 0.0251645 0.0412281
2 0.529852 0.3878655 0.0225329 0.0347953
2 0.5209704 0.3690058 0.0254934 0.0397661
2 0.4819901 0.3476608 0.0225329 0.0350877
2 0.5097039 0.3362573 0.0217105 0.0345029
2 0.4967105 0.3394737 0.0226974 0.0403509
2 0.4877467 0.3877193 0.0251645 0.0368421
2 0.4878289 0.401462 0.01875 0.0298246
2 0.4977796 0.4090643 0.0258224 0.0432749
2 0.5424342 0.1694444 0.0236842 0.0412281
2 0.5550987 0.201462 0.0180921 0.0362573
2 0.5226974 0.1364035 0.0230263 0.0400585
2 0.5592928 0.1138889 0.0245066 0.0400585
2 0.5504112 0.1416667 0.0241776 0.0429825
2 0.564227 0.1466374 0.021875 0.0400585
2 0.5688322 0.1581871 0.0248355 0.0415205
2 0.5668586 0.1888889 0.0258224 0.0438596
2 0.592352 0.1910819 0.0212171 0.0383041
2 0.6367599 0.2402047 0.0261513 0.0429825
2 0.6486842 0.2489766 0.0286184 0.0488304
2 0.6421875 0.6782164 0.0287829 0.0412281
2 0.5833059 0.2479532 0.0199013 0.0403509
2 0.6287829 0.3497076 0.0246711 0.0397661
2 0.6389803 0.3011696 0.0223684 0.0432749
2 0.6020559 0.4649123 0.0235197 0.0450292
2 0.6032895 0.4795322 0.0220395 0.0374269
2 0.5947368 0.475 0.0217105 0.0377193
2 0.5867599 0.4774854 0.0241776 0.0380117
2 0.5791941 0.4640351 0.0212171 0.0345029
2 0.4694901 0.6788012 0.0297697 0.05
2 0.5042763 0.6102339 0.0256579 0.0473684
2 0.5180099 0.6128655 0.0258224 0.0426901
2 0.4901316 0.5564327 0.0253289 0.0397661
2 0.4996711 0.5451754 0.0289474 0.0435673
2 0.4285362 0.5672515 0.0208882 0.0374269
2 0.4371711 0.5795322 0.0253289 0.048538
2 0.4415296 0.5375731 0.0261513 0.0464912
2 0.4203125 0.5672515 0.0225329 0.0415205
2 0.3993421 0.5669591 0.0230263 0.0426901
2 0.4169408 0.6134503 0.0273026 0.0461988
2 0.5846217 0.5020468 0.0235197 0.0350877
2 0.6049342 0.4921053 0.0197368 0.0321637
2 0.5938322 0.5163743 0.0205592 0.0350877
2 0.6044408 0.5210526 0.0194079 0.0403509
2 0.5873355 0.5311404 0.025 0.0371345
2 0.5879934 0.5337719 0.0226974 0.0359649
2 0.5543586 0.6156433 0.0277961 0.0371345
2 0.5634868 0.6365497 0.0263158 0.045614
2 0.5583059 0.6587719 0.0231908 0.0467836
2 0.5755757 0.220614 0.0202303 0.0418129
2 0.7866776 0.3940058 0.0230263 0.0371345
2 0.7166941 0.3969298 0.0202303 0.0324561
2 0.6862664 0.3567251 0.0208882 0.0356725
2 0.6803454 0.3932749 0.0208882 0.0356725
3 0.4706414 0.6722222 0.0304276 0.0444444
2 0.4859375 0.6850877 0.0251645 0.0409357
2 0.3594572 0.5298246 0.0251645 0.0438596
3 0.2862664 0.469152 0.0228618 0.0435673
2 0.2921053 0.4391813 0.0246711 0.0403509
3 0.3407895 0.4596491 0.0276316 0.0461988
2 0.3908717 0.1179825 0.0268092 0.047076
2 0.4243421 0.1188596 0.0230263 0.0435673
2 0.3401316 0.3495614 0.0279605 0.0435673
2 0.3699836 0.2821637 0.0215461 0.0409357
2 0.4097862 0.4574561 0.0277961 0.0453216
2 0.3552632 0.6296784 0.025 0.0353801
2 0.386102 0.5918129 0.0248355 0.0438596
2 0.4115954 0.696345 0.0248355 0.0342105
2 0.4309211 0.6678363 0.0256579 0.0380117
2 0.4328947 0.6283626 0.0305921 0.045614
2 0.4359375 0.6002924 0.0245066 0.0345029
2 0.4589638 0.6116959 0.0251645 0.0380117
2 0.453125 0.602924 0.0269737 0.0421053
2 0.4226151 0.5890351 0.0258224 0.0423977
2 0.4895559 0.6947368 0.0208882 0.0473684
2 0.5351974 0.7994152 0.0335526 0.0479532
2 0.5314145 0.6643275 0.0246711 0.0362573
2 0.5402138 0.6479532 0.0248355 0.0374269
2 0.4898026 0.6324561 0.0266447 0.0450292
2 0.4754934 0.6365497 0.0246711 0.0426901
2 0.4722862 0.475 0.0205592 0.0347953
2 0.5493421 0.4429825 0.0292763 0.048538
2 0.4759868 0.4159357 0.0243421 0.0453216
2 0.4865954 0.4369883 0.0238487 0.0377193
2 0.4499178 0.1176901 0.0284539 0.0517544
2 0.5314145 0.4144737 0.025 0.0371345
2 0.5684211 0.4187135 0.0184211 0.0321637
2 0.6177632 0.5788012 0.0263158 0.0423977
2 0.6015625 0.1929825 0.0231908 0.0391813
2 0.6129112 0.1847953 0.0254934 0.0473684
2 0.584375 0.2052632 0.0233553 0.0432749
2 0.563898 0.2187135 0.0248355 0.0397661
2 0.5726974 0.194883 0.0197368 0.0418129
2 0.6945724 0.2656433 0.0236842 0.0400585
2 0.7250822 0.2884503 0.0238487 0.0406433
2 0.7504934 0.5039474 0.0269737 0.0418129
2 0.7538651 0.4460526 0.0225329 0.0400585
4 0.8225329 0.3290936 0.0259868 0.0359649
2 0.6667763 0.4087719 0.0197368 0.0333333
2 0.6689145 0.3833333 0.0197368 0.0298246
2 0.4636513 0.0611111 0.0256579 0.0309942
2 0.5050164 0.0266082 0.021875 0.0432749
2 0.4328947 0.3276316 0.0243421 0.0423977
2 0.3268914 0.4263158 0.0235197 0.0438596
2 0.5180921 0.652193 0.0197368 0.0406433
2 0.5870066 0.5539474 0.0223684 0.0388889
2 0.5641447 0.4729532 0.0273026 0.0418129
2 0.5917763 0.1511696 0.0217105 0.0415205
2 0.5493421 0.0875731 0.0230263 0.0435673
2 0.698273 0.1399123 0.0228618 0.0453216
2 0.6569901 0.0807018 0.0284539 0.0444444
2 0.6666118 0.1371345 0.0279605 0.0432749
2 0.6815789 0.2947368 0.0233553 0.0397661
2 0.4008224 0.3647661 0.0246711 0.0429825
2 0.4649671 0.6374269 0.01875 0.0327485
2 0.417023 0.4244152 0.0231908 0.0400585
2 0.4042763 0.4380117 0.0273026 0.0432749
2 0.3921875 0.4252924 0.0241776 0.0429825
2 0.3565789 0.4440058 0.025 0.0406433
3 0.6419408 0.6282164 0.0273026 0.044152
4 0.4824013 0.0526316 0.0259868 0.0450292
2 0.3963816 0.5292398 0.0230263 0.0409357
2 0.373273 0.7017544 0.0231908 0.0461988
2 0.5908717 0.2194444 0.0268092 0.0400585
2 0.7807566 0.0975146 0.0259868 0.0406433
2 0.6657895 0.2649123 0.0292763 0.045614
2 0.6770559 0.6426901 0.0248355 0.048538
2 0.7719572 0.5038012 0.0205592 0.0350877
2 0.7803454 0.4317251 0.0284539 0.0388889
2 0.7379112 0.5761696 0.0284539 0.0418129
2 0.6398026 0.3745614 0.0253289 0.0362573
2 0.3824836 0.4979532 0.0297697 0.045614
2 0.511102 0.4807018 0.0235197 0.0380117
2 0.3946546 0.5980994 0.0241776 0.0383041
2 0.448602 0.6318713 0.0277961 0.0497076
2 0.4747533 0.4026316 0.0248355 0.0415205
2 0.5072368 0.8084795 0.0276316 0.0315789
2 0.620477 0.2432749 0.0314145 0.0502924
2 0.6023026 0.2276316 0.0236842 0.0412281
2 0.5685033 0.305117 0.0310855 0.047076
2 0.4416118 0.6630117 0.0253289 0.047076
2 0.4528783 0.6581871 0.0192434 0.0321637
2 0.3598684 0.654386 0.0263158 0.0432749
2 0.4068257 0.6682749 0.0251645 0.0453216
2 0.4609375 0.651462 0.0189145 0.0292398
2 0.4560855 0.680848 0.0203947 0.0383041
2 0.5125 0.5554094 0.0289474 0.0435673
2 0.3993421 0.4016082 0.0220395 0.0359649
2 0.3996711 0.4159357 0.0157895 0.030117
2 0.5411184 0.4649123 0.0286184 0.0321637
2 0.4849507 0.4923977 0.0235197 0.0444444
2 0.5504112 0.5635965 0.0205592 0.0307018
2 0.5074013 0.6891813 0.0256579 0.0327485
2 0.6065789 0.325731 0.0282895 0.0549708
2 0.4787829 0.480848 0.0226974 0.0400585
2 0.2944079 0.4176901 0.0279605 0.0429825
2 0.4102796 0.5435673 0.0238487 0.0461988
3 0.5308388 0.8326023 0.0297697 0.05
3 0.3507401 0.1643275 0.0238487 0.0403509
2 0.4722039 0.1039474 0.0342105 0.05
2 0.4983553 0.0402047 0.0266447 0.0418129
2 0.4362664 0.2172515 0.0212171 0.0327485
2 0.3470395 0.3922515 0.0322368 0.0576023
2 0.4140625 0.4115497 0.0182566 0.0307018
2 0.4053454 0.4105263 0.0169408 0.0356725
2 0.4065789 0.604386 0.0246711 0.0421053
2 0.4129934 0.3707602 0.0256579 0.0432749
2 0.4208059 0.5106725 0.0258224 0.0388889
2 0.5722039 0.5983918 0.0273026 0.0418129
2 0.6087993 0.6652047 0.0225329 0.0391813
2 0.3878289 0.6096491 0.0256579 0.0397661
2 0.6828947 0.6612573 0.0266447 0.0476608
2 0.58125 0.3359649 0.0213816 0.0415205
2 0.6193257 0.6159357 0.0254934 0.0453216
2 0.492352 0.5969298 0.021875 0.0383041
2 0.7379934 0.2289474 0.0263158 0.0444444
2 0.5060033 0.0861111 0.0235197 0.0418129
2 0.2947368 0.3881579 0.0279605 0.0453216
2 0.3065789 0.3752924 0.0226974 0.0423977
2 0.2878289 0.3353801 0.0263158 0.0491228
2 0.4939967 0.6125731 0.0241776 0.0397661
2 0.5018914 0.7505848 0.0271382 0.0467836
2 0.6166941 0.6027778 0.0222039 0.0371345
3 0.6008224 0.2752924 0.0243421 0.0423977
2 0.7797697 0.1932749 0.0342105 0.0549708
3 0.4293586 0.1244152 0.0277961 0.0464912
2 0.3411184 0.5627193 0.0233553 0.0365497
2 0.3872533 0.2574561 0.0205592 0.0365497
2 0.4953125 0.2404971 0.0215461 0.0394737
2 0.4587993 0.2309942 0.0248355 0.0391813
2 0.5632401 0.5320175 0.0212171 0.0423977
2 0.6348684 0.6831871 0.03125 0.0423977
2 0.3596217 0.4200292 0.0215461 0.0330409
2 0.7756579 0.1475146 0.0220395 0.0394737
2 0.7964638 0.1270468 0.0199013 0.0453216
2 0.7631579 0.1334795 0.0240132 0.0423977
2 0.7188322 0.171345 0.0264803 0.0356725
2 0.7458059 0.2520468 0.0231908 0.0397661
2 0.6051809 0.3790936 0.0205592 0.0371345
2 0.6524671 0.3807018 0.0263158 0.0444444
2 0.4918586 0.6538012 0.0189145 0.0385965
2 0.5378289 0.5931287 0.0273026 0.0476608
2 0.8192434 0.3717836 0.0223684 0.0423977
2 0.8205592 0.4004386 0.0296053 0.0429825
2 0.3169408 0.3099415 0.0184211 0.0333333
2 0.4222862 0.1998538 0.0231908 0.0406433
2 0.3291118 0.3138889 0.0240132 0.0418129
2 0.3140625 0.2871345 0.0241776 0.045614
2 0.3946546 0.6969298 0.0231908 0.0453216
2 0.4674342 0.7084795 0.0309211 0.0461988
2 0.4956414 0.6783626 0.0268092 0.0421053
2 0.4743421 0.6165205 0.0226974 0.0353801
2 0.3039474 0.4692982 0.0256579 0.0368421
2 0.3925164 0.5605263 0.0261513 0.0444444
2 0.3470395 0.3413743 0.025 0.0383041
2 0.3865132 0.1581871 0.01875 0.0391813
2 0.5522204 0.0646199 0.0235197 0.0444444
3 0.4083882 0.0624269 0.0375 0.0517544
2 0.2967105 0.3023392 0.0236842 0.0526316
2 0.4862664 0.5849415 0.0271382 0.0453216
2 0.4712171 0.7524854 0.0286184 0.0400585
2 0.546875 0.7096491 0.0230263 0.0403509
2 0.5459704 0.669883 0.0261513 0.0380117
2 0.8081414 0.1887427 0.0356908 0.0593567
2 0.6430921 0.2255848 0.0223684 0.0347953
2 0.7515625 0.3912281 0.0235197 0.0438596
3 0.373273 0.3747076 0.0251645 0.0435673
2 0.4911184 0.7966374 0.0289474 0.0494152
2 0.4834704 0.7450292 0.0271382 0.045614
2 0.6328125 0.355848 0.0225329 0.0350877
3 0.3893092 0.1811404 0.0243421 0.0394737
2 0.3307566 0.2309942 0.0236842 0.045614
2 0.4209704 0.2204678 0.0238487 0.0374269
2 0.429523 0.2277778 0.0195724 0.0385965
2 0.4370888 0.1888889 0.0222039 0.0374269
3 0.33125 0.3580409 0.0240132 0.0406433
2 0.4083059 0.2013158 0.0251645 0.0429825
2 0.6251645 0.4296784 0.0279605 0.0453216
3 0.3001645 0.3425439 0.0273026 0.0447368
3 0.3620888 0.1633041 0.0248355 0.0435673
3 0.354523 0.2349415 0.0254934 0.0423977
2 0.3460526 0.2561404 0.0230263 0.0339181
2 0.4007401 0.2513158 0.0238487 0.0435673
2 0.3915296 0.3057018 0.0258224 0.0435673
2 0.3414474 0.198538 0.025 0.0374269
3 0.3685033 0.4023392 0.0222039 0.0403509
2 0.3567434 0.3681287 0.0240132 0.0473684
2 0.3997533 0.4831871 0.0317434 0.0447368
2 0.3841283 0.5134503 0.0166118 0.0339181
2 0.498602 0.6473684 0.0251645 0.0491228
2 0.4842105 0.55 0.0246711 0.0444444
2 0.4793586 0.4618421 0.0261513 0.0406433
3 0.4339638 0.2057018 0.0317434 0.0453216
2 0.4057566 0.1820175 0.0309211 0.0505848
3 0.5803454 0.1834795 0.0287829 0.0429825
2 0.6716283 0.6707602 0.0268092 0.045614
2 0.5830592 0.0179825 0.0266447 0.0330409
2 0.6560033 0.0435673 0.0327303 0.0497076
2 0.7740132 0.2625731 0.0210526 0.0327485
2 0.71875 0.3450292 0.0263158 0.0473684
3 0.3600329 0.1960526 0.0282895 0.0464912
2 0.3902138 0.6432749 0.0238487 0.0374269
2 0.4789474 0.551462 0.0246711 0.0403509
3 0.5953947 0.3412281 0.0269737 0.0497076
2 0.6653783 0.3608187 0.0307566 0.0479532
2 0.5152138 0.5885965 0.0241776 0.0345029
4 0.6710526 0.0931287 0.0259868 0.0447368
3 0.3291941 0.4302632 0.0297697 0.0429825
2 0.4416941 0.2657895 0.0251645 0.0397661
2 0.4138158 0.226462 0.0253289 0.0371345
3 0.5044408 0.8557018 0.0273026 0.0453216
2 0.2836349 0.3587719 0.0192434 0.0397661
2 0.4015625 0.378655 0.0333882 0.0415205
2 0.4934211 0.7349415 0.0210526 0.0383041
3 0.5015625 0.7875731 0.0241776 0.0388889
2 0.4543586 0.6950292 0.0235197 0.0415205
2 0.4817434 0.6532164 0.0233553 0.0327485
2 0.5868421 0.1296784 0.0302632 0.0330409
2 0.6555099 0.6258772 0.0264803 0.0429825
2 0.3751645 0.4160819 0.0213816 0.0339181
2 0.5889803 0.4407895 0.0246711 0.0342105
3 0.5837171 0.6805556 0.0351974 0.0412281
2 0.5651316 0.6891813 0.0289474 0.0426901
2 0.3415296 0.2434211 0.0238487 0.0383041
2 0.3461349 0.2812865 0.0225329 0.0368421
3 0.353125 0.6827485 0.03125 0.0526316
2 0.3528783 0.5926901 0.0245066 0.0385965
2 0.370477 0.1672515 0.0192434 0.0309942
2 0.4305099 0.0365497 0.0294408 0.0479532
4 0.3605263 0.4362573 0.0279605 0.045614
3 0.3698191 0.6834795 0.0287829 0.0447368
2 0.6222862 0.3726608 0.0314145 0.0453216
2 0.5555921 0.448538 0.0286184 0.0409357
2 0.476398 0.6790936 0.0241776 0.0406433
3 0.379523 0.397076 0.028125 0.0444444
2 0.5154605 0.6763158 0.0233553 0.0473684
2 0.2898026 0.3296784 0.0296053 0.0494152
2 0.4999178 0.5899123 0.0235197 0.0365497
3 0.3547697 0.4214912 0.0305921 0.0435673
2 0.3664474 0.3045322 0.0309211 0.0447368
2 0.3590461 0.3247076 0.0273026 0.0406433
2 0.4893092 0.671345 0.0203947 0.0356725
2 0.3657895 0.4377193 0.0269737 0.048538
2 0.3544408 0.3937135 0.0269737 0.0447368
