1 0.08984375 0.590625 0.0640625 0.059375
2 0.34765625 0.4078125 0.0640625 0.059375
1 0.21640625 0.690625 0.0640625 0.059375
2 0.21796875 0.728125 0.0640625 0.059375
1 0.20625 0.7484375 0.0625 0.059375
1 0.58828125 0.69375 0.0640625 0.059375
1 0.06328125 0.609375 0.0640625 0.059375
1 0.12578125 0.5578125 0.0640625 0.059375
1 0.15234375 0.5265625 0.0640625 0.059375
1 0.29453125 0.6 0.0640625 0.059375
1 0.47734375 0.6828125 0.0640625 0.059375
1 0.54453125 0.6546875 0.0640625 0.059375
1 0.55859375 0.490625 0.0640625 0.059375
1 0.52890625 0.62265625 0.0578125 0.0546875
1 0.56796875 0.6359375 0.0640625 0.059375
1 0.56328125 0.7125 0.0640625 0.059375
1 0.53828125 0.5890625 0.0640625 0.059375
1 0.80234375 0.4359375 0.0640625 0.059375
1 0.51640625 0.46875 0.0640625 0.059375
1 0.53203125 0.5015625 0.0640625 0.059375
1 0.02265625 0.23984375 0.0453125 0.0609375
0 0.24609375 0.36328125 0.0640625 0.0578125
1 0.08515625 0.434375 0.0640625 0.059375
1 0.10859375 0.2703125 0.0640625 0.059375
1 0.1421875 0.26171875 0.0625 0.0609375
0 0.13828125 0.278125 0.0640625 0.059375
1 0.21484375 0.2234375 0.0640625 0.059375
1 0.08359375 0.46875 0.0640625 0.059375
1 0.25078125 0.01953125 0.0640625 0.0390625
1 0.01484375 0.271875 0.0296875 0.059375
1 0.12734375 0.01484375 0.0640625 0.0296875
1 0.69609375 0.8 0.0640625 0.059375
1 0.60859375 0.7578125 0.0640625 0.059375
1 0.67890625 0.74375 0.0640625 0.059375
1 0.78203125 0.7546875 0.0640625 0.059375
1 0.59140625 0.746875 0.0640625 0.059375
1 0.59453125 0.71875 0.0640625 0.059375
1 0.56015625 0.746875 0.0640625 0.059375
1 0.58828125 0.6703125 0.0640625 0.059375
1 0.61796875 0.684375 0.0640625 0.059375
1 0.64296875 0.6484375 0.0640625 0.059375
1 0.75390625 0.659375 0.0640625 0.059375
1 0.69609375 0.753125 0.0640625 0.059375
1 0.67734375 0.771875 0.0640625 0.059375
1 0.29453125 0.4953125 0.0640625 0.059375
1 0.70859375 0.7375 0.0640625 0.059375
1 0.44296875 0.7890625 0.0640625 0.059375
1 0.51796875 0.7921875 0.0640625 0.059375
1 0.49453125 0.765625 0.0640625 0.059375
1 0.53515625 0.734375 0.0640625 0.059375
1 0.2171875 0.8359375 0.065625 0.059375
1 0.52265625 0.8421875 0.0640625 0.059375
1 0.62890625 0.8265625 0.0640625 0.059375
1 0.62109375 0.81875 0.0640625 0.059375
1 0.56484375 0.834375 0.0640625 0.059375
1 0.64140625 0.875 0.0640625 0.059375
1 0.47734375 0.8703125 0.0640625 0.059375
0 0.46484375 0.86875 0.0640625 0.059375
1 0.51953125 0.8953125 0.0640625 0.059375
1 0.49921875 0.9046875 0.0640625 0.059375
1 0.47421875 0.9375 0.0640625 0.059375
1 0.45078125 0.9140625 0.0640625 0.059375
0 0.41015625 0.928125 0.0640625 0.059375
1 0.42109375 0.9515625 0.0640625 0.059375
1 0.47265625 0.9796875 0.0640625 0.040625
1 0.65390625 0.9359375 0.0640625 0.059375
0 0.63671875 0.9109375 0.0609375 0.05625
1 0.67890625 0.91875 0.0640625 0.059375
1 0.60546875 0.9203125 0.0640625 0.059375
1 0.58984375 0.9734375 0.0640625 0.053125
0 0.51484375 0.9828125 0.0640625 0.034375
1 0.33984375 0.98359375 0.0640625 0.0328125
1 0.36953125 0.9828125 0.0640625 0.034375
0 0.50234375 0.98125 0.0640625 0.0375
1 0.56484375 0.9953125 0.0640625 0.009375
1 0.90234375 0.98203125 0.0640625 0.0359375
1 0.76953125 0.98515625 0.0640625 0.0296875
1 0.66171875 0.99609375 0.0640625 0.0078125
1 0.70390625 0.99296875 0.0640625 0.0140625
1 0.64921875 0.978125 0.0640625 0.04375
1 0.67109375 0.9765625 0.0640625 0.046875
1 0.71484375 0.97109375 0.0640625 0.0578125
1 0.73828125 0.9921875 0.0640625 0.015625
1 0.69921875 0.9390625 0.0640625 0.059375
1 0.72734375 0.815625 0.0640625 0.059375
1 0.91328125 0.94375 0.0640625 0.059375
1 0.84765625 0.8953125 0.0640625 0.059375
1 0.69609375 0.88828125 0.0671875 0.0609375
1 0.7109375 0.95 0.059375 0.059375
1 0.71328125 0.925 0.0640625 0.059375
1 0.675 0.94375 0.059375 0.05625
1 0.65546875 0.83125 0.0640625 0.059375
1 0.71171875 0.853125 0.0640625 0.059375
1 0.66640625 0.8953125 0.0640625 0.059375
1 0.79609375 0.828125 0.0640625 0.059375
1 0.73671875 0.840625 0.0640625 0.059375
1 0.71171875 0.81875 0.0640625 0.059375
1 0.75234375 0.9109375 0.0640625 0.059375
1 0.69609375 0.7203125 0.0640625 0.059375
1 0.66484375 0.6671875 0.0640625 0.059375
1 0.66953125 0.684375 0.0640625 0.059375
1 0.82421875 0.85 0.0640625 0.059375
1 0.79765625 0.675 0.0671875 0.0625
1 0.56640625 0.5875 0.0640625 0.059375
1 0.73046875 0.7234375 0.0640625 0.059375
1 0.74765625 0.759375 0.0640625 0.059375
1 0.71328125 0.7734375 0.0640625 0.059375
1 0.83671875 0.6125 0.0640625 0.059375
1 0.80234375 0.628125 0.0640625 0.059375
1 0.81640625 0.64375 0.0640625 0.05625
1 0.81171875 0.6203125 0.0640625 0.059375
1 0.78046875 0.584375 0.0640625 0.059375
1 0.71796875 0.6 0.0640625 0.059375
0 0.73203125 0.6078125 0.0640625 0.059375
1 0.68671875 0.6078125 0.0640625 0.059375
1 0.72265625 0.4765625 0.0640625 0.059375
1 0.59765625 0.625 0.0640625 0.059375
1 0.59609375 0.6046875 0.0640625 0.059375
1 0.59921875 0.5796875 0.0640625 0.059375
1 0.55546875 0.6109375 0.0640625 0.059375
1 0.65859375 0.646875 0.0640625 0.059375
1 0.68515625 0.571875 0.0640625 0.059375
1 0.5515625 0.52265625 0.0625 0.0578125
1 0.70546875 0.553125 0.0640625 0.059375
1 0.82578125 0.45859375 0.0640625 0.0578125
1 0.54765625 0.540625 0.0640625 0.059375
1 0.58046875 0.559375 0.0640625 0.059375
1 0.76171875 0.51875 0.0640625 0.059375
1 0.6703125 0.42734375 0.0625 0.0578125
1 0.72265625 0.5109375 0.0640625 0.059375
1 0.69609375 0.51875 0.0640625 0.059375
1 0.74609375 0.525 0.0640625 0.059375
1 0.77734375 0.559375 0.0640625 0.059375
1 0.78671875 0.465625 0.0640625 0.059375
1 0.69140625 0.43125 0.0640625 0.059375
1 0.67734375 0.471875 0.0640625 0.059375
1 0.71015625 0.4953125 0.0640625 0.059375
1 0.61484375 0.4609375 0.0640625 0.059375
1 0.61015625 0.43125 0.0640625 0.059375
1 0.58515625 0.4734375 0.0640625 0.059375
1 0.57578125 0.440625 0.0640625 0.059375
1 0.65546875 0.3921875 0.0640625 0.059375
1 0.63359375 0.3859375 0.0640625 0.059375
1 0.49765625 0.4296875 0.0640625 0.059375
1 0.59296875 0.425 0.0640625 0.059375
1 0.57890625 0.4125 0.0640625 0.059375
1 0.55234375 0.4078125 0.0640625 0.059375
1 0.5375 0.4421875 0.06875 0.059375
1 0.40078125 0.203125 0.0640625 0.059375
1 0.33359375 0.24453125 0.0546875 0.0515625
1 0.3234375 0.26171875 0.05625 0.0515625
1 0.34921875 0.23984375 0.0546875 0.0453125
1 0.3546875 0.275 0.05625 0.053125
1 0.38046875 0.2390625 0.0578125 0.0625
1 0.43828125 0.22578125 0.0640625 0.0578125
1 0.3140625 0.22109375 0.0625 0.0578125
1 0.378125 0.23046875 0.05625 0.0515625
1 0.43515625 0.2640625 0.0640625 0.059375
1 0.06015625 0.3375 0.0640625 0.059375
1 0.24453125 0.34375 0.0640625 0.059375
0 0.26640625 0.346875 0.0640625 0.059375
1 0.4125 0.4171875 0.0625 0.059375
1 0.40859375 0.371875 0.0640625 0.059375
1 0.44921875 0.4078125 0.0640625 0.059375
1 0.43984375 0.45625 0.0640625 0.059375
1 0.33515625 0.6640625 0.0640625 0.059375
1 0.49921875 0.496875 0.0640625 0.059375
1 0.50703125 0.4421875 0.0640625 0.059375
1 0.47421875 0.4109375 0.0640625 0.059375
1 0.45390625 0.446875 0.0640625 0.059375
1 0.50703125 0.371875 0.0640625 0.059375
1 0.55546875 0.428125 0.0640625 0.059375
1 0.58515625 0.3984375 0.0640625 0.0625
1 0.58359375 0.365625 0.0640625 0.059375
1 0.56171875 0.35625 0.0640625 0.059375
1 0.53046875 0.321875 0.0640625 0.059375
1 0.53828125 0.35 0.0640625 0.059375
1 0.51328125 0.35 0.0640625 0.059375
1 0.47734375 0.0984375 0.0640625 0.059375
1 0.47734375 0.3171875 0.0640625 0.059375
1 0.48203125 0.3359375 0.0640625 0.059375
1 0.47578125 0.2921875 0.0640625 0.059375
1 0.50859375 0.2890625 0.0640625 0.059375
1 0.49921875 0.3078125 0.0640625 0.059375
1 0.48828125 0.253125 0.0640625 0.059375
1 0.50859375 0.20859375 0.0640625 0.0578125
1 0.46796875 0.2203125 0.0640625 0.059375
1 0.50546875 0.2234375 0.0640625 0.059375
1 0.53828125 0.1765625 0.0640625 0.059375
1 0.49765625 0.1953125 0.0640625 0.059375
1 0.50546875 0.165625 0.0640625 0.059375
1 0.49453125 0.196875 0.0640625 0.059375
1 0.48828125 0.178125 0.0640625 0.059375
1 0.42890625 0.20546875 0.0640625 0.0578125
1 0.35859375 0.19375 0.0640625 0.059375
1 0.36796875 0.23125 0.0640625 0.059375
1 0.278125 0.20859375 0.0625 0.0578125
1 0.30078125 0.1921875 0.0640625 0.059375
1 0.31171875 0.2046875 0.0640625 0.059375
1 0.27109375 0.2234375 0.0640625 0.059375
1 0.25703125 0.1875 0.0640625 0.059375
1 0.22890625 0.20703125 0.0640625 0.0609375
1 0.23203125 0.2484375 0.0640625 0.059375
1 0.28046875 0.265625 0.0640625 0.059375
1 0.19609375 0.2609375 0.0640625 0.059375
1 0.171875 0.2296875 0.0625 0.059375
1 0.14921875 0.2421875 0.0640625 0.059375
1 0.18828125 0.2859375 0.0640625 0.059375
1 0.22421875 0.278125 0.0640625 0.059375
1 0.16953125 0.2734375 0.0640625 0.059375
1 0.16640625 0.32734375 0.0640625 0.0578125
1 0.4765625 0.14921875 0.0625 0.0609375
1 0.50078125 0.1078125 0.0640625 0.059375
1 0.58671875 0.18125 0.0640625 0.059375
1 0.59453125 0.171875 0.0640625 0.059375
1 0.63203125 0.1984375 0.0640625 0.059375
1 0.76875 0.39453125 0.0625 0.0609375
1 0.55234375 0.23125 0.0640625 0.059375
1 0.65859375 0.2296875 0.0640625 0.059375
1 0.57265625 0.209375 0.0640625 0.059375
1 0.61953125 0.2109375 0.0609375 0.059375
1 0.67890625 0.25 0.0640625 0.059375
1 0.66796875 0.265625 0.0640625 0.059375
1 0.60546875 0.25859375 0.0640625 0.0609375
1 0.58828125 0.2703125 0.0640625 0.059375
1 0.6140625 0.2421875 0.065625 0.059375
1 0.40234375 0.1171875 0.0640625 0.059375
1 0.58828125 0.3 0.0640625 0.059375
1 0.54375 0.14296875 0.0625 0.0609375
1 0.53828125 0.275 0.0640625 0.059375
1 0.61015625 0.2890625 0.0640625 0.059375
1 0.62890625 0.2875 0.0640625 0.059375
1 0.66171875 0.275 0.0640625 0.059375
1 0.64765625 0.26875 0.0640625 0.059375
1 0.68046875 0.3 0.0671875 0.0625
1 0.57890625 0.328125 0.0640625 0.059375
1 0.63203125 0.3265625 0.0640625 0.059375
1 0.61328125 0.3234375 0.0640625 0.059375
1 0.62421875 0.365625 0.0640625 0.059375
1 0.59453125 0.3609375 0.0640625 0.059375
1 0.69296875 0.3390625 0.0640625 0.059375
1 0.68359375 0.325 0.0640625 0.059375
1 0.70078125 0.3796875 0.0640625 0.059375
1 0.646875 0.3625 0.0625 0.059375
1 0.68671875 0.4 0.0640625 0.059375
1 0.72421875 0.4921875 0.0640625 0.059375
1 0.72890625 0.5265625 0.0640625 0.059375
1 0.83046875 0.703125 0.0640625 0.059375
1 0.83515625 0.775 0.0640625 0.059375
1 0.77109375 0.8625 0.0640625 0.059375
1 0.47890625 0.8046875 0.0640625 0.059375
1 0.29609375 0.83125 0.0640625 0.059375
1 0.16640625 0.784375 0.0640625 0.059375
1 0.45390625 0.4828125 0.0640625 0.059375
1 0.421875 0.5921875 0.0625 0.059375
1 0.48046875 0.5984375 0.0640625 0.059375
0 0.47578125 0.61875 0.0640625 0.059375
1 0.49921875 0.5890625 0.0640625 0.059375
1 0.44765625 0.6265625 0.0640625 0.059375
1 0.37421875 0.6859375 0.0640625 0.059375
1 0.33671875 0.44375 0.0640625 0.059375
1 0.35078125 0.465625 0.0640625 0.059375
1 0.33203125 0.490625 0.0640625 0.059375
1 0.30390625 0.46875 0.0640625 0.059375
1 0.30703125 0.46875 0.0640625 0.05625
1 0.25546875 0.5859375 0.0640625 0.059375
1 0.28046875 0.4890625 0.0640625 0.059375
1 0.37890625 0.45 0.0640625 0.059375
1 0.37890625 0.4890625 0.0640625 0.059375
1 0.36796875 0.459375 0.0640625 0.059375
1 0.30703125 0.4296875 0.0640625 0.059375
1 0.27734375 0.440625 0.0640625 0.059375
1 0.26484375 0.446875 0.0640625 0.059375
1 0.20546875 0.3484375 0.0640625 0.059375
1 0.24140625 0.3796875 0.0640625 0.059375
1 0.24296875 0.425 0.0640625 0.059375
1 0.13515625 0.4546875 0.0640625 0.059375
1 0.11484375 0.46875 0.0640625 0.059375
1 0.13671875 0.4859375 0.0640625 0.059375
1 0.08359375 0.3828125 0.0640625 0.059375
1 0.10234375 0.49375 0.0640625 0.059375
1 0.1078125 0.51015625 0.059375 0.0546875
1 0.11484375 0.6 0.0640625 0.059375
1 0.10546875 0.565625 0.0640625 0.059375
1 0.08671875 0.55390625 0.0640625 0.0578125
1 0.05390625 0.4859375 0.0640625 0.059375
1 0.18046875 0.3109375 0.0640625 0.059375
1 0.12578125 0.309375 0.0640625 0.059375
1 0.15546875 0.29921875 0.0640625 0.0578125
1 0.1375 0.2921875 0.0625 0.059375
1 0.08515625 0.3046875 0.0640625 0.059375
1 0.08515625 0.284375 0.0640625 0.059375
1 0.08671875 0.3296875 0.0640625 0.059375
1 0.11640625 0.3765625 0.0640625 0.059375
1 0.03984375 0.31875 0.0671875 0.0625
1 0.07734375 0.3046875 0.0640625 0.059375
1 0.03828125 0.2734375 0.0640625 0.059375
1 0.0234375 0.309375 0.046875 0.059375
1 0.0109375 0.353125 0.021875 0.059375
1 0.12109375 0.359375 0.0640625 0.059375
1 0.10859375 0.2390625 0.0640625 0.059375
1 0.08828125 0.171875 0.0640625 0.059375
1 0.01171875 0.253125 0.0234375 0.059375
1 0.009375 0.20234375 0.01875 0.0546875
1 0.00390625 0.375 0.0078125 0.059375
1 0.0140625 0.165625 0.028125 0.059375
1 0.08828125 0.01953125 0.0640625 0.0390625
1 0.12265625 0.0265625 0.0640625 0.053125
1 0.03984375 0.2171875 0.0640625 0.059375
1 0.05546875 0.2 0.0640625 0.059375
1 0.05234375 0.284375 0.0640625 0.059375
1 0.02890625 0.19921875 0.0578125 0.0578125
1 0.07421875 0.21953125 0.0609375 0.0515625
1 0.06796875 0.24375 0.0640625 0.059375
1 0.04609375 0.175 0.0640625 0.059375
1 0.10234375 0.2015625 0.0640625 0.059375
1 0.1328125 0.2265625 0.059375 0.05625
1 0.20546875 0.2046875 0.0640625 0.059375
1 0.0515625 0.16328125 0.065625 0.0609375
1 0.15703125 0.1703125 0.0578125 0.053125
1 0.1921875 0.2171875 0.0625 0.059375
1 0.20234375 0.159375 0.0640625 0.059375
1 0.22734375 0.159375 0.0640625 0.059375
1 0.25234375 0.1578125 0.0640625 0.059375
1 0.28984375 0.1328125 0.0640625 0.059375
1 0.26796875 0.04375 0.0640625 0.059375
1 0.20546875 0.15234375 0.0640625 0.0578125
1 0.18671875 0.109375 0.0640625 0.059375
1 0.17734375 0.11875 0.0640625 0.059375
1 0.18203125 0.1515625 0.0640625 0.059375
1 0.15234375 0.13125 0.0640625 0.059375
1 0.14140625 0.1125 0.0640625 0.059375
1 0.13671875 0.146875 0.0640625 0.059375
1 0.10234375 0.13125 0.0640625 0.059375
1 0.24609375 0.0625 0.0640625 0.059375
1 0.09453125 0.0375 0.0640625 0.059375
1 0.22265625 0.0921875 0.0640625 0.059375
1 0.02578125 0.40078125 0.0515625 0.0578125
1 0.01015625 0.4453125 0.0203125 0.059375
0 0.29609375 0.75625 0.0640625 0.059375
1 0.25234375 0.509375 0.0640625 0.059375
1 0.25390625 0.5421875 0.0640625 0.059375
1 0.23046875 0.5109375 0.0640625 0.059375
1 0.21015625 0.634375 0.0640625 0.059375
1 0.25234375 0.56875 0.0640625 0.059375
1 0.64453125 0.68125 0.0640625 0.059375
1 0.59453125 0.853125 0.0640625 0.059375
1 0.0203125 0.1328125 0.040625 0.059375
1 0.11953125 0.0828125 0.0640625 0.059375
1 0.07109375 0.0359375 0.0640625 0.059375
1 0.05625 0.103125 0.0625 0.059375
1 0.09609375 0.0234375 0.0578125 0.046875
1 0.19609375 0.13125 0.0640625 0.059375
1 0.87890625 0.95 0.0640625 0.059375
1 0.20859375 0.0765625 0.0640625 0.059375
1 0.19609375 0.059375 0.0640625 0.059375
1 0.38046875 0.2046875 0.0640625 0.059375
1 0.32578125 0.184375 0.0640625 0.059375
1 0.30390625 0.1515625 0.0640625 0.059375
1 0.46484375 0.196875 0.0640625 0.059375
1 0.49921875 0.13125 0.0640625 0.059375
1 0.42421875 0.0203125 0.0640625 0.040625
1 0.36640625 0.0125 0.0640625 0.025
1 0.42109375 0.0515625 0.0640625 0.059375
1 0.63984375 0.18125 0.0640625 0.059375
1 0.70078125 0.30625 0.0640625 0.059375
1 0.79453125 0.3078125 0.0640625 0.059375
1 0.73515625 0.325 0.0640625 0.059375
1 0.77265625 0.3140625 0.0640625 0.059375
1 0.72890625 0.3765625 0.0640625 0.059375
1 0.74296875 0.39375 0.0640625 0.059375
1 0.71171875 0.440625 0.0640625 0.059375
1 0.7390625 0.4296875 0.0625 0.059375
1 0.77890625 0.4359375 0.0640625 0.059375
1 0.80859375 0.4671875 0.0640625 0.059375
1 0.88515625 0.4859375 0.0640625 0.059375
1 0.70703125 0.4578125 0.0640625 0.059375
1 0.85078125 0.496875 0.0640625 0.059375
1 0.88671875 0.5640625 0.0640625 0.059375
1 0.87109375 0.6265625 0.0640625 0.059375
1 0.87109375 0.6609375 0.0640625 0.059375
1 0.86171875 0.65 0.0640625 0.059375
1 0.85546875 0.6875 0.0640625 0.059375
1 0.76015625 0.703125 0.0640625 0.059375
1 0.88046875 0.7296875 0.0640625 0.059375
1 0.78359375 0.728125 0.0640625 0.059375
1 0.85078125 0.715625 0.0640625 0.059375
1 0.8546875 0.740625 0.0625 0.059375
1 0.75390625 0.7234375 0.0640625 0.059375
1 0.7234375 0.634375 0.0625 0.059375
1 0.74296875 0.8 0.0640625 0.059375
1 0.79765625 0.853125 0.0640625 0.059375
1 0.84765625 0.85 0.0640625 0.059375
1 0.75859375 0.9609375 0.0640625 0.059375
1 0.15703125 0.8125 0.0640625 0.059375
1 0.009375 0.4859375 0.01875 0.059375
1 0.01953125 0.5046875 0.0390625 0.059375
1 0.04609375 0.365625 0.0640625 0.059375
1 0.10859375 0.325 0.0640625 0.059375
1 0.03359375 0.521875 0.0640625 0.059375
1 0.06796875 0.528125 0.0640625 0.059375
1 0.23359375 0.5453125 0.0640625 0.059375
0 0.26328125 0.6125 0.0640625 0.059375
1 0.15546875 0.3390625 0.0640625 0.059375
1 0.05703125 0.0421875 0.0640625 0.059375
1 0.11328125 0.0421875 0.0640625 0.059375
1 0.0875 0.06640625 0.0625 0.0578125
1 0.28359375 0.084375 0.0640625 0.059375
1 0.32109375 0.0640625 0.0640625 0.059375
1 0.23984375 0.05 0.0640625 0.059375
1 0.46953125 0.4734375 0.0640625 0.059375
1 0.44453125 0.55 0.0640625 0.059375
1 0.46484375 0.5953125 0.0640625 0.059375
2 0.23828125 0.4703125 0.0640625 0.059375
1 0.14453125 0.0875 0.0640625 0.059375
1 0.36015625 0.16875 0.0640625 0.059375
1 0.34609375 0.128125 0.0640625 0.059375
1 0.41171875 0.1390625 0.0640625 0.059375
1 0.47734375 0.11875 0.0640625 0.059375
0 0.46796875 0.653125 0.0640625 0.059375
1 0.62421875 0.49296875 0.0609375 0.0578125
1 0.56796875 0.5390625 0.0640625 0.059375
1 0.62578125 0.5421875 0.0640625 0.059375
1 0.58671875 0.7984375 0.0640625 0.059375
1 0.87734375 0.9015625 0.0640625 0.059375
0 0.73515625 0.909375 0.0640625 0.059375
1 0.80546875 0.7765625 0.0640625 0.059375
1 0.09765625 0.159375 0.0640625 0.059375
1 0.17578125 0.453125 0.0640625 0.059375
1 0.30859375 0.1109375 0.0640625 0.059375
1 0.13828125 0.1859375 0.0640625 0.059375
1 0.028125 0.3890625 0.05625 0.059375
1 0.20859375 0.415625 0.0640625 0.059375
1 0.58359375 0.5171875 0.0640625 0.059375
1 0.44140625 0.834375 0.0640625 0.059375
1 0.48515625 0.25625 0.0640625 0.059375
1 0.46796875 0.06875 0.0640625 0.059375
0 0.55546875 0.9609375 0.0640625 0.059375
1 0.72109375 0.98046875 0.0640625 0.0390625
1 0.88046875 0.9796875 0.0640625 0.040625
1 0.7484375 0.45078125 0.0625 0.0609375
1 0.63984375 0.51953125 0.0609375 0.0578125
1 0.65078125 0.46953125 0.0609375 0.0578125
1 0.63203125 0.2328125 0.0640625 0.059375
1 0.64921875 0.2046875 0.0640625 0.059375
1 0.58359375 0.15 0.0640625 0.059375
1 0.62265625 0.14375 0.0640625 0.059375
1 0.81953125 0.48125 0.0640625 0.059375
1 0.80234375 0.503125 0.0640625 0.059375
1 0.85078125 0.534375 0.0640625 0.059375
1 0.81640625 0.5515625 0.0640625 0.059375
1 0.88046875 0.790625 0.0640625 0.059375
1 0.82421875 0.7890625 0.0640625 0.059375
1 0.82265625 0.9265625 0.0640625 0.059375
1 0.90078125 0.809375 0.0640625 0.059375
1 0.38359375 0.1765625 0.0640625 0.059375
1 0.45703125 0.1765625 0.0640625 0.059375
1 0.41796875 0.128125 0.0640625 0.059375
1 0.50234375 0.875 0.0640625 0.059375
1 0.26484375 0.85 0.0640625 0.059375
1 0.11328125 0.44375 0.0640625 0.059375
1 0.2875 0.0234375 0.0625 0.046875
1 0.39296875 0.0296875 0.0640625 0.059375
1 0.31171875 0.0296875 0.0640625 0.059375
1 0.20234375 0.4515625 0.0640625 0.059375
0 0.63828125 0.984375 0.0640625 0.03125
1 0.58984375 0.9875 0.0640625 0.025
1 0.76796875 0.3484375 0.0640625 0.059375
1 0.84453125 0.9703125 0.0640625 0.059375
0 0.28671875 0.63125 0.0609375 0.05625
1 0.55234375 0.97890625 0.0640625 0.0421875
1 0.0328125 0.153125 0.0625 0.059375
0 0.05078125 0.9453125 0.0640625 0.059375
1 0.028125 0.02578125 0.053125 0.0484375
1 0.13203125 0.5140625 0.0640625 0.059375
1 0.48046875 0.059375 0.0640625 0.059375
0 0.50078125 0.990625 0.0578125 0.01875
0 0.52421875 0.5296875 0.0640625 0.059375
1 0.81796875 0.4234375 0.0640625 0.059375
1 0.76640625 0.3625 0.0640625 0.059375
1 0.40234375 0.0421875 0.0640625 0.059375
1 0.490625 0.0828125 0.065625 0.059375
1 0.8453125 0.9484375 0.0625 0.059375
1 0.80234375 0.8984375 0.0640625 0.059375
1 0.81484375 0.8875 0.0640625 0.059375
1 0.90703125 0.825 0.0640625 0.059375
1 0.81171875 0.7515625 0.0640625 0.059375
1 0.91953125 0.70625 0.0640625 0.059375
1 0.79453125 0.5375 0.0640625 0.059375
1 0.89921875 0.7109375 0.0640625 0.059375
1 0.86171875 0.7109375 0.0640625 0.059375
1 0.87578125 0.690625 0.0640625 0.059375
1 0.88984375 0.678125 0.0640625 0.059375
1 0.9765625 0.746875 0.046875 0.059375
1 0.83203125 0.59375 0.0640625 0.059375
1 0.86640625 0.60625 0.0640625 0.059375
1 0.81015625 0.328125 0.0640625 0.059375
1 0.69765625 0.2671875 0.0640625 0.059375
1 0.74453125 0.3 0.0640625 0.059375
1 0.63984375 0.1453125 0.0640625 0.059375
1 0.71328125 0.2421875 0.0640625 0.059375
1 0.75078125 0.2765625 0.0640625 0.059375
1 0.63359375 0.240625 0.0640625 0.059375
1 0.67265625 0.2 0.0640625 0.059375
1 0.55234375 0.1875 0.0640625 0.059375
1 0.38828125 0.015625 0.0640625 0.03125
0 0.66484375 0.6046875 0.0640625 0.059375
1 0.16171875 0.4921875 0.0640625 0.059375
1 0.4890625 0.03046875 0.053125 0.0484375
1 0.4234375 0.06484375 0.053125 0.0484375
0 0.03671875 0.56015625 0.0453125 0.0421875
1 0.67890625 0.2234375 0.0640625 0.059375
1 0.88359375 0.65 0.0640625 0.059375
1 0.0640625 0.021875 0.05625 0.04375
1 0.23203125 0.9671875 0.0640625 0.059375
0 0.67265625 0.1640625 0.0640625 0.059375
0 0.81484375 0.271875 0.0640625 0.059375
0 0.73203125 0.25625 0.0640625 0.059375
0 0.75703125 0.25625 0.0640625 0.059375
0 0.73203125 0.1671875 0.0640625 0.059375
1 0.63671875 0.1234375 0.0640625 0.059375
0 0.70546875 0.1546875 0.0640625 0.059375
1 0.42109375 0.103125 0.0546875 0.053125
1 0.53515625 0.0875 0.0546875 0.053125
0 0.61640625 0.06875 0.0546875 0.053125
0 0.55078125 0.059375 0.0546875 0.053125
0 0.58203125 0.0546875 0.0546875 0.053125
1 0.52421875 0.0671875 0.0546875 0.053125
1 0.81953125 0.3015625 0.0640625 0.059375
0 0.81171875 0.409375 0.0640625 0.059375
0 0.78515625 0.2609375 0.0640625 0.059375
1 0.86640625 0.5859375 0.0640625 0.059375
1 0.91640625 0.6515625 0.0640625 0.059375
1 0.91328125 0.6828125 0.0640625 0.059375
1 0.9 0.5890625 0.05 0.046875
1 0.58359375 0.096875 0.0546875 0.053125
0 0.57421875 0.0703125 0.0546875 0.053125
0 0.89453125 0.6140625 0.0640625 0.059375
0 0.87421875 0.553125 0.0640625 0.059375
0 0.94765625 0.696875 0.0640625 0.059375
0 0.91328125 0.615625 0.0640625 0.059375
0 0.90234375 0.60625 0.0640625 0.059375
0 0.83671875 0.3140625 0.0640625 0.059375
0 0.86015625 0.2921875 0.0640625 0.059375
0 0.57265625 0.05 0.0546875 0.053125