1 0.97890625 0.590625 0.0421875 0.059375
1 0.74453125 0.3953125 0.0640625 0.059375
1 0.69921875 0.55 0.0640625 0.059375
1 0.96328125 0.609375 0.0640625 0.059375
1 0.9140625 0.23984375 0.0625 0.0609375
1 0.9765625 0.434375 0.046875 0.059375
1 0.98828125 0.2703125 0.0234375 0.059375
1 0.97578125 0.46875 0.0484375 0.059375
1 0.82578125 0.390625 0.0640625 0.059375
1 0.55078125 0.290625 0.0640625 0.059375
1 0.63046875 0.33125 0.0640625 0.059375
1 0.89765625 0.271875 0.0640625 0.059375
1 0.85234375 0.2625 0.0640625 0.059375
1 0.86953125 0.2328125 0.0640625 0.059375
1 0.76640625 0.4671875 0.0640625 0.059375
1 0.71484375 0.5171875 0.0640625 0.059375
1 0.66328125 0.590625 0.0640625 0.059375
1 0.65546875 0.54375 0.0640625 0.059375
1 0.59921875 0.5171875 0.0640625 0.059375
1 0.56484375 0.5015625 0.0640625 0.059375
1 0.58359375 0.4625 0.0640625 0.059375
1 0.69921875 0.4359375 0.0640625 0.059375
1 0.96015625 0.3375 0.0640625 0.059375
1 0.64140625 0.3578125 0.0640625 0.059375
1 0.99140625 0.46875 0.0171875 0.059375
1 0.97578125 0.3828125 0.0484375 0.059375
1 0.98515625 0.49375 0.0296875 0.059375
1 0.9890625 0.51015625 0.021875 0.0546875
1 0.99140625 0.6 0.0171875 0.059375
1 0.98671875 0.565625 0.0265625 0.059375
1 0.97734375 0.55390625 0.0453125 0.0578125
1 0.95390625 0.4859375 0.0640625 0.059375
1 0.72578125 0.275 0.0640625 0.059375
1 0.9765625 0.3046875 0.046875 0.059375
1 0.9765625 0.284375 0.046875 0.059375
1 0.97734375 0.3296875 0.0453125 0.059375
1 0.9921875 0.3765625 0.015625 0.059375
1 0.93984375 0.31875 0.0671875 0.0625
1 0.97265625 0.3046875 0.0546875 0.059375
1 0.93828125 0.2734375 0.0640625 0.059375
1 0.91484375 0.309375 0.0640625 0.059375
1 0.88984375 0.353125 0.0640625 0.059375
0 0.62578125 0.4140625 0.0640625 0.059375
1 0.99453125 0.359375 0.0109375 0.059375
1 0.82109375 0.353125 0.0640625 0.059375
1 0.79921875 0.3828125 0.0640625 0.059375
1 0.77265625 0.34375 0.0640625 0.059375
1 0.86953125 0.178125 0.0640625 0.059375
1 0.80390625 0.275 0.0640625 0.059375
1 0.79609375 0.171875 0.0640625 0.059375
1 0.98828125 0.2390625 0.0234375 0.059375
1 0.978125 0.171875 0.04375 0.059375
1 0.89140625 0.253125 0.0640625 0.059375
1 0.8890625 0.20234375 0.059375 0.0546875
1 0.84921875 0.2 0.0640625 0.059375
1 0.87578125 0.375 0.0640625 0.059375
1 0.89609375 0.165625 0.0640625 0.059375
1 0.978125 0.01953125 0.04375 0.0390625
1 0.9953125 0.0265625 0.009375 0.053125
1 0.93984375 0.2171875 0.0640625 0.059375
1 0.95546875 0.2 0.0640625 0.059375
1 0.95234375 0.284375 0.0640625 0.059375
1 0.9265625 0.19921875 0.0625 0.0578125
1 0.971875 0.21953125 0.05625 0.0515625
1 0.96796875 0.24375 0.0640625 0.059375
1 0.94609375 0.175 0.0640625 0.059375
1 0.98515625 0.2015625 0.0296875 0.059375
1 0.9515625 0.16328125 0.065625 0.0609375
1 0.8375 0.1078125 0.0625 0.059375
1 0.98515625 0.13125 0.0296875 0.059375
1 0.98125 0.0375 0.0375 0.059375
1 0.45859375 0.9671875 0.0640625 0.059375
1 0.91640625 0.40078125 0.0703125 0.0578125
1 0.59609375 0.9484375 0.0640625 0.059375
1 0.52265625 0.99296875 0.0640625 0.0140625
1 0.48125 0.4453125 0.0625 0.065625
1 0.88828125 0.4453125 0.0640625 0.059375
1 0.83828125 0.4265625 0.0640625 0.059375
1 0.59296875 0.4109375 0.0640625 0.059375
1 0.53984375 0.4234375 0.0640625 0.059375
1 0.44765625 0.478125 0.0640625 0.059375
1 0.41953125 0.671875 0.0640625 0.059375
1 0.72578125 0.9890625 0.0640625 0.021875
1 0.75546875 0.9203125 0.0640625 0.059375
1 0.78515625 0.6390625 0.0640625 0.059375
1 0.56328125 0.5890625 0.0640625 0.059375
1 0.58046875 0.565625 0.0640625 0.059375
1 0.60703125 0.4890625 0.0640625 0.059375
1 0.58359375 0.384375 0.0640625 0.059375
1 0.58671875 0.340625 0.0640625 0.059375
1 0.56015625 0.315625 0.0640625 0.059375
1 0.70390625 0.3265625 0.0640625 0.059375
1 0.70390625 0.346875 0.0640625 0.059375
1 0.75859375 0.38125 0.0640625 0.059375
1 0.87109375 0.3265625 0.0640625 0.059375
1 0.77265625 0.178125 0.0640625 0.059375
1 0.70390625 0.159375 0.0640625 0.059375
1 0.68671875 0.2453125 0.0640625 0.059375
1 0.64140625 0.2578125 0.0640625 0.059375
1 0.82578125 0.1484375 0.0640625 0.059375
1 0.90859375 0.1328125 0.0640625 0.059375
1 0.99375 0.0828125 0.0125 0.059375
1 0.96953125 0.0359375 0.0609375 0.059375
1 0.95625 0.103125 0.0625 0.059375
1 0.98359375 0.0234375 0.0328125 0.046875
1 0.46328125 0.471875 0.0640625 0.059375
1 0.56328125 0.5265625 0.0640625 0.059375
1 0.71796875 0.6296875 0.0640625 0.059375
1 0.54921875 0.6375 0.0640625 0.059375
0 0.40234375 0.7578125 0.0640625 0.059375
1 0.59609375 0.9953125 0.0640625 0.009375
1 0.60546875 0.9796875 0.0640625 0.040625
1 0.57890625 0.925 0.0640625 0.059375
1 0.55703125 0.946875 0.0640625 0.059375
1 0.73828125 0.7078125 0.0640625 0.059375
1 0.88671875 0.4859375 0.0640625 0.059375
1 0.90703125 0.5046875 0.0640625 0.059375
1 0.73203125 0.453125 0.0640625 0.059375
1 0.77109375 0.4109375 0.0640625 0.059375
1 0.94609375 0.365625 0.0640625 0.059375
1 0.98828125 0.325 0.0234375 0.059375
1 0.93359375 0.521875 0.0640625 0.059375
1 0.96796875 0.528125 0.0640625 0.059375
1 0.68359375 0.2140625 0.0640625 0.059375
1 0.95703125 0.0421875 0.0640625 0.059375
1 0.990625 0.0421875 0.01875 0.059375
1 0.978125 0.06640625 0.04375 0.0578125
1 0.75078125 0.50625 0.0640625 0.059375
1 0.58203125 0.2375 0.0640625 0.059375
1 0.66796875 0.24375 0.0640625 0.059375
1 0.70703125 0.8890625 0.0640625 0.059375
1 0.48359375 0.97109375 0.0640625 0.0578125
1 0.66796875 0.659375 0.0640625 0.059375
1 0.52265625 0.628125 0.0640625 0.059375
1 0.45703125 0.6171875 0.0640625 0.059375
1 0.41640625 0.521875 0.0640625 0.059375
1 0.46015625 0.56875 0.0640625 0.059375
1 0.63046875 0.5125 0.0640625 0.059375
1 0.67109375 0.496875 0.0640625 0.059375
1 0.49140625 0.4734375 0.0640625 0.059375
1 0.48046875 0.4359375 0.0640625 0.059375
0 0.50859375 0.4375 0.0640625 0.059375
1 0.61640625 0.4609375 0.0640625 0.059375
1 0.60546875 0.440625 0.0640625 0.059375
1 0.80703125 0.1484375 0.0640625 0.059375
1 0.70859375 0.2265625 0.0640625 0.059375
1 0.62734375 0.246875 0.0640625 0.059375
1 0.78515625 0.1859375 0.0640625 0.059375
1 0.60390625 0.27421875 0.0640625 0.0609375
1 0.9828125 0.159375 0.034375 0.059375
1 0.83515625 0.1734375 0.0640625 0.059375
1 0.74921875 0.3140625 0.0640625 0.059375
1 0.92421875 0.3890625 0.0640625 0.059375
1 0.39921875 0.6078125 0.0640625 0.059375
1 0.990625 0.44375 0.01875 0.059375
1 0.8484375 0.1 0.0625 0.059375
1 0.665625 0.309375 0.0625 0.059375
1 0.9328125 0.153125 0.0625 0.059375
1 0.43984375 0.509375 0.0640625 0.059375
1 0.63984375 0.1703125 0.0640625 0.059375
0 0.95078125 0.9453125 0.0640625 0.059375
0 0.64921875 0.815625 0.0640625 0.059375
1 0.928125 0.02578125 0.053125 0.0484375
1 0.8078125 0.10625 0.05625 0.053125
0 0.48984375 0.9078125 0.0640625 0.059375
0 0.43671875 0.9390625 0.0640625 0.059375
1 0.47890625 0.925 0.0640625 0.059375
0 0.54453125 0.9078125 0.0640625 0.059375
1 0.55234375 0.865625 0.0640625 0.059375
0 0.70390625 0.959375 0.0640625 0.059375
1 0.50703125 0.675 0.0640625 0.059375
0 0.55078125 0.196875 0.0640625 0.059375
1 0.6875 0.0859375 0.0625 0.059375
1 0.8453125 0.08828125 0.053125 0.0484375
1 0.80859375 0.08515625 0.0609375 0.0546875
1 0.81640625 0.1296875 0.0640625 0.059375
1 0.8703125 0.06953125 0.053125 0.0484375
0 0.93671875 0.56015625 0.0453125 0.0421875
1 0.9640625 0.021875 0.05625 0.04375
1 0.73359375 0.0625 0.0640625 0.05625
0 0.67890625 0.9390625 0.0640625 0.059375
0 0.63671875 0.971875 0.0640625 0.05625
0 0.55078125 0.7453125 0.0640625 0.059375
0 0.50078125 0.49375 0.0640625 0.059375
0 0.69609375 0.2765625 0.0640625 0.059375
0 0.79140625 0.2078125 0.0640625 0.059375
1 0.85859375 0.1453125 0.0640625 0.059375
1 0.60078125 0.15625 0.0640625 0.059375
0 0.76640625 0.2328125 0.0640625 0.059375
0 0.7953125 0.89296875 0.0625 0.0609375