1 0.08984375 0.2546875 0.0640625 0.059375
2 0.34765625 0.071875 0.0640625 0.059375
1 0.21640625 0.3546875 0.0640625 0.059375
2 0.21796875 0.3921875 0.0640625 0.059375
1 0.20625 0.4125 0.0625 0.059375
1 0.58828125 0.3578125 0.0640625 0.059375
1 0.06328125 0.2734375 0.0640625 0.059375
1 0.12578125 0.221875 0.0640625 0.059375
1 0.15234375 0.190625 0.0640625 0.059375
1 0.29453125 0.2640625 0.0640625 0.059375
1 0.47734375 0.346875 0.0640625 0.059375
1 0.54453125 0.31875 0.0640625 0.059375
1 0.55859375 0.1546875 0.0640625 0.059375
1 0.52890625 0.28671875 0.0578125 0.0546875
1 0.56796875 0.3 0.0640625 0.059375
1 0.56328125 0.3765625 0.0640625 0.059375
1 0.53828125 0.253125 0.0640625 0.059375
1 0.80234375 0.1 0.0640625 0.059375
1 0.51640625 0.1328125 0.0640625 0.059375
1 0.53203125 0.165625 0.0640625 0.059375
0 0.24609375 0.028125 0.0640625 0.05625
1 0.08515625 0.0984375 0.0640625 0.059375
1 0.08359375 0.1328125 0.0640625 0.059375
1 0.69609375 0.4640625 0.0640625 0.059375
1 0.60859375 0.421875 0.0640625 0.059375
1 0.67890625 0.4078125 0.0640625 0.059375
1 0.78203125 0.41875 0.0640625 0.059375
1 0.59140625 0.4109375 0.0640625 0.059375
1 0.59453125 0.3828125 0.0640625 0.059375
1 0.56015625 0.4109375 0.0640625 0.059375
1 0.58828125 0.334375 0.0640625 0.059375
1 0.61796875 0.3484375 0.0640625 0.059375
1 0.64296875 0.3125 0.0640625 0.059375
1 0.75390625 0.3234375 0.0640625 0.059375
1 0.69609375 0.4171875 0.0640625 0.059375
1 0.67734375 0.4359375 0.0640625 0.059375
1 0.29453125 0.159375 0.0640625 0.059375
1 0.70859375 0.4015625 0.0640625 0.059375
1 0.44296875 0.453125 0.0640625 0.059375
1 0.51796875 0.45625 0.0640625 0.059375
1 0.49453125 0.4296875 0.0640625 0.059375
1 0.53515625 0.3984375 0.0640625 0.059375
1 0.2171875 0.5 0.065625 0.059375
1 0.52265625 0.50625 0.0640625 0.059375
1 0.62890625 0.490625 0.0640625 0.059375
1 0.62109375 0.4828125 0.0640625 0.059375
1 0.56484375 0.4984375 0.0640625 0.059375
1 0.64140625 0.5390625 0.0640625 0.059375
1 0.47734375 0.534375 0.0640625 0.059375
0 0.46484375 0.5328125 0.0640625 0.059375
1 0.51953125 0.559375 0.0640625 0.059375
1 0.49921875 0.56875 0.0640625 0.059375
1 0.47421875 0.6015625 0.0640625 0.059375
1 0.45078125 0.578125 0.0640625 0.059375
0 0.41015625 0.5921875 0.0640625 0.059375
1 0.42109375 0.615625 0.0640625 0.059375
1 0.47265625 0.653125 0.0640625 0.059375
1 0.18203125 0.7015625 0.0640625 0.059375
1 0.65390625 0.6 0.0640625 0.059375
0 0.63671875 0.575 0.0609375 0.05625
1 0.67890625 0.5828125 0.0640625 0.059375
1 0.60546875 0.584375 0.0640625 0.059375
1 0.58984375 0.640625 0.0640625 0.059375
0 0.51484375 0.659375 0.0640625 0.059375
1 0.61953125 0.7234375 0.0640625 0.059375
1 0.33984375 0.6609375 0.0640625 0.059375
1 0.36953125 0.659375 0.0640625 0.059375
0 0.50234375 0.65625 0.0640625 0.059375
1 0.51796875 0.7078125 0.0640625 0.059375
0 0.05390625 0.728125 0.0640625 0.059375
1 0.56484375 0.684375 0.0640625 0.059375
1 0.56328125 0.69296875 0.0640625 0.0578125
2 0.57265625 0.7484375 0.0640625 0.059375
1 0.70703125 0.7953125 0.0640625 0.059375
1 0.68828125 0.7765625 0.0609375 0.059375
1 0.67265625 0.7859375 0.0640625 0.059375
1 0.62578125 0.790625 0.0640625 0.059375
1 0.60234375 0.8078125 0.0640625 0.059375
1 0.57734375 0.8328125 0.0640625 0.059375
1 0.55859375 0.85625 0.0640625 0.059375
1 0.53828125 0.8375 0.0640625 0.059375
1 0.90234375 0.6578125 0.0640625 0.059375
1 0.46015625 0.8953125 0.0640625 0.059375
1 0.52578125 0.9703125 0.0640625 0.05
1 0.82265625 0.709375 0.0640625 0.059375
0 0.70546875 0.7265625 0.0640625 0.059375
1 0.71796875 0.7359375 0.0640625 0.059375
1 0.74609375 0.7859375 0.0640625 0.059375
1 0.76015625 0.7640625 0.0640625 0.059375
1 0.8046875 0.725 0.0625 0.059375
1 0.83671875 0.7578125 0.0640625 0.059375
1 0.76953125 0.6640625 0.0640625 0.059375
1 0.66171875 0.6859375 0.0640625 0.059375
1 0.75546875 0.7171875 0.0640625 0.059375
1 0.70390625 0.6796875 0.0640625 0.059375
1 0.64921875 0.65 0.0640625 0.059375
1 0.67109375 0.646875 0.0640625 0.059375
1 0.71484375 0.6359375 0.0640625 0.059375
1 0.73828125 0.678125 0.0640625 0.059375
1 0.69921875 0.603125 0.0640625 0.059375
1 0.72734375 0.4796875 0.0640625 0.059375
1 0.91328125 0.6078125 0.0640625 0.059375
1 0.84765625 0.559375 0.0640625 0.059375
1 0.69609375 0.55234375 0.0671875 0.0609375
1 0.7109375 0.6140625 0.059375 0.059375
1 0.71328125 0.5890625 0.0640625 0.059375
1 0.675 0.6078125 0.059375 0.05625
1 0.65546875 0.4953125 0.0640625 0.059375
1 0.71171875 0.5171875 0.0640625 0.059375
1 0.66640625 0.559375 0.0640625 0.059375
1 0.79609375 0.4921875 0.0640625 0.059375
1 0.73671875 0.5046875 0.0640625 0.059375
1 0.71171875 0.4828125 0.0640625 0.059375
1 0.75234375 0.575 0.0640625 0.059375
1 0.69609375 0.384375 0.0640625 0.059375
1 0.66484375 0.33125 0.0640625 0.059375
1 0.66953125 0.3484375 0.0640625 0.059375
1 0.82421875 0.5140625 0.0640625 0.059375
1 0.79765625 0.3390625 0.0671875 0.0625
1 0.56640625 0.2515625 0.0640625 0.059375
1 0.73046875 0.3875 0.0640625 0.059375
1 0.74765625 0.4234375 0.0640625 0.059375
1 0.71328125 0.4375 0.0640625 0.059375
1 0.83671875 0.2765625 0.0640625 0.059375
1 0.80234375 0.2921875 0.0640625 0.059375
1 0.81640625 0.3078125 0.0640625 0.05625
1 0.81171875 0.284375 0.0640625 0.059375
1 0.78046875 0.2484375 0.0640625 0.059375
1 0.71796875 0.2640625 0.0640625 0.059375
0 0.73203125 0.271875 0.0640625 0.059375
1 0.68671875 0.271875 0.0640625 0.059375
1 0.72265625 0.140625 0.0640625 0.059375
1 0.59765625 0.2890625 0.0640625 0.059375
1 0.59609375 0.26875 0.0640625 0.059375
1 0.59921875 0.24375 0.0640625 0.059375
1 0.55546875 0.275 0.0640625 0.059375
1 0.65859375 0.3109375 0.0640625 0.059375
1 0.68515625 0.2359375 0.0640625 0.059375
1 0.5515625 0.18671875 0.0625 0.0578125
1 0.70546875 0.2171875 0.0640625 0.059375
1 0.82578125 0.12265625 0.0640625 0.0578125
1 0.54765625 0.2046875 0.0640625 0.059375
1 0.58046875 0.2234375 0.0640625 0.059375
1 0.76171875 0.1828125 0.0640625 0.059375
1 0.6703125 0.09140625 0.0625 0.0578125
1 0.72265625 0.175 0.0640625 0.059375
1 0.69609375 0.1828125 0.0640625 0.059375
1 0.74609375 0.1890625 0.0640625 0.059375
1 0.77734375 0.2234375 0.0640625 0.059375
1 0.78671875 0.1296875 0.0640625 0.059375
1 0.69140625 0.0953125 0.0640625 0.059375
1 0.67734375 0.1359375 0.0640625 0.059375
1 0.71015625 0.159375 0.0640625 0.059375
1 0.61484375 0.125 0.0640625 0.059375
1 0.61015625 0.0953125 0.0640625 0.059375
1 0.58515625 0.1375 0.0640625 0.059375
1 0.57578125 0.1046875 0.0640625 0.059375
1 0.65546875 0.05625 0.0640625 0.059375
1 0.63359375 0.05 0.0640625 0.059375
1 0.49765625 0.09375 0.0640625 0.059375
1 0.59296875 0.0890625 0.0640625 0.059375
1 0.57890625 0.0765625 0.0640625 0.059375
1 0.55234375 0.071875 0.0640625 0.059375
1 0.5375 0.10625 0.06875 0.059375
1 0.06015625 0.015625 0.0640625 0.03125
1 0.24453125 0.01875 0.0640625 0.0375
0 0.26640625 0.0203125 0.0640625 0.040625
1 0.4125 0.08125 0.0625 0.059375
1 0.40859375 0.0359375 0.0640625 0.059375
1 0.44921875 0.071875 0.0640625 0.059375
1 0.43984375 0.1203125 0.0640625 0.059375
1 0.33515625 0.328125 0.0640625 0.059375
1 0.49921875 0.1609375 0.0640625 0.059375
1 0.50703125 0.10625 0.0640625 0.059375
1 0.47421875 0.075 0.0640625 0.059375
1 0.45390625 0.1109375 0.0640625 0.059375
1 0.50703125 0.0359375 0.0640625 0.059375
1 0.55546875 0.0921875 0.0640625 0.059375
1 0.58515625 0.0625 0.0640625 0.0625
1 0.58359375 0.0296875 0.0640625 0.059375
1 0.56171875 0.025 0.0640625 0.05
1 0.53046875 0.0078125 0.0640625 0.015625
1 0.53828125 0.021875 0.0640625 0.04375
1 0.51328125 0.021875 0.0640625 0.04375
1 0.47734375 0.00546875 0.0640625 0.0109375
1 0.48203125 0.01484375 0.0640625 0.0296875
1 0.16640625 0.01015625 0.0640625 0.0203125
1 0.76875 0.05859375 0.0625 0.0609375
1 0.57890625 0.0109375 0.0640625 0.021875
1 0.63203125 0.01015625 0.0640625 0.0203125
1 0.61328125 0.00859375 0.0640625 0.0171875
1 0.62421875 0.0296875 0.0640625 0.059375
1 0.59453125 0.02734375 0.0640625 0.0546875
1 0.69296875 0.01640625 0.0640625 0.0328125
1 0.68359375 0.009375 0.0640625 0.01875
1 0.70078125 0.04375 0.0640625 0.059375
1 0.646875 0.028125 0.0625 0.05625
1 0.68671875 0.0640625 0.0640625 0.059375
1 0.72421875 0.15625 0.0640625 0.059375
1 0.72890625 0.190625 0.0640625 0.059375
1 0.83046875 0.3671875 0.0640625 0.059375
1 0.83515625 0.4390625 0.0640625 0.059375
1 0.77109375 0.5265625 0.0640625 0.059375
1 0.70234375 0.85625 0.0640625 0.059375
1 0.64296875 0.86875 0.0640625 0.059375
1 0.60703125 0.9296875 0.0640625 0.059375
1 0.58203125 0.9515625 0.0640625 0.059375
1 0.55390625 0.95625 0.0640625 0.046875
1 0.56328125 0.7890625 0.0640625 0.059375
1 0.478125 0.86875 0.0625 0.059375
1 0.4484375 0.84609375 0.065625 0.0546875
0 0.46015625 0.85 0.0640625 0.059375
1 0.46640625 0.7921875 0.0640625 0.059375
1 0.30859375 0.6921875 0.0640625 0.059375
1 0.28046875 0.715625 0.0640625 0.059375
1 0.47890625 0.46875 0.0640625 0.059375
1 0.29609375 0.4953125 0.0640625 0.059375
1 0.16640625 0.4484375 0.0640625 0.059375
1 0.45390625 0.146875 0.0640625 0.059375
1 0.421875 0.25625 0.0625 0.059375
1 0.48046875 0.2625 0.0640625 0.059375
0 0.47578125 0.2828125 0.0640625 0.059375
1 0.49921875 0.253125 0.0640625 0.059375
1 0.44765625 0.290625 0.0640625 0.059375
1 0.37421875 0.35 0.0640625 0.059375
1 0.33671875 0.1078125 0.0640625 0.059375
1 0.35078125 0.1296875 0.0640625 0.059375
1 0.33203125 0.1546875 0.0640625 0.059375
1 0.30390625 0.1328125 0.0640625 0.059375
1 0.30703125 0.1328125 0.0640625 0.05625
1 0.25546875 0.25 0.0640625 0.059375
1 0.28046875 0.153125 0.0640625 0.059375
1 0.37890625 0.1140625 0.0640625 0.059375
1 0.37890625 0.153125 0.0640625 0.059375
1 0.36796875 0.1234375 0.0640625 0.059375
1 0.30703125 0.09375 0.0640625 0.059375
1 0.27734375 0.1046875 0.0640625 0.059375
1 0.26484375 0.1109375 0.0640625 0.059375
1 0.20546875 0.02109375 0.0640625 0.0421875
1 0.24140625 0.04375 0.0640625 0.059375
1 0.24296875 0.0890625 0.0640625 0.059375
1 0.13515625 0.11875 0.0640625 0.059375
1 0.11484375 0.1328125 0.0640625 0.059375
1 0.13671875 0.15 0.0640625 0.059375
1 0.08359375 0.046875 0.0640625 0.059375
1 0.10234375 0.1578125 0.0640625 0.059375
1 0.1078125 0.17421875 0.059375 0.0546875
1 0.11484375 0.2640625 0.0640625 0.059375
1 0.10546875 0.2296875 0.0640625 0.059375
1 0.08671875 0.21796875 0.0640625 0.0578125
1 0.05390625 0.15 0.0640625 0.059375
1 0.08671875 0.01171875 0.0640625 0.0234375
1 0.11640625 0.040625 0.0640625 0.059375
1 0.03984375 0.00703125 0.0671875 0.0140625
1 0.0109375 0.0234375 0.021875 0.046875
1 0.12109375 0.0265625 0.0640625 0.053125
1 0.00390625 0.0390625 0.0078125 0.059375
1 0.38203125 0.728125 0.0640625 0.059375
0 0.08203125 0.8671875 0.0640625 0.059375
1 0.15390625 0.8078125 0.0640625 0.059375
1 0.30390625 0.825 0.0640625 0.059375
1 0.04140625 0.8140625 0.0640625 0.059375
1 0.02578125 0.06484375 0.0515625 0.0578125
1 0.01015625 0.109375 0.0203125 0.059375
0 0.29609375 0.4203125 0.0640625 0.059375
1 0.14140625 0.728125 0.0640625 0.059375
1 0.01484375 0.8828125 0.0296875 0.059375
0 0.03203125 0.7859375 0.0640625 0.059375
0 0.53515625 0.9625 0.0578125 0.046875
1 0.25234375 0.1734375 0.0640625 0.059375
1 0.25390625 0.20625 0.0640625 0.059375
1 0.23046875 0.175 0.0640625 0.059375
1 0.21015625 0.2984375 0.0640625 0.059375
1 0.25234375 0.2328125 0.0640625 0.059375
1 0.64453125 0.3453125 0.0640625 0.059375
1 0.59453125 0.5171875 0.0640625 0.059375
1 0.87890625 0.6140625 0.0640625 0.059375
1 0.73515625 0.009375 0.0640625 0.01875
1 0.77265625 0.00390625 0.0640625 0.0078125
1 0.72890625 0.040625 0.0640625 0.059375
1 0.74296875 0.0578125 0.0640625 0.059375
1 0.71171875 0.1046875 0.0640625 0.059375
1 0.7390625 0.09375 0.0625 0.059375
1 0.77890625 0.1 0.0640625 0.059375
1 0.80859375 0.13125 0.0640625 0.059375
1 0.88515625 0.15 0.0640625 0.059375
1 0.70703125 0.121875 0.0640625 0.059375
1 0.85078125 0.1609375 0.0640625 0.059375
1 0.88671875 0.228125 0.0640625 0.059375
1 0.87109375 0.290625 0.0640625 0.059375
1 0.87109375 0.325 0.0640625 0.059375
1 0.86171875 0.3140625 0.0640625 0.059375
1 0.85546875 0.3515625 0.0640625 0.059375
1 0.76015625 0.3671875 0.0640625 0.059375
1 0.88046875 0.39375 0.0640625 0.059375
1 0.78359375 0.3921875 0.0640625 0.059375
1 0.85078125 0.3796875 0.0640625 0.059375
1 0.8546875 0.4046875 0.0625 0.059375
1 0.75390625 0.3875 0.0640625 0.059375
1 0.7234375 0.2984375 0.0625 0.059375
1 0.74296875 0.4640625 0.0640625 0.059375
1 0.79765625 0.5171875 0.0640625 0.059375
1 0.84765625 0.5140625 0.0640625 0.059375
1 0.75859375 0.625 0.0640625 0.059375
1 0.15703125 0.4765625 0.0640625 0.059375
1 0.009375 0.15 0.01875 0.059375
1 0.01953125 0.16875 0.0390625 0.059375
1 0.04609375 0.0296875 0.0640625 0.059375
1 0.10859375 0.009375 0.0640625 0.01875
1 0.03359375 0.1859375 0.0640625 0.059375
1 0.06796875 0.1921875 0.0640625 0.059375
1 0.23359375 0.209375 0.0640625 0.059375
0 0.26328125 0.2765625 0.0640625 0.059375
1 0.15546875 0.01640625 0.0640625 0.0328125
1 0.46953125 0.1375 0.0640625 0.059375
1 0.08359375 0.7515625 0.0640625 0.059375
0 0.31640625 0.909375 0.0640625 0.059375
1 0.16640625 0.8546875 0.0640625 0.059375
1 0.37421875 0.828125 0.0640625 0.059375
1 0.45234375 0.9140625 0.0640625 0.059375
1 0.44453125 0.2140625 0.0640625 0.059375
1 0.46484375 0.259375 0.0640625 0.059375
2 0.23828125 0.134375 0.0640625 0.059375
0 0.46796875 0.3171875 0.0640625 0.059375
1 0.62421875 0.15703125 0.0609375 0.0578125
1 0.56796875 0.203125 0.0640625 0.059375
1 0.62578125 0.20625 0.0640625 0.059375
1 0.60546875 0.71875 0.0640625 0.059375
1 0.58671875 0.4625 0.0640625 0.059375
1 0.87734375 0.565625 0.0640625 0.059375
1 0.5734375 0.9828125 0.0625 0.03125
0 0.79921875 0.934375 0.0640625 0.059375
0 0.45546875 0.9484375 0.0640625 0.059375
1 0.63359375 0.978125 0.0640625 0.0375
1 0.80703125 0.8390625 0.0640625 0.059375
1 0.61640625 0.878125 0.0640625 0.059375
1 0.6625 0.96328125 0.0625 0.0515625
1 0.82734375 0.9328125 0.0640625 0.059375
1 0.77578125 0.8765625 0.0640625 0.059375
1 0.78671875 0.778125 0.0640625 0.059375
0 0.73515625 0.5734375 0.0640625 0.059375
1 0.80546875 0.440625 0.0640625 0.059375
1 0.0109375 0.9703125 0.021875 0.059375
1 0.23203125 0.6984375 0.0640625 0.059375
1 0.17578125 0.1171875 0.0640625 0.059375
1 0.028125 0.053125 0.05625 0.059375
1 0.20859375 0.0796875 0.0640625 0.059375
1 0.58359375 0.18125 0.0640625 0.059375
1 0.44140625 0.4984375 0.0640625 0.059375
0 0.55546875 0.625 0.0640625 0.059375
1 0.72109375 0.6546875 0.0640625 0.059375
1 0.88046875 0.653125 0.0640625 0.059375
1 0.7484375 0.11484375 0.0625 0.0609375
1 0.63984375 0.18359375 0.0609375 0.0578125
1 0.65078125 0.13359375 0.0609375 0.0578125
1 0.81953125 0.1453125 0.0640625 0.059375
1 0.80234375 0.1671875 0.0640625 0.059375
1 0.85078125 0.1984375 0.0640625 0.059375
1 0.81640625 0.215625 0.0640625 0.059375
1 0.88046875 0.4546875 0.0640625 0.059375
1 0.82421875 0.453125 0.0640625 0.059375
1 0.82265625 0.590625 0.0640625 0.059375
1 0.90078125 0.4734375 0.0640625 0.059375
1 0.50234375 0.5390625 0.0640625 0.059375
1 0.26484375 0.5140625 0.0640625 0.059375
1 0.11328125 0.1078125 0.0640625 0.059375
1 0.20234375 0.115625 0.0640625 0.059375
0 0.48828125 0.7796875 0.0640625 0.059375
1 0.48671875 0.8171875 0.0640625 0.059375
1 0.67421875 0.825 0.0640625 0.059375
1 0.65390625 0.8296875 0.0640625 0.059375
0 0.63828125 0.6625 0.0640625 0.059375
1 0.58984375 0.66875 0.0640625 0.059375
1 0.76796875 0.02109375 0.0640625 0.0421875
1 0.84453125 0.634375 0.0640625 0.059375
1 0.73671875 0.746875 0.0640625 0.059375
1 0.88671875 0.8171875 0.0640625 0.059375
0 0.28671875 0.2953125 0.0609375 0.05625
1 0.55234375 0.6515625 0.0640625 0.059375
0 0.05078125 0.609375 0.0640625 0.059375
1 0.13203125 0.178125 0.0640625 0.059375
0 0.50078125 0.671875 0.0578125 0.053125
0 0.52421875 0.19375 0.0640625 0.059375
1 0.81796875 0.0875 0.0640625 0.059375
1 0.76640625 0.028125 0.0640625 0.05625
1 0.72421875 0.96796875 0.0640625 0.0578125
1 0.79765625 0.875 0.0640625 0.059375
1 0.74296875 0.83125 0.0640625 0.059375
1 0.8453125 0.6125 0.0625 0.059375
1 0.80234375 0.5625 0.0640625 0.059375
1 0.81484375 0.5515625 0.0640625 0.059375
1 0.90703125 0.4890625 0.0640625 0.059375
1 0.81171875 0.415625 0.0640625 0.059375
1 0.91953125 0.3703125 0.0640625 0.059375
1 0.79453125 0.2015625 0.0640625 0.059375
1 0.89921875 0.375 0.0640625 0.059375
1 0.86171875 0.375 0.0640625 0.059375
1 0.87578125 0.3546875 0.0640625 0.059375
1 0.88984375 0.3421875 0.0640625 0.059375
1 0.9765625 0.4109375 0.046875 0.059375
1 0.83203125 0.2578125 0.0640625 0.059375
1 0.86640625 0.2703125 0.0640625 0.059375
1 0.81015625 0.0109375 0.0640625 0.021875
0 0.66484375 0.26875 0.0640625 0.059375
1 0.79921875 0.825 0.0640625 0.059375
1 0.16171875 0.15625 0.0640625 0.059375
0 0.03671875 0.22421875 0.0453125 0.0421875
1 0.88359375 0.3140625 0.0640625 0.059375
1 0.23203125 0.63125 0.0640625 0.059375
0 0.19765625 0.8421875 0.0640625 0.059375
1 0.19609375 0.8671875 0.0640625 0.059375
0 0.81171875 0.0734375 0.0640625 0.059375
1 0.86640625 0.25 0.0640625 0.059375
1 0.91640625 0.315625 0.0640625 0.059375
1 0.91328125 0.346875 0.0640625 0.059375
0 0.69140625 0.721875 0.0640625 0.059375
1 0.93671875 0.778125 0.0640625 0.059375
1 0.9 0.253125 0.05 0.046875
1 0.30078125 0.95703125 0.0578125 0.0546875
1 0.67421875 0.9875 0.0640625 0.021875
0 0.89453125 0.278125 0.0640625 0.059375
0 0.87421875 0.2171875 0.0640625 0.059375
0 0.94765625 0.3609375 0.0640625 0.059375
0 0.91328125 0.2796875 0.0640625 0.059375
0 0.90234375 0.2703125 0.0640625 0.059375
0 0.52890625 0.934375 0.0640625 0.059375
0 0.83671875 0.00390625 0.0640625 0.0078125