1 0.97890625 0.2546875 0.0421875 0.059375
1 0.74453125 0.059375 0.0640625 0.059375
1 0.69921875 0.2140625 0.0640625 0.059375
1 0.96328125 0.2734375 0.0640625 0.059375
1 0.9765625 0.0984375 0.046875 0.059375
1 0.97578125 0.1328125 0.0484375 0.059375
1 0.82578125 0.0546875 0.0640625 0.059375
1 0.63046875 0.0125 0.0640625 0.025
1 0.76640625 0.13125 0.0640625 0.059375
1 0.71484375 0.18125 0.0640625 0.059375
1 0.66328125 0.2546875 0.0640625 0.059375
1 0.65546875 0.2078125 0.0640625 0.059375
1 0.59921875 0.18125 0.0640625 0.059375
1 0.56484375 0.165625 0.0640625 0.059375
1 0.58359375 0.1265625 0.0640625 0.059375
1 0.69921875 0.1 0.0640625 0.059375
0 0.95390625 0.728125 0.0640625 0.059375
1 0.96015625 0.015625 0.0640625 0.03125
1 0.64140625 0.02578125 0.0640625 0.0515625
1 0.99140625 0.1328125 0.0171875 0.059375
1 0.97578125 0.046875 0.0484375 0.059375
1 0.98515625 0.1578125 0.0296875 0.059375
1 0.9890625 0.17421875 0.021875 0.0546875
1 0.99140625 0.2640625 0.0171875 0.059375
1 0.98671875 0.2296875 0.0265625 0.059375
1 0.97734375 0.21796875 0.0453125 0.0578125
1 0.95390625 0.15 0.0640625 0.059375
1 0.97734375 0.01171875 0.0453125 0.0234375
1 0.9921875 0.040625 0.015625 0.059375
1 0.93984375 0.00703125 0.0671875 0.0140625
1 0.88984375 0.0234375 0.0640625 0.046875
0 0.62578125 0.078125 0.0640625 0.059375
1 0.99453125 0.0265625 0.0109375 0.053125
1 0.82109375 0.0234375 0.0640625 0.046875
1 0.79921875 0.046875 0.0640625 0.059375
1 0.77265625 0.01875 0.0640625 0.0375
1 0.87578125 0.0390625 0.0640625 0.059375
1 0.63671875 0.71875 0.0640625 0.059375
0 0.975 0.8671875 0.05 0.059375
1 0.94140625 0.8140625 0.0640625 0.059375
1 0.865625 0.8671875 0.059375 0.053125
1 0.83046875 0.7859375 0.0640625 0.059375
1 0.77109375 0.8140625 0.0640625 0.059375
1 0.85546875 0.746875 0.0640625 0.059375
1 0.80546875 0.725 0.0640625 0.059375
1 0.77265625 0.746875 0.0640625 0.059375
1 0.68515625 0.759375 0.0640625 0.059375
1 0.65234375 0.765625 0.0640625 0.059375
1 0.59765625 0.790625 0.0640625 0.059375
1 0.86484375 0.7140625 0.0640625 0.059375
1 0.45859375 0.63125 0.0640625 0.059375
1 0.91640625 0.06484375 0.0703125 0.0578125
1 0.59609375 0.6125 0.0640625 0.059375
1 0.52265625 0.6796875 0.0640625 0.059375
1 0.48125 0.109375 0.0625 0.065625
1 0.88828125 0.109375 0.0640625 0.059375
1 0.83828125 0.090625 0.0640625 0.059375
1 0.59296875 0.075 0.0640625 0.059375
1 0.53984375 0.0875 0.0640625 0.059375
1 0.44765625 0.1421875 0.0640625 0.059375
1 0.73203125 0.75625 0.0640625 0.059375
1 0.48984375 0.7140625 0.0640625 0.059375
1 0.58515625 0.8765625 0.0640625 0.059375
1 0.69765625 0.84140625 0.0578125 0.0546875
1 0.79765625 0.8484375 0.0640625 0.059375
0 0.72421875 0.896875 0.0640625 0.059375
1 0.89765625 0.8828125 0.0640625 0.059375
0 0.93203125 0.7859375 0.0640625 0.059375
1 0.62265625 0.753125 0.0640625 0.059375
1 0.55078125 0.725 0.0640625 0.059375
1 0.41953125 0.3359375 0.0640625 0.059375
1 0.72578125 0.671875 0.0640625 0.059375
1 0.75546875 0.584375 0.0640625 0.059375
1 0.78515625 0.303125 0.0640625 0.059375
1 0.56328125 0.253125 0.0640625 0.059375
1 0.58046875 0.2296875 0.0640625 0.059375
1 0.60703125 0.153125 0.0640625 0.059375
1 0.58359375 0.0484375 0.0640625 0.059375
1 0.58671875 0.0171875 0.0640625 0.034375
1 0.56015625 0.0046875 0.0640625 0.009375
1 0.70390625 0.01015625 0.0640625 0.0203125
1 0.70390625 0.0203125 0.0640625 0.040625
1 0.75859375 0.0453125 0.0640625 0.059375
1 0.87109375 0.01015625 0.0640625 0.0203125
1 0.46328125 0.1359375 0.0640625 0.059375
1 0.56328125 0.190625 0.0640625 0.059375
1 0.71796875 0.29375 0.0640625 0.059375
1 0.54921875 0.3015625 0.0640625 0.059375
0 0.40234375 0.421875 0.0640625 0.059375
1 0.63828125 0.690625 0.0640625 0.059375
1 0.59609375 0.684375 0.0640625 0.059375
1 0.60546875 0.653125 0.0640625 0.059375
1 0.57890625 0.5890625 0.0640625 0.059375
1 0.55703125 0.6109375 0.0640625 0.059375
1 0.68984375 0.8 0.0640625 0.059375
1 0.72265625 0.8328125 0.0640625 0.059375
1 0.75859375 0.7859375 0.0640625 0.059375
0 0.51640625 0.796875 0.0640625 0.059375
1 0.73828125 0.371875 0.0640625 0.059375
1 0.88671875 0.15 0.0640625 0.059375
1 0.90703125 0.16875 0.0640625 0.059375
1 0.73203125 0.1171875 0.0640625 0.059375
1 0.77109375 0.075 0.0640625 0.059375
1 0.94609375 0.0296875 0.0640625 0.059375
1 0.98828125 0.009375 0.0234375 0.01875
1 0.93359375 0.1859375 0.0640625 0.059375
1 0.96796875 0.1921875 0.0640625 0.059375
1 0.75078125 0.1703125 0.0640625 0.059375
1 0.97578125 0.7515625 0.0484375 0.059375
0 0.87109375 0.94375 0.0640625 0.059375
1 0.83203125 0.9515625 0.0640625 0.059375
1 0.66171875 0.915625 0.0640625 0.059375
0 0.67265625 0.97109375 0.0578125 0.0546875
1 0.68046875 0.94453125 0.0578125 0.0546875
1 0.61015625 0.89140625 0.0578125 0.0546875
1 0.70703125 0.553125 0.0640625 0.059375
1 0.48359375 0.6359375 0.0640625 0.059375
1 0.66796875 0.3234375 0.0640625 0.059375
1 0.52265625 0.2921875 0.0640625 0.059375
1 0.45703125 0.28125 0.0640625 0.059375
1 0.41640625 0.1859375 0.0640625 0.059375
1 0.46015625 0.2328125 0.0640625 0.059375
1 0.63046875 0.1765625 0.0640625 0.059375
1 0.67109375 0.1609375 0.0640625 0.059375
1 0.49140625 0.1375 0.0640625 0.059375
1 0.48046875 0.1 0.0640625 0.059375
0 0.50859375 0.1015625 0.0640625 0.059375
1 0.61640625 0.125 0.0640625 0.059375
1 0.60546875 0.1046875 0.0640625 0.059375
1 0.74921875 0.00390625 0.0640625 0.0078125
1 0.86328125 0.825 0.0640625 0.059375
1 0.88984375 0.9703125 0.0640625 0.059375
1 0.92421875 0.053125 0.0640625 0.059375
1 0.39921875 0.271875 0.0640625 0.059375
1 0.990625 0.1078125 0.01875 0.059375
1 0.43984375 0.1734375 0.0640625 0.059375
0 0.76484375 0.7375 0.0640625 0.059375
0 0.95078125 0.609375 0.0640625 0.059375
0 0.64921875 0.4796875 0.0640625 0.059375
0 0.48984375 0.571875 0.0640625 0.059375
0 0.43671875 0.603125 0.0640625 0.059375
1 0.47890625 0.5890625 0.0640625 0.059375
0 0.54453125 0.571875 0.0640625 0.059375
1 0.55234375 0.5296875 0.0640625 0.059375
0 0.70390625 0.6234375 0.0640625 0.059375
1 0.50703125 0.3390625 0.0640625 0.059375
0 0.93671875 0.22421875 0.0453125 0.0421875
0 0.67890625 0.603125 0.0640625 0.059375
0 0.63671875 0.6375 0.0640625 0.059375
0 0.55078125 0.409375 0.0640625 0.059375
0 0.50078125 0.1578125 0.0640625 0.059375
0 0.7953125 0.55703125 0.0625 0.0609375