1 0.11328125 0.69375 0.0640625 0.059375
1 0.0171875 0.6828125 0.034375 0.059375
1 0.06953125 0.6546875 0.0640625 0.059375
1 0.08359375 0.490625 0.0640625 0.059375
1 0.05390625 0.62265625 0.0578125 0.0546875
1 0.09296875 0.6359375 0.0640625 0.059375
1 0.08828125 0.7125 0.0640625 0.059375
1 0.06328125 0.5890625 0.0640625 0.059375
1 0.32734375 0.4359375 0.0640625 0.059375
1 0.04140625 0.46875 0.0640625 0.059375
1 0.05703125 0.5015625 0.0640625 0.059375
1 0.22109375 0.8 0.0640625 0.059375
1 0.13359375 0.7578125 0.0640625 0.059375
1 0.20390625 0.74375 0.0640625 0.059375
1 0.30703125 0.7546875 0.0640625 0.059375
1 0.11640625 0.746875 0.0640625 0.059375
1 0.11953125 0.71875 0.0640625 0.059375
1 0.08515625 0.746875 0.0640625 0.059375
1 0.11328125 0.6703125 0.0640625 0.059375
1 0.14296875 0.684375 0.0640625 0.059375
1 0.16796875 0.6484375 0.0640625 0.059375
1 0.27890625 0.659375 0.0640625 0.059375
1 0.22109375 0.753125 0.0640625 0.059375
1 0.20234375 0.771875 0.0640625 0.059375
1 0.23359375 0.7375 0.0640625 0.059375
1 0.04296875 0.7921875 0.0640625 0.059375
1 0.02578125 0.765625 0.0515625 0.059375
1 0.06015625 0.734375 0.0640625 0.059375
1 0.04765625 0.8421875 0.0640625 0.059375
1 0.15390625 0.8265625 0.0640625 0.059375
1 0.14609375 0.81875 0.0640625 0.059375
1 0.08984375 0.834375 0.0640625 0.059375
1 0.16640625 0.875 0.0640625 0.059375
1 0.0171875 0.8703125 0.034375 0.059375
0 0.0109375 0.86875 0.021875 0.059375
1 0.04453125 0.8953125 0.0640625 0.059375
1 0.028125 0.9046875 0.05625 0.059375
1 0.015625 0.9375 0.03125 0.059375
1 0.00390625 0.9140625 0.0078125 0.059375
1 0.01484375 0.9796875 0.0296875 0.040625
1 0.17890625 0.9359375 0.0640625 0.059375
0 0.16171875 0.9109375 0.0609375 0.05625
1 0.20390625 0.91875 0.0640625 0.059375
1 0.13046875 0.9203125 0.0640625 0.059375
1 0.11484375 0.9734375 0.0640625 0.053125
0 0.03984375 0.9828125 0.0640625 0.034375
0 0.0296875 0.98125 0.059375 0.0375
1 0.08984375 0.9953125 0.0640625 0.009375
1 0.42734375 0.98203125 0.0640625 0.0359375
1 0.29453125 0.98515625 0.0640625 0.0296875
1 0.18671875 0.99609375 0.0640625 0.0078125
1 0.22890625 0.99296875 0.0640625 0.0140625
1 0.17421875 0.978125 0.0640625 0.04375
1 0.19609375 0.9765625 0.0640625 0.046875
1 0.23984375 0.97109375 0.0640625 0.0578125
1 0.26328125 0.9921875 0.0640625 0.015625
1 0.22421875 0.9390625 0.0640625 0.059375
1 0.25234375 0.815625 0.0640625 0.059375
1 0.43828125 0.94375 0.0640625 0.059375
1 0.37265625 0.8953125 0.0640625 0.059375
1 0.22109375 0.88828125 0.0671875 0.0609375
1 0.2359375 0.95 0.059375 0.059375
1 0.23828125 0.925 0.0640625 0.059375
1 0.2 0.94375 0.059375 0.05625
1 0.18046875 0.83125 0.0640625 0.059375
1 0.23671875 0.853125 0.0640625 0.059375
1 0.19140625 0.8953125 0.0640625 0.059375
1 0.32109375 0.828125 0.0640625 0.059375
1 0.26171875 0.840625 0.0640625 0.059375
1 0.23671875 0.81875 0.0640625 0.059375
1 0.27734375 0.9109375 0.0640625 0.059375
1 0.22109375 0.7203125 0.0640625 0.059375
1 0.18984375 0.6671875 0.0640625 0.059375
1 0.19453125 0.684375 0.0640625 0.059375
1 0.34921875 0.85 0.0640625 0.059375
1 0.32265625 0.675 0.0671875 0.0625
1 0.09140625 0.5875 0.0640625 0.059375
1 0.25546875 0.7234375 0.0640625 0.059375
1 0.27265625 0.759375 0.0640625 0.059375
1 0.23828125 0.7734375 0.0640625 0.059375
1 0.36171875 0.6125 0.0640625 0.059375
1 0.32734375 0.628125 0.0640625 0.059375
1 0.34140625 0.64375 0.0640625 0.05625
1 0.33671875 0.6203125 0.0640625 0.059375
1 0.30546875 0.584375 0.0640625 0.059375
1 0.24296875 0.6 0.0640625 0.059375
0 0.25703125 0.6078125 0.0640625 0.059375
1 0.21171875 0.6078125 0.0640625 0.059375
1 0.24765625 0.4765625 0.0640625 0.059375
1 0.12265625 0.625 0.0640625 0.059375
1 0.12109375 0.6046875 0.0640625 0.059375
1 0.12421875 0.5796875 0.0640625 0.059375
1 0.08046875 0.6109375 0.0640625 0.059375
1 0.18359375 0.646875 0.0640625 0.059375
1 0.21015625 0.571875 0.0640625 0.059375
1 0.0765625 0.52265625 0.0625 0.0578125
1 0.23046875 0.553125 0.0640625 0.059375
1 0.35078125 0.45859375 0.0640625 0.0578125
1 0.07265625 0.540625 0.0640625 0.059375
1 0.10546875 0.559375 0.0640625 0.059375
1 0.28671875 0.51875 0.0640625 0.059375
1 0.1953125 0.42734375 0.0625 0.0578125
1 0.24765625 0.5109375 0.0640625 0.059375
1 0.22109375 0.51875 0.0640625 0.059375
1 0.27109375 0.525 0.0640625 0.059375
1 0.30234375 0.559375 0.0640625 0.059375
1 0.31171875 0.465625 0.0640625 0.059375
1 0.21640625 0.43125 0.0640625 0.059375
1 0.20234375 0.471875 0.0640625 0.059375
1 0.23515625 0.4953125 0.0640625 0.059375
1 0.13984375 0.4609375 0.0640625 0.059375
1 0.13515625 0.43125 0.0640625 0.059375
1 0.11015625 0.4734375 0.0640625 0.059375
1 0.10078125 0.440625 0.0640625 0.059375
1 0.18046875 0.3921875 0.0640625 0.059375
1 0.15859375 0.3859375 0.0640625 0.059375
1 0.02734375 0.4296875 0.0546875 0.059375
1 0.11796875 0.425 0.0640625 0.059375
1 0.10390625 0.4125 0.0640625 0.059375
1 0.07734375 0.4078125 0.0640625 0.059375
1 0.0625 0.4421875 0.06875 0.059375
1 0.028125 0.496875 0.05625 0.059375
1 0.03203125 0.4421875 0.0640625 0.059375
1 0.015625 0.4109375 0.03125 0.059375
1 0.00546875 0.446875 0.0109375 0.059375
1 0.03203125 0.371875 0.0640625 0.059375
1 0.08046875 0.428125 0.0640625 0.059375
1 0.11015625 0.3984375 0.0640625 0.0625
1 0.10859375 0.365625 0.0640625 0.059375
1 0.08671875 0.35625 0.0640625 0.059375
1 0.05546875 0.321875 0.0640625 0.059375
1 0.06328125 0.35 0.0640625 0.059375
1 0.03828125 0.35 0.0640625 0.059375
1 0.0171875 0.0984375 0.034375 0.059375
1 0.0171875 0.3171875 0.034375 0.059375
1 0.01953125 0.3359375 0.0390625 0.059375
1 0.01640625 0.2921875 0.0328125 0.059375
1 0.03359375 0.2890625 0.0640625 0.059375
1 0.028125 0.3078125 0.05625 0.059375
1 0.02265625 0.253125 0.0453125 0.059375
1 0.03359375 0.20859375 0.0640625 0.0578125
1 0.0125 0.2203125 0.025 0.059375
1 0.03125 0.2234375 0.0625 0.059375
1 0.06328125 0.1765625 0.0640625 0.059375
1 0.02734375 0.1953125 0.0546875 0.059375
1 0.03125 0.165625 0.0625 0.059375
1 0.02578125 0.196875 0.0515625 0.059375
1 0.02265625 0.178125 0.0453125 0.059375
1 0.01640625 0.14921875 0.0328125 0.0609375
1 0.02890625 0.1078125 0.0578125 0.059375
1 0.11171875 0.18125 0.0640625 0.059375
1 0.11953125 0.171875 0.0640625 0.059375
1 0.15703125 0.1984375 0.0640625 0.059375
1 0.29375 0.39453125 0.0625 0.0609375
1 0.07734375 0.23125 0.0640625 0.059375
1 0.18359375 0.2296875 0.0640625 0.059375
1 0.09765625 0.209375 0.0640625 0.059375
1 0.14453125 0.2109375 0.0609375 0.059375
1 0.20390625 0.25 0.0640625 0.059375
1 0.19296875 0.265625 0.0640625 0.059375
1 0.13046875 0.25859375 0.0640625 0.0609375
1 0.11328125 0.2703125 0.0640625 0.059375
1 0.1390625 0.2421875 0.065625 0.059375
1 0.11328125 0.3 0.0640625 0.059375
1 0.06875 0.14296875 0.0625 0.0609375
1 0.06328125 0.275 0.0640625 0.059375
1 0.13515625 0.2890625 0.0640625 0.059375
1 0.15390625 0.2875 0.0640625 0.059375
1 0.18671875 0.275 0.0640625 0.059375
1 0.17265625 0.26875 0.0640625 0.059375
1 0.20546875 0.3 0.0671875 0.0625
1 0.10390625 0.328125 0.0640625 0.059375
1 0.15703125 0.3265625 0.0640625 0.059375
1 0.13828125 0.3234375 0.0640625 0.059375
1 0.14921875 0.365625 0.0640625 0.059375
1 0.11953125 0.3609375 0.0640625 0.059375
1 0.21796875 0.3390625 0.0640625 0.059375
1 0.20859375 0.325 0.0640625 0.059375
1 0.22578125 0.3796875 0.0640625 0.059375
1 0.171875 0.3625 0.0625 0.059375
1 0.21171875 0.4 0.0640625 0.059375
1 0.24921875 0.4921875 0.0640625 0.059375
1 0.25390625 0.5265625 0.0640625 0.059375
1 0.35546875 0.703125 0.0640625 0.059375
1 0.36015625 0.775 0.0640625 0.059375
1 0.29609375 0.8625 0.0640625 0.059375
1 0.01796875 0.8046875 0.0359375 0.059375
1 0.00546875 0.4828125 0.0109375 0.059375
1 0.01875 0.5984375 0.0375 0.059375
0 0.01640625 0.61875 0.0328125 0.059375
1 0.028125 0.5890625 0.05625 0.059375
1 0.16953125 0.68125 0.0640625 0.059375
1 0.11953125 0.853125 0.0640625 0.059375
1 0.40390625 0.95 0.0640625 0.059375
1 0.0109375 0.196875 0.021875 0.059375
1 0.028125 0.13125 0.05625 0.059375
1 0.16484375 0.18125 0.0640625 0.059375
1 0.22578125 0.30625 0.0640625 0.059375
1 0.31953125 0.3078125 0.0640625 0.059375
1 0.26015625 0.325 0.0640625 0.059375
1 0.29765625 0.3140625 0.0640625 0.059375
1 0.25390625 0.3765625 0.0640625 0.059375
1 0.26796875 0.39375 0.0640625 0.059375
1 0.23671875 0.440625 0.0640625 0.059375
1 0.2640625 0.4296875 0.0625 0.059375
1 0.30390625 0.4359375 0.0640625 0.059375
1 0.33359375 0.4671875 0.0640625 0.059375
1 0.41015625 0.4859375 0.0640625 0.059375
1 0.23203125 0.4578125 0.0640625 0.059375
1 0.37578125 0.496875 0.0640625 0.059375
1 0.41171875 0.5640625 0.0640625 0.059375
1 0.39609375 0.6265625 0.0640625 0.059375
1 0.39609375 0.6609375 0.0640625 0.059375
1 0.38671875 0.65 0.0640625 0.059375
1 0.38046875 0.6875 0.0640625 0.059375
1 0.28515625 0.703125 0.0640625 0.059375
1 0.40546875 0.7296875 0.0640625 0.059375
1 0.30859375 0.728125 0.0640625 0.059375
1 0.37578125 0.715625 0.0640625 0.059375
1 0.3796875 0.740625 0.0625 0.059375
1 0.27890625 0.7234375 0.0640625 0.059375
1 0.2484375 0.634375 0.0625 0.059375
1 0.26796875 0.8 0.0640625 0.059375
1 0.32265625 0.853125 0.0640625 0.059375
1 0.37265625 0.85 0.0640625 0.059375
1 0.28359375 0.9609375 0.0640625 0.059375
1 0.01328125 0.4734375 0.0265625 0.059375
1 0.0109375 0.5953125 0.021875 0.059375
1 0.0171875 0.11875 0.034375 0.059375
0 0.0125 0.653125 0.025 0.059375
1 0.14921875 0.49296875 0.0609375 0.0578125
1 0.09296875 0.5390625 0.0640625 0.059375
1 0.15078125 0.5421875 0.0640625 0.059375
1 0.11171875 0.7984375 0.0640625 0.059375
1 0.40234375 0.9015625 0.0640625 0.059375
0 0.26015625 0.909375 0.0640625 0.059375
1 0.33046875 0.7765625 0.0640625 0.059375
1 0.10859375 0.5171875 0.0640625 0.059375
1 0.02109375 0.25625 0.0421875 0.059375
1 0.0125 0.06875 0.025 0.059375
0 0.08046875 0.9609375 0.0640625 0.059375
1 0.24609375 0.98046875 0.0640625 0.0390625
1 0.40546875 0.9796875 0.0640625 0.040625
1 0.2734375 0.45078125 0.0625 0.0609375
1 0.16484375 0.51953125 0.0609375 0.0578125
1 0.17578125 0.46953125 0.0609375 0.0578125
1 0.15703125 0.2328125 0.0640625 0.059375
1 0.17421875 0.2046875 0.0640625 0.059375
1 0.10859375 0.15 0.0640625 0.059375
1 0.14765625 0.14375 0.0640625 0.059375
1 0.34453125 0.48125 0.0640625 0.059375
1 0.32734375 0.503125 0.0640625 0.059375
1 0.37578125 0.534375 0.0640625 0.059375
1 0.34140625 0.5515625 0.0640625 0.059375
1 0.40546875 0.790625 0.0640625 0.059375
1 0.34921875 0.7890625 0.0640625 0.059375
1 0.34765625 0.9265625 0.0640625 0.059375
1 0.42578125 0.809375 0.0640625 0.059375
1 0.00703125 0.1765625 0.0140625 0.059375
1 0.0296875 0.875 0.059375 0.059375
0 0.16328125 0.984375 0.0640625 0.03125
1 0.11484375 0.9875 0.0640625 0.025
1 0.29296875 0.3484375 0.0640625 0.059375
1 0.36953125 0.9703125 0.0640625 0.059375
1 0.07734375 0.97890625 0.0640625 0.0421875
1 0.01875 0.059375 0.0375 0.059375
0 0.02734375 0.990625 0.0546875 0.01875
0 0.04921875 0.5296875 0.0640625 0.059375
1 0.34296875 0.4234375 0.0640625 0.059375
1 0.29140625 0.3625 0.0640625 0.059375
1 0.02421875 0.0828125 0.0484375 0.059375
1 0.3703125 0.9484375 0.0625 0.059375
1 0.32734375 0.8984375 0.0640625 0.059375
1 0.33984375 0.8875 0.0640625 0.059375
1 0.43203125 0.825 0.0640625 0.059375
1 0.33671875 0.7515625 0.0640625 0.059375
1 0.44453125 0.70625 0.0640625 0.059375
1 0.31953125 0.5375 0.0640625 0.059375
1 0.42421875 0.7109375 0.0640625 0.059375
1 0.38671875 0.7109375 0.0640625 0.059375
1 0.40078125 0.690625 0.0640625 0.059375
1 0.41484375 0.678125 0.0640625 0.059375
1 0.51015625 0.746875 0.0640625 0.059375
1 0.35703125 0.59375 0.0640625 0.059375
1 0.39140625 0.60625 0.0640625 0.059375
1 0.33515625 0.328125 0.0640625 0.059375
1 0.22265625 0.2671875 0.0640625 0.059375
1 0.26953125 0.3 0.0640625 0.059375
1 0.16484375 0.1453125 0.0640625 0.059375
1 0.23828125 0.2421875 0.0640625 0.059375
1 0.27578125 0.2765625 0.0640625 0.059375
1 0.15859375 0.240625 0.0640625 0.059375
1 0.19765625 0.2 0.0640625 0.059375
1 0.07734375 0.1875 0.0640625 0.059375
0 0.18984375 0.6046875 0.0640625 0.059375
1 0.0203125 0.03046875 0.040625 0.0484375
1 0.20390625 0.2234375 0.0640625 0.059375
1 0.40859375 0.65 0.0640625 0.059375
0 0.19765625 0.1640625 0.0640625 0.059375
0 0.33984375 0.271875 0.0640625 0.059375
0 0.25703125 0.25625 0.0640625 0.059375
0 0.28203125 0.25625 0.0640625 0.059375
0 0.25703125 0.1671875 0.0640625 0.059375
1 0.16171875 0.1234375 0.0640625 0.059375
0 0.23046875 0.1546875 0.0640625 0.059375
1 0.06015625 0.0875 0.0546875 0.053125
0 0.14140625 0.06875 0.0546875 0.053125
0 0.07578125 0.059375 0.0546875 0.053125
0 0.10703125 0.0546875 0.0546875 0.053125
1 0.04921875 0.0671875 0.0546875 0.053125
1 0.34453125 0.3015625 0.0640625 0.059375
0 0.33671875 0.409375 0.0640625 0.059375
0 0.31015625 0.2609375 0.0640625 0.059375
1 0.39140625 0.5859375 0.0640625 0.059375
1 0.44140625 0.6515625 0.0640625 0.059375
1 0.43828125 0.6828125 0.0640625 0.059375
1 0.425 0.5890625 0.05 0.046875
1 0.10859375 0.096875 0.0546875 0.053125
0 0.09921875 0.0703125 0.0546875 0.053125
0 0.41953125 0.6140625 0.0640625 0.059375
0 0.56484375 0.715625 0.0640625 0.059375
0 0.39921875 0.553125 0.0640625 0.059375
0 0.47265625 0.696875 0.0640625 0.059375
0 0.43828125 0.615625 0.0640625 0.059375
0 0.42734375 0.60625 0.0640625 0.059375
0 0.36171875 0.3140625 0.0640625 0.059375
0 0.38515625 0.2921875 0.0640625 0.059375
0 0.09765625 0.05 0.0546875 0.053125