1 0.11328125 0.3578125 0.0640625 0.059375
1 0.0171875 0.346875 0.034375 0.059375
1 0.06953125 0.31875 0.0640625 0.059375
1 0.08359375 0.1546875 0.0640625 0.059375
1 0.05390625 0.28671875 0.0578125 0.0546875
1 0.09296875 0.3 0.0640625 0.059375
1 0.08828125 0.3765625 0.0640625 0.059375
1 0.06328125 0.253125 0.0640625 0.059375
1 0.32734375 0.1 0.0640625 0.059375
1 0.04140625 0.1328125 0.0640625 0.059375
1 0.05703125 0.165625 0.0640625 0.059375
1 0.22109375 0.4640625 0.0640625 0.059375
1 0.13359375 0.421875 0.0640625 0.059375
1 0.20390625 0.4078125 0.0640625 0.059375
1 0.30703125 0.41875 0.0640625 0.059375
1 0.11640625 0.4109375 0.0640625 0.059375
1 0.11953125 0.3828125 0.0640625 0.059375
1 0.08515625 0.4109375 0.0640625 0.059375
1 0.11328125 0.334375 0.0640625 0.059375
1 0.14296875 0.3484375 0.0640625 0.059375
1 0.16796875 0.3125 0.0640625 0.059375
1 0.27890625 0.3234375 0.0640625 0.059375
1 0.22109375 0.4171875 0.0640625 0.059375
1 0.20234375 0.4359375 0.0640625 0.059375
1 0.23359375 0.4015625 0.0640625 0.059375
1 0.04296875 0.45625 0.0640625 0.059375
1 0.02578125 0.4296875 0.0515625 0.059375
1 0.06015625 0.3984375 0.0640625 0.059375
1 0.04765625 0.50625 0.0640625 0.059375
1 0.15390625 0.490625 0.0640625 0.059375
1 0.14609375 0.4828125 0.0640625 0.059375
1 0.08984375 0.4984375 0.0640625 0.059375
1 0.16640625 0.5390625 0.0640625 0.059375
1 0.0171875 0.534375 0.034375 0.059375
0 0.0109375 0.5328125 0.021875 0.059375
1 0.04453125 0.559375 0.0640625 0.059375
1 0.028125 0.56875 0.05625 0.059375
1 0.015625 0.6015625 0.03125 0.059375
1 0.00390625 0.578125 0.0078125 0.059375
1 0.01484375 0.653125 0.0296875 0.059375
1 0.17890625 0.6 0.0640625 0.059375
0 0.16171875 0.575 0.0609375 0.05625
1 0.20390625 0.5828125 0.0640625 0.059375
1 0.13046875 0.584375 0.0640625 0.059375
1 0.11484375 0.640625 0.0640625 0.059375
0 0.03984375 0.659375 0.0640625 0.059375
1 0.14453125 0.7234375 0.0640625 0.059375
0 0.0296875 0.65625 0.059375 0.059375
1 0.04296875 0.7078125 0.0640625 0.059375
1 0.08984375 0.684375 0.0640625 0.059375
1 0.08828125 0.69296875 0.0640625 0.0578125
2 0.09765625 0.7484375 0.0640625 0.059375
1 0.23203125 0.7953125 0.0640625 0.059375
1 0.21328125 0.7765625 0.0609375 0.059375
1 0.19765625 0.7859375 0.0640625 0.059375
1 0.15078125 0.790625 0.0640625 0.059375
1 0.12734375 0.8078125 0.0640625 0.059375
1 0.10234375 0.8328125 0.0640625 0.059375
1 0.08359375 0.85625 0.0640625 0.059375
1 0.06328125 0.8375 0.0640625 0.059375
1 0.42734375 0.6578125 0.0640625 0.059375
1 0.00859375 0.8953125 0.0171875 0.059375
1 0.05078125 0.9703125 0.0640625 0.05
1 0.34765625 0.709375 0.0640625 0.059375
0 0.23046875 0.7265625 0.0640625 0.059375
1 0.24296875 0.7359375 0.0640625 0.059375
1 0.27109375 0.7859375 0.0640625 0.059375
1 0.28515625 0.7640625 0.0640625 0.059375
1 0.3296875 0.725 0.0625 0.059375
1 0.36171875 0.7578125 0.0640625 0.059375
1 0.29453125 0.6640625 0.0640625 0.059375
1 0.18671875 0.6859375 0.0640625 0.059375
1 0.28046875 0.7171875 0.0640625 0.059375
1 0.22890625 0.6796875 0.0640625 0.059375
1 0.17421875 0.65 0.0640625 0.059375
1 0.19609375 0.646875 0.0640625 0.059375
1 0.23984375 0.6359375 0.0640625 0.059375
1 0.26328125 0.678125 0.0640625 0.059375
1 0.22421875 0.603125 0.0640625 0.059375
1 0.25234375 0.4796875 0.0640625 0.059375
1 0.43828125 0.6078125 0.0640625 0.059375
1 0.37265625 0.559375 0.0640625 0.059375
1 0.22109375 0.55234375 0.0671875 0.0609375
1 0.2359375 0.6140625 0.059375 0.059375
1 0.23828125 0.5890625 0.0640625 0.059375
1 0.2 0.6078125 0.059375 0.05625
1 0.18046875 0.4953125 0.0640625 0.059375
1 0.23671875 0.5171875 0.0640625 0.059375
1 0.19140625 0.559375 0.0640625 0.059375
1 0.32109375 0.4921875 0.0640625 0.059375
1 0.26171875 0.5046875 0.0640625 0.059375
1 0.23671875 0.4828125 0.0640625 0.059375
1 0.27734375 0.575 0.0640625 0.059375
1 0.22109375 0.384375 0.0640625 0.059375
1 0.18984375 0.33125 0.0640625 0.059375
1 0.19453125 0.3484375 0.0640625 0.059375
1 0.34921875 0.5140625 0.0640625 0.059375
1 0.32265625 0.3390625 0.0671875 0.0625
1 0.09140625 0.2515625 0.0640625 0.059375
1 0.25546875 0.3875 0.0640625 0.059375
1 0.27265625 0.4234375 0.0640625 0.059375
1 0.23828125 0.4375 0.0640625 0.059375
1 0.36171875 0.2765625 0.0640625 0.059375
1 0.32734375 0.2921875 0.0640625 0.059375
1 0.34140625 0.3078125 0.0640625 0.05625
1 0.33671875 0.284375 0.0640625 0.059375
1 0.30546875 0.2484375 0.0640625 0.059375
1 0.24296875 0.2640625 0.0640625 0.059375
0 0.25703125 0.271875 0.0640625 0.059375
1 0.21171875 0.271875 0.0640625 0.059375
1 0.24765625 0.140625 0.0640625 0.059375
1 0.12265625 0.2890625 0.0640625 0.059375
1 0.12109375 0.26875 0.0640625 0.059375
1 0.12421875 0.24375 0.0640625 0.059375
1 0.08046875 0.275 0.0640625 0.059375
1 0.18359375 0.3109375 0.0640625 0.059375
1 0.21015625 0.2359375 0.0640625 0.059375
1 0.0765625 0.18671875 0.0625 0.0578125
1 0.23046875 0.2171875 0.0640625 0.059375
1 0.35078125 0.12265625 0.0640625 0.0578125
1 0.07265625 0.2046875 0.0640625 0.059375
1 0.10546875 0.2234375 0.0640625 0.059375
1 0.28671875 0.1828125 0.0640625 0.059375
1 0.1953125 0.09140625 0.0625 0.0578125
1 0.24765625 0.175 0.0640625 0.059375
1 0.22109375 0.1828125 0.0640625 0.059375
1 0.27109375 0.1890625 0.0640625 0.059375
1 0.30234375 0.2234375 0.0640625 0.059375
1 0.31171875 0.1296875 0.0640625 0.059375
1 0.21640625 0.0953125 0.0640625 0.059375
1 0.20234375 0.1359375 0.0640625 0.059375
1 0.23515625 0.159375 0.0640625 0.059375
1 0.13984375 0.125 0.0640625 0.059375
1 0.13515625 0.0953125 0.0640625 0.059375
1 0.11015625 0.1375 0.0640625 0.059375
1 0.10078125 0.1046875 0.0640625 0.059375
1 0.18046875 0.05625 0.0640625 0.059375
1 0.15859375 0.05 0.0640625 0.059375
1 0.02734375 0.09375 0.0546875 0.059375
1 0.11796875 0.0890625 0.0640625 0.059375
1 0.10390625 0.0765625 0.0640625 0.059375
1 0.07734375 0.071875 0.0640625 0.059375
1 0.0625 0.10625 0.06875 0.059375
1 0.028125 0.1609375 0.05625 0.059375
1 0.03203125 0.10625 0.0640625 0.059375
1 0.015625 0.075 0.03125 0.059375
1 0.00546875 0.1109375 0.0109375 0.059375
1 0.03203125 0.0359375 0.0640625 0.059375
1 0.08046875 0.0921875 0.0640625 0.059375
1 0.11015625 0.0625 0.0640625 0.0625
1 0.10859375 0.0296875 0.0640625 0.059375
1 0.08671875 0.025 0.0640625 0.05
1 0.05546875 0.0078125 0.0640625 0.015625
1 0.06328125 0.021875 0.0640625 0.04375
1 0.03828125 0.021875 0.0640625 0.04375
1 0.01953125 0.01484375 0.0390625 0.0296875
1 0.29375 0.05859375 0.0625 0.0609375
1 0.10390625 0.0109375 0.0640625 0.021875
1 0.15703125 0.01015625 0.0640625 0.0203125
1 0.13828125 0.00859375 0.0640625 0.0171875
1 0.14921875 0.0296875 0.0640625 0.059375
1 0.11953125 0.02734375 0.0640625 0.0546875
1 0.21796875 0.01640625 0.0640625 0.0328125
1 0.20859375 0.009375 0.0640625 0.01875
1 0.22578125 0.04375 0.0640625 0.059375
1 0.171875 0.028125 0.0625 0.05625
1 0.21171875 0.0640625 0.0640625 0.059375
1 0.24921875 0.15625 0.0640625 0.059375
1 0.25390625 0.190625 0.0640625 0.059375
1 0.35546875 0.3671875 0.0640625 0.059375
1 0.36015625 0.4390625 0.0640625 0.059375
1 0.29609375 0.5265625 0.0640625 0.059375
1 0.22734375 0.85625 0.0640625 0.059375
1 0.16796875 0.86875 0.0640625 0.059375
1 0.13203125 0.9296875 0.0640625 0.059375
1 0.10703125 0.9515625 0.0640625 0.059375
1 0.07890625 0.95625 0.0640625 0.046875
1 0.08828125 0.7890625 0.0640625 0.059375
1 0.0171875 0.86875 0.034375 0.059375
0 0.00859375 0.85 0.0171875 0.059375
1 0.01171875 0.7921875 0.0234375 0.059375
1 0.01796875 0.46875 0.0359375 0.059375
1 0.00546875 0.146875 0.0109375 0.059375
1 0.01875 0.2625 0.0375 0.059375
0 0.01640625 0.2828125 0.0328125 0.059375
1 0.028125 0.253125 0.05625 0.059375
0 0.06015625 0.9625 0.0578125 0.046875
1 0.16953125 0.3453125 0.0640625 0.059375
1 0.11953125 0.5171875 0.0640625 0.059375
1 0.40390625 0.6140625 0.0640625 0.059375
1 0.26015625 0.009375 0.0640625 0.01875
1 0.29765625 0.00390625 0.0640625 0.0078125
1 0.25390625 0.040625 0.0640625 0.059375
1 0.26796875 0.0578125 0.0640625 0.059375
1 0.23671875 0.1046875 0.0640625 0.059375
1 0.2640625 0.09375 0.0625 0.059375
1 0.30390625 0.1 0.0640625 0.059375
1 0.33359375 0.13125 0.0640625 0.059375
1 0.41015625 0.15 0.0640625 0.059375
1 0.23203125 0.121875 0.0640625 0.059375
1 0.37578125 0.1609375 0.0640625 0.059375
1 0.41171875 0.228125 0.0640625 0.059375
1 0.39609375 0.290625 0.0640625 0.059375
1 0.39609375 0.325 0.0640625 0.059375
1 0.38671875 0.3140625 0.0640625 0.059375
1 0.38046875 0.3515625 0.0640625 0.059375
1 0.28515625 0.3671875 0.0640625 0.059375
1 0.40546875 0.39375 0.0640625 0.059375
1 0.30859375 0.3921875 0.0640625 0.059375
1 0.37578125 0.3796875 0.0640625 0.059375
1 0.3796875 0.4046875 0.0625 0.059375
1 0.27890625 0.3875 0.0640625 0.059375
1 0.2484375 0.2984375 0.0625 0.059375
1 0.26796875 0.4640625 0.0640625 0.059375
1 0.32265625 0.5171875 0.0640625 0.059375
1 0.37265625 0.5140625 0.0640625 0.059375
1 0.28359375 0.625 0.0640625 0.059375
1 0.01328125 0.1375 0.0265625 0.059375
1 0.0046875 0.9140625 0.009375 0.059375
1 0.0109375 0.259375 0.021875 0.059375
0 0.0125 0.3171875 0.025 0.059375
1 0.14921875 0.15703125 0.0609375 0.0578125
1 0.09296875 0.203125 0.0640625 0.059375
1 0.15078125 0.20625 0.0640625 0.059375
1 0.13046875 0.71875 0.0640625 0.059375
1 0.11171875 0.4625 0.0640625 0.059375
1 0.40234375 0.565625 0.0640625 0.059375
1 0.0984375 0.9828125 0.0625 0.03125
0 0.32421875 0.934375 0.0640625 0.059375
0 0.00625 0.9484375 0.0125 0.059375
1 0.15859375 0.978125 0.0640625 0.0375
1 0.33203125 0.8390625 0.0640625 0.059375
1 0.14140625 0.878125 0.0640625 0.059375
1 0.1875 0.96328125 0.0625 0.0515625
1 0.35234375 0.9328125 0.0640625 0.059375
1 0.30078125 0.8765625 0.0640625 0.059375
1 0.31171875 0.778125 0.0640625 0.059375
0 0.26015625 0.5734375 0.0640625 0.059375
1 0.33046875 0.440625 0.0640625 0.059375
1 0.10859375 0.18125 0.0640625 0.059375
0 0.08046875 0.625 0.0640625 0.059375
1 0.24609375 0.6546875 0.0640625 0.059375
1 0.40546875 0.653125 0.0640625 0.059375
1 0.2734375 0.11484375 0.0625 0.0609375
1 0.16484375 0.18359375 0.0609375 0.0578125
1 0.17578125 0.13359375 0.0609375 0.0578125
1 0.34453125 0.1453125 0.0640625 0.059375
1 0.32734375 0.1671875 0.0640625 0.059375
1 0.37578125 0.1984375 0.0640625 0.059375
1 0.34140625 0.215625 0.0640625 0.059375
1 0.40546875 0.4546875 0.0640625 0.059375
1 0.34921875 0.453125 0.0640625 0.059375
1 0.34765625 0.590625 0.0640625 0.059375
1 0.42578125 0.4734375 0.0640625 0.059375
1 0.0296875 0.5390625 0.059375 0.059375
0 0.02265625 0.7796875 0.0453125 0.059375
1 0.021875 0.8171875 0.04375 0.059375
1 0.19921875 0.825 0.0640625 0.059375
1 0.17890625 0.8296875 0.0640625 0.059375
0 0.16328125 0.6625 0.0640625 0.059375
1 0.11484375 0.66875 0.0640625 0.059375
1 0.29296875 0.02109375 0.0640625 0.0421875
1 0.36953125 0.634375 0.0640625 0.059375
1 0.26171875 0.746875 0.0640625 0.059375
1 0.41171875 0.8171875 0.0640625 0.059375
1 0.07734375 0.6515625 0.0640625 0.059375
0 0.02734375 0.671875 0.0546875 0.053125
0 0.04921875 0.19375 0.0640625 0.059375
1 0.34296875 0.0875 0.0640625 0.059375
1 0.29140625 0.028125 0.0640625 0.05625
1 0.24921875 0.96796875 0.0640625 0.0578125
1 0.32265625 0.875 0.0640625 0.059375
1 0.26796875 0.83125 0.0640625 0.059375
1 0.3703125 0.6125 0.0625 0.059375
1 0.32734375 0.5625 0.0640625 0.059375
1 0.33984375 0.5515625 0.0640625 0.059375
1 0.43203125 0.4890625 0.0640625 0.059375
1 0.33671875 0.415625 0.0640625 0.059375
1 0.44453125 0.3703125 0.0640625 0.059375
1 0.31953125 0.2015625 0.0640625 0.059375
1 0.42421875 0.375 0.0640625 0.059375
1 0.38671875 0.375 0.0640625 0.059375
1 0.40078125 0.3546875 0.0640625 0.059375
1 0.41484375 0.3421875 0.0640625 0.059375
1 0.51015625 0.4109375 0.0640625 0.059375
1 0.35703125 0.2578125 0.0640625 0.059375
1 0.39140625 0.2703125 0.0640625 0.059375
1 0.33515625 0.0109375 0.0640625 0.021875
0 0.18984375 0.26875 0.0640625 0.059375
1 0.32421875 0.825 0.0640625 0.059375
1 0.40859375 0.3140625 0.0640625 0.059375
0 0.33671875 0.0734375 0.0640625 0.059375
1 0.39140625 0.25 0.0640625 0.059375
1 0.44140625 0.315625 0.0640625 0.059375
1 0.43828125 0.346875 0.0640625 0.059375
0 0.21640625 0.721875 0.0640625 0.059375
1 0.46171875 0.778125 0.0640625 0.059375
1 0.425 0.253125 0.05 0.046875
1 0.19921875 0.9875 0.0640625 0.021875
0 0.41953125 0.278125 0.0640625 0.059375
0 0.56484375 0.3796875 0.0640625 0.059375
0 0.39921875 0.2171875 0.0640625 0.059375
0 0.47265625 0.3609375 0.0640625 0.059375
0 0.43828125 0.2796875 0.0640625 0.059375
0 0.42734375 0.2703125 0.0640625 0.059375
0 0.05390625 0.934375 0.0640625 0.059375
0 0.36171875 0.00390625 0.0640625 0.0078125