2 0.97578125 0.609375 0.0484375 0.059375
4 0.73828125 0.4390625 0.0640625 0.059375
2 0.69296875 0.56875 0.0640625 0.059375
2 0.95703125 0.628125 0.0640625 0.059375
2 0.99375 0.5765625 0.0125 0.059375
2 0.909375 0.25859375 0.0625 0.0609375
2 0.9703125 0.42421875 0.059375 0.0578125
2 0.9859375 0.2921875 0.028125 0.059375
4 0.971875 0.48046875 0.05625 0.0578125
2 0.82109375 0.409375 0.0640625 0.059375
2 0.54453125 0.309375 0.0640625 0.059375
2 0.61328125 0.35 0.0640625 0.059375
2 0.89296875 0.2921875 0.0640625 0.059375
2 0.83203125 0.2609375 0.0640625 0.059375
4 0.87421875 0.2453125 0.0640625 0.059375
2 0.99453125 0.03671875 0.0109375 0.0296875
2 0.74765625 0.4828125 0.0640625 0.059375
2 0.71015625 0.5359375 0.0640625 0.059375
4 0.64453125 0.609375 0.0640625 0.059375
4 0.63828125 0.5890625 0.0640625 0.059375
2 0.57734375 0.5390625 0.0640625 0.059375
2 0.55078125 0.509375 0.0640625 0.059375
2 0.56015625 0.475 0.0640625 0.059375
4 0.67734375 0.4734375 0.0640625 0.059375
4 0.94765625 0.34375 0.0640625 0.059375
2 0.63515625 0.3765625 0.0640625 0.059375
2 0.98828125 0.4875 0.0234375 0.059375
2 0.978125 0.3890625 0.04375 0.059375
4 0.98828125 0.5125 0.0234375 0.059375
4 0.9859375 0.53046875 0.028125 0.0546875
2 0.9890625 0.61875 0.021875 0.059375
2 0.98359375 0.584375 0.0328125 0.059375
2 0.975 0.57421875 0.05 0.0578125
4 0.91953125 0.5 0.0640625 0.059375
4 0.69453125 0.29375 0.0640625 0.059375
2 0.99375 0.328125 0.0125 0.059375
2 0.9734375 0.325 0.053125 0.059375
2 0.9734375 0.3046875 0.053125 0.059375
2 0.97421875 0.35 0.0515625 0.059375
2 0.98984375 0.396875 0.0203125 0.059375
2 0.93359375 0.3390625 0.0671875 0.0625
2 0.96328125 0.31875 0.0640625 0.059375
2 0.93203125 0.2921875 0.0640625 0.059375
4 0.91015625 0.328125 0.0640625 0.059375
2 0.88359375 0.3734375 0.0640625 0.059375
0 0.61953125 0.434375 0.0640625 0.059375
2 0.99140625 0.378125 0.0171875 0.059375
2 0.81484375 0.371875 0.0640625 0.059375
2 0.79453125 0.4015625 0.0640625 0.059375
2 0.76171875 0.375 0.0640625 0.059375
2 0.86484375 0.1984375 0.0640625 0.059375
2 0.78671875 0.2796875 0.0640625 0.059375
2 0.78984375 0.19140625 0.0640625 0.0578125
2 0.98515625 0.2578125 0.0296875 0.059375
2 0.975 0.1921875 0.05 0.059375
2 0.88515625 0.2734375 0.0640625 0.059375
2 0.8828125 0.22265625 0.059375 0.0546875
2 0.85234375 0.2390625 0.0640625 0.059375
2 0.86953125 0.3953125 0.0640625 0.059375
2 0.89140625 0.1859375 0.0640625 0.059375
2 0.97578125 0.04140625 0.0484375 0.0390625
2 0.9921875 0.0484375 0.015625 0.053125
2 0.93359375 0.2359375 0.0640625 0.059375
2 0.94921875 0.21875 0.0640625 0.059375
2 0.9453125 0.3046875 0.065625 0.059375
2 0.9203125 0.21953125 0.0625 0.0578125
2 0.96796875 0.240625 0.0609375 0.053125
2 0.96171875 0.26484375 0.0640625 0.0578125
2 0.93984375 0.19375 0.0640625 0.059375
2 0.98359375 0.221875 0.0328125 0.059375
2 0.99609375 0.2453125 0.0078125 0.05625
2 0.9453125 0.18359375 0.065625 0.0609375
2 0.8359375 0.109375 0.0625 0.059375
2 0.9765625 0.140625 0.046875 0.059375
2 0.978125 0.05625 0.04375 0.059375
2 0.43359375 0.978125 0.0640625 0.04375
2 0.91171875 0.42109375 0.0703125 0.0578125
2 0.58984375 0.96875 0.0640625 0.059375
2 0.471875 0.475 0.0625 0.065625
2 0.88203125 0.4640625 0.0640625 0.059375
4 0.83046875 0.459375 0.0640625 0.059375
2 0.56171875 0.4265625 0.0640625 0.059375
2 0.53359375 0.4421875 0.0640625 0.059375
2 0.42265625 0.4796875 0.0640625 0.059375
2 0.37578125 0.98671875 0.0640625 0.0265625
2 0.40546875 0.703125 0.0640625 0.059375
2 0.74765625 0.946875 0.0640625 0.059375
2 0.75546875 0.6640625 0.0640625 0.059375
2 0.5390625 0.5953125 0.0625 0.059375
2 0.57421875 0.584375 0.0640625 0.059375
2 0.5828125 0.4984375 0.0625 0.059375
2 0.56484375 0.40546875 0.0640625 0.0609375
4 0.56328125 0.35 0.0640625 0.059375
2 0.53984375 0.3375 0.0640625 0.059375
2 0.69765625 0.3453125 0.0640625 0.059375
2 0.69765625 0.3671875 0.0640625 0.059375
2 0.75234375 0.4 0.0640625 0.059375
2 0.84921875 0.3515625 0.0640625 0.059375
2 0.74921875 0.19375 0.0640625 0.059375
2 0.69609375 0.1671875 0.0640625 0.059375
2 0.68046875 0.265625 0.0640625 0.059375
2 0.634375 0.2765625 0.0625 0.059375
2 0.81953125 0.1671875 0.0640625 0.059375
2 0.89609375 0.1484375 0.0640625 0.059375
2 0.990625 0.103125 0.01875 0.059375
2 0.96484375 0.0546875 0.0640625 0.059375
2 0.95 0.1234375 0.0625 0.059375
2 0.98046875 0.0453125 0.0390625 0.046875
4 0.44765625 0.4859375 0.0640625 0.059375
4 0.54140625 0.546875 0.0640625 0.059375
2 0.70078125 0.6671875 0.0640625 0.059375
2 0.51640625 0.69375 0.0640625 0.059375
2 0.34453125 0.784375 0.0640625 0.059375
2 0.58828125 0.9828125 0.0640625 0.034375
2 0.54296875 0.946875 0.0640625 0.059375
2 0.53203125 0.971875 0.0640625 0.05625
2 0.71015625 0.734375 0.0640625 0.059375
2 0.88203125 0.5046875 0.0640625 0.059375
2 0.87890625 0.528125 0.0640625 0.059375
2 0.71796875 0.46875 0.0640625 0.059375
2 0.76484375 0.4296875 0.0640625 0.059375
2 0.94140625 0.38359375 0.0640625 0.0578125
2 0.9859375 0.3453125 0.028125 0.059375
2 0.91796875 0.5296875 0.0640625 0.059375
2 0.96328125 0.5484375 0.0640625 0.059375
2 0.67734375 0.2234375 0.0640625 0.059375
2 0.95078125 0.0609375 0.0640625 0.059375
2 0.98828125 0.0625 0.0234375 0.059375
2 0.975 0.08671875 0.05 0.0578125
2 0.70859375 0.51875 0.0640625 0.059375
2 0.56171875 0.2546875 0.0640625 0.059375
4 0.66796875 0.2578125 0.0640625 0.059375
2 0.68203125 0.9265625 0.0640625 0.059375
2 0.45078125 0.98046875 0.0640625 0.0390625
2 0.67265625 0.671875 0.0640625 0.059375
2 0.48828125 0.6359375 0.0640625 0.059375
2 0.45078125 0.628125 0.0640625 0.059375
2 0.38984375 0.525 0.0640625 0.059375
2 0.45859375 0.571875 0.0640625 0.059375
2 0.61484375 0.5375 0.0640625 0.059375
2 0.66484375 0.5171875 0.0640625 0.059375
2 0.4859375 0.49375 0.0625 0.059375
2 0.45390625 0.4546875 0.0640625 0.059375
2 0.36796875 0.465625 0.0640625 0.059375
2 0.61015625 0.48125 0.0640625 0.059375
2 0.60546875 0.4546875 0.0640625 0.059375
2 0.80078125 0.1671875 0.0640625 0.059375
2 0.703125 0.246875 0.0625 0.059375
2 0.61015625 0.2578125 0.0640625 0.059375
2 0.78046875 0.20625 0.0640625 0.059375
2 0.59140625 0.28671875 0.0640625 0.0609375
2 0.97890625 0.17890625 0.0421875 0.0609375
2 0.8296875 0.19296875 0.065625 0.0578125
2 0.73671875 0.325 0.0640625 0.059375
2 0.99453125 0.2203125 0.0109375 0.059375
2 0.91796875 0.4078125 0.0640625 0.059375
2 0.38984375 0.615625 0.0640625 0.059375
2 0.9890625 0.44375 0.021875 0.059375
2 0.8359375 0.1046875 0.0625 0.059375
2 0.6609375 0.34375 0.0625 0.059375
2 0.9265625 0.171875 0.0625 0.059375
2 0.42109375 0.5328125 0.0640625 0.059375
2 0.64296875 0.178125 0.0640625 0.059375
2 0.92578125 0.9734375 0.0640625 0.053125
2 0.59140625 0.8921875 0.0640625 0.059375
2 0.921875 0.04609375 0.053125 0.0484375
2 0.76875 0.1109375 0.05625 0.053125
2 0.43828125 0.91875 0.0640625 0.059375
2 0.37421875 0.946875 0.0640625 0.059375
2 0.47265625 0.94375 0.0640625 0.059375
2 0.48671875 0.9265625 0.0640625 0.059375
2 0.51796875 0.8859375 0.0640625 0.059375
2 0.66953125 0.940625 0.0640625 0.059375
2 0.45859375 0.6671875 0.0640625 0.059375
2 0.63828125 0.1234375 0.0640625 0.059375
2 0.6734375 0.0953125 0.0625 0.059375
4 0.8140625 0.09765625 0.053125 0.0484375
2 0.77421875 0.09765625 0.0609375 0.0546875
4 0.77734375 0.175 0.0640625 0.059375
2 0.8640625 0.08671875 0.053125 0.0484375
2 0.9578125 0.04375 0.05625 0.04375
2 0.70703125 0.0890625 0.0640625 0.05625
2 0.62421875 0.9515625 0.0640625 0.059375
2 0.48515625 0.98671875 0.0640625 0.0265625
0 0.57578125 0.75625 0.0640625 0.059375
0 0.49453125 0.5140625 0.0640625 0.059375
2 0.59765625 0.33125 0.0640625 0.059375
2 0.76015625 0.159375 0.0640625 0.059375
2 0.85390625 0.1640625 0.0640625 0.059375
4 0.61015625 0.159375 0.0640625 0.059375
2 0.75234375 0.2390625 0.0640625 0.059375
2 0.92734375 0.071875 0.0546875 0.053125
2 0.6546875 0.96796875 0.0625 0.0609375
2 0.67890625 0.9953125 0.0640625 0.009375
2 0.57421875 0.9375 0.0640625 0.059375
2 0.72890625 0.128125 0.0640625 0.059375
0 0.9234375 0.56640625 0.05 0.0453125
2 0.59453125 0.98984375 0.0640625 0.0203125
0 0.6875 0.384375 0.065625 0.059375
2 0.67578125 0.31796875 0.0640625 0.0609375
0 0.78671875 0.23828125 0.0640625 0.0609375
0 0.54453125 0.765625 0.0640625 0.059375