2 0.97578125 0.2734375 0.0484375 0.059375
4 0.73828125 0.103125 0.0640625 0.059375
2 0.69296875 0.2328125 0.0640625 0.059375
2 0.95703125 0.2921875 0.0640625 0.059375
2 0.99375 0.240625 0.0125 0.059375
2 0.9703125 0.08828125 0.059375 0.0578125
4 0.971875 0.14453125 0.05625 0.0578125
2 0.82109375 0.0734375 0.0640625 0.059375
2 0.61328125 0.021875 0.0640625 0.04375
2 0.74765625 0.146875 0.0640625 0.059375
2 0.71015625 0.2 0.0640625 0.059375
4 0.64453125 0.2734375 0.0640625 0.059375
4 0.63828125 0.253125 0.0640625 0.059375
2 0.57734375 0.203125 0.0640625 0.059375
2 0.55078125 0.1734375 0.0640625 0.059375
2 0.56015625 0.1390625 0.0640625 0.059375
4 0.67734375 0.1375 0.0640625 0.059375
0 0.94765625 0.7484375 0.0640625 0.059375
4 0.94765625 0.01875 0.0640625 0.0375
2 0.63515625 0.040625 0.0640625 0.059375
2 0.98828125 0.1515625 0.0234375 0.059375
2 0.978125 0.053125 0.04375 0.059375
4 0.98828125 0.1765625 0.0234375 0.059375
4 0.9859375 0.19453125 0.028125 0.0546875
2 0.9890625 0.2828125 0.021875 0.059375
2 0.98359375 0.2484375 0.0328125 0.059375
2 0.975 0.23828125 0.05 0.0578125
4 0.91953125 0.1640625 0.0640625 0.059375
2 0.9734375 0.009375 0.053125 0.01875
2 0.97421875 0.021875 0.0515625 0.04375
2 0.98984375 0.0609375 0.0203125 0.059375
2 0.93359375 0.0171875 0.0671875 0.034375
2 0.96328125 0.00625 0.0640625 0.0125
4 0.91015625 0.0109375 0.0640625 0.021875
2 0.88359375 0.0375 0.0640625 0.059375
0 0.61953125 0.0984375 0.0640625 0.059375
2 0.99140625 0.0421875 0.0171875 0.059375
2 0.81484375 0.0359375 0.0640625 0.059375
2 0.79453125 0.065625 0.0640625 0.059375
2 0.76171875 0.0390625 0.0640625 0.059375
2 0.86953125 0.059375 0.0640625 0.059375
2 0.61953125 0.7484375 0.0640625 0.059375
2 0.97265625 0.903125 0.0546875 0.059375
2 0.93359375 0.8578125 0.0640625 0.059375
2 0.8515625 0.9171875 0.059375 0.053125
2 0.82421875 0.8046875 0.0640625 0.059375
2 0.76484375 0.834375 0.0640625 0.059375
2 0.84921875 0.75625 0.0640625 0.059375
4 0.79921875 0.7453125 0.0640625 0.059375
2 0.76796875 0.7828125 0.0640625 0.059375
2 0.66484375 0.7859375 0.0640625 0.059375
2 0.64609375 0.7859375 0.0640625 0.059375
4 0.59140625 0.8109375 0.0640625 0.059375
4 0.86640625 0.7453125 0.0640625 0.059375
2 0.43359375 0.65 0.0640625 0.059375
2 0.91171875 0.08515625 0.0703125 0.0578125
2 0.58984375 0.6328125 0.0640625 0.059375
2 0.50390625 0.703125 0.0640625 0.059375
2 0.471875 0.1390625 0.0625 0.065625
2 0.88203125 0.128125 0.0640625 0.059375
4 0.83046875 0.1234375 0.0640625 0.059375
2 0.56171875 0.090625 0.0640625 0.059375
2 0.53359375 0.10625 0.0640625 0.059375
2 0.42265625 0.14375 0.0640625 0.059375
2 0.71015625 0.7859375 0.0640625 0.059375
2 0.46953125 0.725 0.0640625 0.059375
2 0.56171875 0.90625 0.0640625 0.059375
4 0.68828125 0.85546875 0.0578125 0.0546875
2 0.77734375 0.871875 0.0640625 0.059375
2 0.37578125 0.6671875 0.0640625 0.059375
2 0.89921875 0.921875 0.0640625 0.059375
4 0.82578125 0.8453125 0.0640625 0.059375
2 0.61796875 0.7734375 0.0640625 0.059375
2 0.53359375 0.759375 0.0640625 0.059375
2 0.40546875 0.3671875 0.0640625 0.059375
4 0.73046875 0.709375 0.0640625 0.059375
2 0.74765625 0.6109375 0.0640625 0.059375
2 0.75546875 0.328125 0.0640625 0.059375
2 0.5390625 0.259375 0.0625 0.059375
2 0.57421875 0.2484375 0.0640625 0.059375
2 0.5828125 0.1625 0.0625 0.059375
2 0.56484375 0.06953125 0.0640625 0.0609375
4 0.56328125 0.021875 0.0640625 0.04375
2 0.53984375 0.015625 0.0640625 0.03125
2 0.69765625 0.01953125 0.0640625 0.0390625
2 0.69765625 0.03125 0.0640625 0.059375
2 0.75234375 0.0640625 0.0640625 0.059375
2 0.84921875 0.02265625 0.0640625 0.0453125
4 0.44765625 0.15 0.0640625 0.059375
4 0.54140625 0.2109375 0.0640625 0.059375
2 0.70078125 0.33125 0.0640625 0.059375
2 0.51640625 0.3578125 0.0640625 0.059375
2 0.34453125 0.4484375 0.0640625 0.059375
2 0.63203125 0.7109375 0.0640625 0.059375
2 0.58359375 0.6953125 0.0640625 0.059375
2 0.58828125 0.659375 0.0640625 0.059375
2 0.54296875 0.6109375 0.0640625 0.059375
2 0.53203125 0.63671875 0.0640625 0.0578125
2 0.68515625 0.8203125 0.0640625 0.059375
4 0.74296875 0.85625 0.0640625 0.059375
4 0.73671875 0.825 0.0640625 0.059375
2 0.44765625 0.828125 0.0640625 0.059375
2 0.71015625 0.3984375 0.0640625 0.059375
2 0.88203125 0.16875 0.0640625 0.059375
2 0.87890625 0.1921875 0.0640625 0.059375
2 0.71796875 0.1328125 0.0640625 0.059375
2 0.76484375 0.09375 0.0640625 0.059375
2 0.94140625 0.04765625 0.0640625 0.0578125
2 0.9859375 0.01953125 0.028125 0.0390625
2 0.91796875 0.19375 0.0640625 0.059375
2 0.96328125 0.2125 0.0640625 0.059375
2 0.70859375 0.1828125 0.0640625 0.059375
2 0.97578125 0.784375 0.0484375 0.059375
0 0.86484375 0.9265625 0.0640625 0.059375
2 0.82578125 0.925 0.0640625 0.059375
2 0.64921875 0.928125 0.0640625 0.059375
2 0.609375 0.9453125 0.05625 0.034375
4 0.66171875 0.96796875 0.0578125 0.0546875
4 0.58671875 0.92109375 0.0578125 0.0546875
2 0.68203125 0.590625 0.0640625 0.059375
2 0.45078125 0.6546875 0.0640625 0.059375
2 0.67265625 0.3359375 0.0640625 0.059375
2 0.48828125 0.3 0.0640625 0.059375
2 0.45078125 0.2921875 0.0640625 0.059375
2 0.38984375 0.1890625 0.0640625 0.059375
2 0.45859375 0.2359375 0.0640625 0.059375
2 0.61484375 0.2015625 0.0640625 0.059375
2 0.66484375 0.18125 0.0640625 0.059375
2 0.4859375 0.1578125 0.0625 0.059375
2 0.45390625 0.11875 0.0640625 0.059375
2 0.36796875 0.1296875 0.0640625 0.059375
2 0.61015625 0.1453125 0.0640625 0.059375
2 0.60546875 0.11875 0.0640625 0.059375
2 0.73671875 0.009375 0.0640625 0.01875
2 0.85078125 0.8578125 0.0640625 0.059375
2 0.90703125 0.9265625 0.0640625 0.059375
2 0.91796875 0.071875 0.0640625 0.059375
2 0.38984375 0.2796875 0.0640625 0.059375
2 0.9890625 0.1078125 0.021875 0.059375
2 0.6609375 0.01875 0.0625 0.0375
2 0.42109375 0.196875 0.0640625 0.059375
2 0.73984375 0.7796875 0.0640625 0.059375
2 0.92578125 0.640625 0.0640625 0.059375
2 0.59140625 0.55625 0.0640625 0.059375
2 0.43828125 0.5828125 0.0640625 0.059375
2 0.37421875 0.6109375 0.0640625 0.059375
2 0.47265625 0.6078125 0.0640625 0.059375
2 0.48671875 0.590625 0.0640625 0.059375
2 0.51796875 0.55 0.0640625 0.059375
2 0.66953125 0.6046875 0.0640625 0.059375
2 0.45859375 0.33125 0.0640625 0.059375
2 0.62421875 0.615625 0.0640625 0.059375
2 0.48515625 0.6671875 0.0640625 0.059375
0 0.57578125 0.4203125 0.0640625 0.059375
0 0.49453125 0.178125 0.0640625 0.059375
2 0.59765625 0.0125 0.0640625 0.025
2 0.6546875 0.63203125 0.0625 0.0609375
2 0.67890625 0.684375 0.0640625 0.059375
2 0.57421875 0.6015625 0.0640625 0.059375
0 0.9234375 0.23046875 0.05 0.0453125
2 0.59453125 0.6734375 0.0640625 0.059375
0 0.6875 0.0484375 0.065625 0.059375
2 0.67578125 0.00625 0.0640625 0.0125
0 0.54453125 0.4296875 0.0640625 0.059375