2 0.10703125 0.7140625 0.0640625 0.059375
2 0.0140625 0.7015625 0.028125 0.059375
2 0.06328125 0.6734375 0.0640625 0.059375
4 0.07109375 0.5109375 0.0640625 0.059375
4 0.05390625 0.63828125 0.0578125 0.0546875
2 0.08828125 0.6546875 0.0640625 0.059375
2 0.08359375 0.7328125 0.0640625 0.059375
2 0.05703125 0.609375 0.0640625 0.059375
4 0.32890625 0.459375 0.0640625 0.059375
2 0.03515625 0.4890625 0.0640625 0.059375
2 0.03515625 0.5171875 0.0640625 0.059375
4 0.22421875 0.8078125 0.0640625 0.059375
2 0.12734375 0.7765625 0.0640625 0.059375
2 0.19765625 0.7640625 0.0640625 0.059375
2 0.30078125 0.775 0.0640625 0.059375
2 0.11171875 0.76875 0.0640625 0.059375
2 0.12265625 0.7421875 0.0640625 0.059375
4 0.07890625 0.7671875 0.0640625 0.059375
2 0.10703125 0.6890625 0.0640625 0.059375
4 0.12578125 0.7078125 0.0640625 0.059375
2 0.16171875 0.6671875 0.0640625 0.059375
2 0.27265625 0.6796875 0.0640625 0.059375
2 0.21484375 0.771875 0.0640625 0.059375
2 0.19609375 0.79140625 0.0640625 0.0578125
2 0.22890625 0.75625 0.0640625 0.059375
2 0.03671875 0.8109375 0.0640625 0.059375
2 0.03359375 0.7921875 0.0640625 0.059375
2 0.05390625 0.753125 0.0640625 0.059375
2 0.04296875 0.8625 0.0640625 0.059375
2 0.15390625 0.8484375 0.0640625 0.059375
4 0.13984375 0.83828125 0.0640625 0.0578125
2 0.08359375 0.8546875 0.0640625 0.059375
2 0.16015625 0.89375 0.0640625 0.059375
2 0.0140625 0.8890625 0.028125 0.059375
0 0.0078125 0.8890625 0.015625 0.059375
2 0.03984375 0.915625 0.0640625 0.059375
2 0.02578125 0.925 0.0515625 0.059375
2 0.0125 0.9578125 0.025 0.059375
2 0.0125 0.9890625 0.025 0.021875
2 0.17265625 0.9546875 0.0640625 0.059375
0 0.15546875 0.9296875 0.0609375 0.05625
4 0.20390625 0.9484375 0.0640625 0.059375
2 0.12421875 0.9390625 0.0640625 0.059375
2 0.11015625 0.98359375 0.0640625 0.0328125
0 0.02734375 0.99140625 0.0546875 0.0171875
2 0.42109375 0.99140625 0.0640625 0.0171875
2 0.28984375 0.99453125 0.0640625 0.0109375
2 0.16796875 0.9875 0.0640625 0.025
2 0.19140625 0.9859375 0.0640625 0.028125
4 0.23515625 0.9765625 0.0640625 0.046875
2 0.21953125 0.959375 0.0640625 0.059375
4 0.25390625 0.8453125 0.0640625 0.059375
2 0.45078125 0.9640625 0.0640625 0.059375
2 0.375 0.9109375 0.0625 0.059375
2 0.21484375 0.90703125 0.0671875 0.0609375
2 0.22890625 0.96953125 0.0578125 0.0578125
4 0.24765625 0.94375 0.0640625 0.059375
2 0.19375 0.9625 0.059375 0.05625
2 0.17421875 0.8515625 0.0640625 0.059375
4 0.23671875 0.8859375 0.0640625 0.059375
4 0.17421875 0.91875 0.0640625 0.059375
4 0.31015625 0.853125 0.0640625 0.059375
4 0.25546875 0.8609375 0.0640625 0.059375
2 0.23203125 0.8375 0.0640625 0.059375
2 0.28984375 0.940625 0.0640625 0.059375
2 0.20703125 0.746875 0.0640625 0.059375
2 0.18359375 0.6875 0.0640625 0.059375
2 0.18828125 0.703125 0.0640625 0.059375
4 0.34765625 0.8828125 0.0640625 0.059375
4 0.31640625 0.6953125 0.0671875 0.0625
2 0.08515625 0.60625 0.0640625 0.059375
2 0.24921875 0.7421875 0.0640625 0.059375
4 0.2640625 0.76796875 0.065625 0.0609375
2 0.24609375 0.7796875 0.0640625 0.059375
4 0.36953125 0.6328125 0.0640625 0.059375
4 0.31015625 0.6390625 0.0640625 0.059375
4 0.31328125 0.6671875 0.0640625 0.05625
2 0.33046875 0.6390625 0.0640625 0.059375
2 0.3 0.603125 0.065625 0.059375
2 0.22109375 0.6265625 0.0640625 0.059375
2 0.40390625 0.4890625 0.0640625 0.059375
2 0.20546875 0.6265625 0.0640625 0.059375
2 0.26015625 0.4984375 0.0640625 0.059375
2 0.11796875 0.653125 0.0640625 0.059375
2 0.11640625 0.6234375 0.0640625 0.059375
2 0.11796875 0.6 0.0640625 0.059375
2 0.071875 0.6296875 0.065625 0.059375
2 0.17734375 0.6671875 0.0640625 0.059375
4 0.19609375 0.60625 0.0640625 0.059375
2 0.05625 0.53515625 0.0625 0.0578125
2 0.22421875 0.571875 0.0640625 0.059375
4 0.35234375 0.48671875 0.0640625 0.0578125
2 0.06640625 0.559375 0.0640625 0.059375
2 0.10078125 0.5796875 0.0640625 0.059375
2 0.28046875 0.5375 0.0640625 0.059375
2 0.190625 0.44765625 0.0625 0.0578125
2 0.2421875 0.53046875 0.065625 0.0578125
2 0.21484375 0.5390625 0.0640625 0.059375
2 0.26484375 0.54375 0.0640625 0.059375
2 0.29609375 0.578125 0.0640625 0.059375
2 0.30546875 0.48515625 0.0640625 0.0609375
2 0.21015625 0.45 0.0640625 0.059375
2 0.19609375 0.490625 0.0640625 0.059375
2 0.22890625 0.515625 0.0640625 0.059375
2 0.13359375 0.478125 0.0640625 0.059375
2 0.13046875 0.4515625 0.0640625 0.059375
4 0.09140625 0.4921875 0.0640625 0.059375
4 0.07890625 0.4546875 0.0640625 0.059375
2 0.17421875 0.4125 0.0640625 0.059375
2 0.15234375 0.40625 0.0640625 0.059375
2 0.02265625 0.4421875 0.0453125 0.059375
2 0.11328125 0.44453125 0.0640625 0.0609375
2 0.09453125 0.4359375 0.0671875 0.065625
2 0.07109375 0.4265625 0.0640625 0.059375
4 0.0625 0.4765625 0.06875 0.059375
2 0.02578125 0.0515625 0.0515625 0.059375
4 0.01640625 0.49375 0.0328125 0.059375
2 0.0296875 0.4484375 0.059375 0.059375
2 0.0125 0.4296875 0.025 0.059375
4 0.02890625 0.390625 0.0578125 0.059375
2 0.06875 0.446875 0.0625 0.059375
2 0.103125 0.41796875 0.065625 0.0609375
2 0.10390625 0.384375 0.0640625 0.059375
4 0.08046875 0.3640625 0.0640625 0.059375
4 0.05078125 0.3421875 0.0640625 0.059375
2 0.05703125 0.36875 0.0640625 0.059375
4 0.028125 0.35703125 0.05625 0.0546875
2 0.0140625 0.11796875 0.028125 0.0578125
4 0.0125 0.3203125 0.025 0.059375
4 0.0140625 0.3515625 0.028125 0.059375
4 0.009375 0.3015625 0.01875 0.059375
4 0.02890625 0.30234375 0.0578125 0.0609375
4 0.02890625 0.32109375 0.0578125 0.0609375
4 0.01875 0.2734375 0.0375 0.059375
2 0.0296875 0.22890625 0.059375 0.0578125
4 0.02265625 0.253125 0.0453125 0.0625
2 0.06015625 0.1953125 0.0640625 0.059375
4 0.021875 0.215625 0.04375 0.059375
4 0.03515625 0.18125 0.0640625 0.059375
2 0.02265625 0.21640625 0.0453125 0.0609375
2 0.01953125 0.1984375 0.0390625 0.059375
4 0.00859375 0.18046875 0.0171875 0.0609375
2 0.02578125 0.128125 0.0515625 0.059375
4 0.10546875 0.190625 0.0640625 0.059375
4 0.12265625 0.2171875 0.0640625 0.0625
2 0.15078125 0.2171875 0.0640625 0.059375
4 0.2875 0.3984375 0.0625 0.059375
4 0.04921875 0.2640625 0.0640625 0.059375
2 0.17734375 0.25 0.0640625 0.059375
2 0.09140625 0.228125 0.0640625 0.059375
2 0.1390625 0.23125 0.059375 0.059375
2 0.19765625 0.2703125 0.0640625 0.059375
2 0.18671875 0.2859375 0.0640625 0.059375
2 0.12421875 0.27890625 0.0640625 0.0609375
2 0.10703125 0.2890625 0.0640625 0.059375
2 0.1328125 0.2609375 0.065625 0.059375
4 0.07265625 0.3203125 0.0640625 0.059375
4 0.046875 0.15859375 0.0625 0.0609375
2 0.05859375 0.29375 0.0640625 0.059375
2 0.13046875 0.309375 0.0640625 0.059375
2 0.14765625 0.3078125 0.0640625 0.059375
2 0.18046875 0.2953125 0.0640625 0.059375
2 0.16640625 0.2890625 0.0640625 0.059375
2 0.19921875 0.3203125 0.0671875 0.0625
2 0.096875 0.34765625 0.0625 0.0609375
2 0.15078125 0.3453125 0.0640625 0.059375
2 0.13203125 0.3421875 0.0640625 0.059375
2 0.15390625 0.3640625 0.0640625 0.059375
2 0.11484375 0.38125 0.0640625 0.059375
4 0.234375 0.36328125 0.0625 0.0578125
2 0.20234375 0.34375 0.0640625 0.059375
2 0.21953125 0.3984375 0.0640625 0.059375
2 0.165625 0.3828125 0.0625 0.059375
4 0.21875 0.43203125 0.0625 0.0609375
2 0.24296875 0.5125 0.0640625 0.059375
2 0.25390625 0.5484375 0.0640625 0.059375
4 0.33671875 0.7109375 0.0640625 0.059375
2 0.35546875 0.79375 0.0640625 0.059375
2 0.28984375 0.8828125 0.0640625 0.059375
4 0.01484375 0.8234375 0.0296875 0.059375
2 0.48203125 0.6078125 0.0640625 0.059375
4 0.02421875 0.62265625 0.0484375 0.0578125
2 0.16328125 0.69921875 0.0640625 0.0578125
2 0.10234375 0.88828125 0.0640625 0.0609375
2 0.41484375 0.97265625 0.0640625 0.0546875
2 0.00859375 0.2171875 0.0171875 0.059375
2 0.02578125 0.15 0.0515625 0.059375
2 0.1578125 0.2 0.0625 0.059375
2 0.21953125 0.325 0.0640625 0.059375
2 0.31328125 0.3265625 0.0640625 0.059375
2 0.25390625 0.3453125 0.0640625 0.059375
2 0.29140625 0.334375 0.0640625 0.059375
2 0.24921875 0.39609375 0.0640625 0.0609375
4 0.2640625 0.41328125 0.065625 0.0609375
2 0.23359375 0.46015625 0.0703125 0.0578125
4 0.26875 0.43671875 0.065625 0.0609375
4 0.29765625 0.45546875 0.0640625 0.0578125
2 0.32734375 0.4875 0.0640625 0.059375
4 0.40546875 0.5171875 0.0640625 0.059375
2 0.22734375 0.4765625 0.0640625 0.059375
2 0.36953125 0.51640625 0.0640625 0.0578125
2 0.41328125 0.5828125 0.0640625 0.059375
2 0.38984375 0.6453125 0.0640625 0.059375
2 0.38984375 0.67890625 0.0640625 0.0578125
2 0.38046875 0.6703125 0.0640625 0.059375
4 0.35859375 0.7125 0.0640625 0.059375
2 0.28203125 0.7171875 0.0640625 0.059375
2 0.40078125 0.75 0.0640625 0.059375
2 0.30078125 0.7375 0.0640625 0.059375
2 0.36953125 0.7359375 0.0640625 0.059375
2 0.3734375 0.7609375 0.0625 0.059375
2 0.27265625 0.74375 0.0640625 0.059375
2 0.2421875 0.65390625 0.0625 0.0578125
2 0.26171875 0.8203125 0.0640625 0.059375
4 0.31640625 0.8734375 0.0640625 0.059375
2 0.36796875 0.86875 0.0640625 0.059375
4 0.27421875 0.9625 0.0640625 0.059375
4 0.009375 0.6125 0.01875 0.059375
2 0.0140625 0.1390625 0.028125 0.059375
2 0.515625 0.634375 0.0625 0.059375
2 0.14296875 0.51328125 0.0609375 0.0578125
2 0.08671875 0.559375 0.0640625 0.059375
2 0.14453125 0.5609375 0.0640625 0.059375
2 0.10546875 0.81875 0.0640625 0.059375
2 0.39609375 0.9203125 0.0640625 0.059375
2 0.40859375 0.946875 0.0640625 0.059375
2 0.32421875 0.7953125 0.0640625 0.059375
2 0.10234375 0.5359375 0.0640625 0.059375
2 0.015625 0.2765625 0.03125 0.059375
2 0.009375 0.0890625 0.01875 0.059375
2 0.45546875 0.61875 0.0640625 0.059375
2 0.23984375 0.990625 0.0640625 0.01875
2 0.40859375 0.99375 0.0640625 0.0125
2 0.265625 0.45859375 0.0625 0.0609375
2 0.16328125 0.55234375 0.0609375 0.0578125
2 0.16953125 0.48984375 0.0609375 0.0578125
2 0.1515625 0.2515625 0.0625 0.059375
2 0.16953125 0.225 0.0640625 0.059375
4 0.10234375 0.16875 0.0640625 0.059375
2 0.14140625 0.1640625 0.0640625 0.059375
2 0.33828125 0.5 0.0640625 0.059375
2 0.32109375 0.5234375 0.0640625 0.059375
2 0.37109375 0.553125 0.0640625 0.059375
2 0.33515625 0.5703125 0.0640625 0.059375
2 0.41015625 0.8203125 0.0640625 0.059375
4 0.34296875 0.8078125 0.0640625 0.059375
2 0.34140625 0.946875 0.0640625 0.059375
2 0.44765625 0.8296875 0.0640625 0.059375
2 0.00390625 0.196875 0.0078125 0.059375
2 0.0265625 0.89375 0.053125 0.059375
0 0.15703125 0.99453125 0.0640625 0.0109375
2 0.11015625 0.996875 0.0640625 0.00625
2 0.30234375 0.365625 0.0640625 0.059375
2 0.37109375 0.984375 0.0640625 0.03125
2 0.07109375 0.98828125 0.0640625 0.0234375
2 0.015625 0.078125 0.03125 0.059375
2 0.36953125 0.4640625 0.0640625 0.059375
2 0.33828125 0.4421875 0.0640625 0.059375
2 0.28671875 0.3828125 0.0640625 0.059375
2 0.02109375 0.10234375 0.0421875 0.0609375
2 0.3640625 0.96875 0.0625 0.059375
0 0.32265625 0.91875 0.0640625 0.059375
4 0.33359375 0.9078125 0.0640625 0.059375
2 0.42578125 0.84375 0.0640625 0.059375
2 0.31484375 0.7796875 0.0640625 0.059375
4 0.43984375 0.7265625 0.0640625 0.059375
2 0.31484375 0.55625 0.0640625 0.059375
2 0.42890625 0.7421875 0.0640625 0.059375
2 0.38203125 0.7296875 0.0640625 0.059375
4 0.37734375 0.7125 0.0640625 0.059375
2 0.41015625 0.6984375 0.0640625 0.059375
2 0.50390625 0.7546875 0.0640625 0.059375
2 0.35078125 0.6140625 0.0640625 0.059375
2 0.38515625 0.625 0.0640625 0.059375
2 0.32890625 0.3484375 0.0640625 0.059375
2 0.21640625 0.2875 0.0640625 0.059375
4 0.25234375 0.328125 0.0640625 0.059375
2 0.16015625 0.165625 0.0640625 0.059375
2 0.23203125 0.2609375 0.0640625 0.059375
2 0.26953125 0.296875 0.0640625 0.059375
2 0.15234375 0.259375 0.0640625 0.059375
2 0.19140625 0.21875 0.0640625 0.059375
2 0.06484375 0.225 0.0640625 0.059375
2 0.33828125 0.5375 0.0640625 0.059375
2 0.0171875 0.05078125 0.034375 0.0484375
2 0.1984375 0.2421875 0.0625 0.059375
2 0.40234375 0.6703125 0.0640625 0.059375
2 0.18671875 0.153125 0.0640625 0.059375
2 0.12734375 0.0578125 0.0640625 0.059375
2 0.31171875 0.165625 0.0640625 0.059375
2 0.30390625 0.2609375 0.0640625 0.059375
2 0.06171875 0.1109375 0.0640625 0.059375
2 0.15546875 0.1421875 0.0640625 0.059375
2 0.06015625 0.0765625 0.0640625 0.059375
2 0.03984375 0.0953125 0.0546875 0.053125
2 0.134375 0.09296875 0.05625 0.0546875
2 0.03828125 0.0796875 0.0546875 0.053125
2 0.34453125 0.3296875 0.0640625 0.059375
2 0.33515625 0.428125 0.0640625 0.059375
2 0.33046875 0.2734375 0.0640625 0.059375
2 0.39921875 0.6046875 0.0640625 0.059375
2 0.43515625 0.6703125 0.0640625 0.059375
2 0.43203125 0.7015625 0.0640625 0.059375
2 0.421875 0.6 0.05625 0.053125
2 0.10390625 0.1265625 0.0546875 0.053125
2 0.11171875 0.0921875 0.0546875 0.053125
2 0.41796875 0.64765625 0.0640625 0.0578125
2 0.58828125 0.71875 0.0640625 0.059375
2 0.41171875 0.5703125 0.0640625 0.059375
2 0.48828125 0.7 0.0640625 0.059375
2 0.46484375 0.6515625 0.0640625 0.059375
2 0.43671875 0.6265625 0.0640625 0.059375
2 0.25078125 0.15625 0.0640625 0.059375
2 0.38671875 0.3015625 0.0640625 0.059375
2 0.003125 0.05 0.00625 0.053125
2 0.0765625 0.05234375 0.0625 0.0578125
2 0.29453125 0.234375 0.0640625 0.059375
2 0.12265625 0.075 0.0640625 0.059375
2 0.19765625 0.11875 0.0640625 0.059375
2 0.15390625 0.1171875 0.0640625 0.059375
2 0.24765625 0.178125 0.0640625 0.059375
2 0.16328125 0.0953125 0.0640625 0.059375
2 0.0421875 0.05 0.059375 0.05625
2 0.1234375 0.040625 0.059375 0.0375
2 0.290625 0.2109375 0.059375 0.05625
2 0.2828125 0.175 0.059375 0.05625
2 0.371875 0.265625 0.059375 0.05625
4 0.53515625 0.746875 0.0640625 0.059375
2 0.26484375 0.13125 0.0609375 0.05625
2 0.23125 0.1421875 0.059375 0.05625
2 0.1625 0.05234375 0.05625 0.0515625
0 0.4328125 0.875 0.059375 0.05625
0 0.4328125 0.54453125 0.059375 0.0546875
0 0.3875 0.78515625 0.059375 0.0546875
0 0.54375 0.61015625 0.059375 0.0546875
2 0.31171875 0.203125 0.0640625 0.059375
2 0.43671875 0.40859375 0.0546875 0.0515625
2 0.34140625 0.2140625 0.0640625 0.059375
0 0.51328125 0.9859375 0.0609375 0.028125