2 0.08359375 0.609375 0.0640625 0.059375
2 0.34140625 0.4265625 0.0640625 0.059375
2 0.21015625 0.709375 0.0640625 0.059375
2 0.21171875 0.746875 0.0640625 0.059375
4 0.2 0.76875 0.0625 0.059375
2 0.58203125 0.7140625 0.0640625 0.059375
2 0.05703125 0.628125 0.0640625 0.059375
2 0.11953125 0.5765625 0.0640625 0.059375
2 0.14609375 0.5453125 0.0640625 0.059375
4 0.28203125 0.621875 0.0640625 0.059375
2 0.47109375 0.7015625 0.0640625 0.059375
2 0.53828125 0.6734375 0.0640625 0.059375
4 0.54609375 0.5109375 0.0640625 0.059375
4 0.52890625 0.63828125 0.0578125 0.0546875
2 0.56328125 0.6546875 0.0640625 0.059375
2 0.55859375 0.7328125 0.0640625 0.059375
2 0.53203125 0.609375 0.0640625 0.059375
4 0.80390625 0.459375 0.0640625 0.059375
2 0.51015625 0.4890625 0.0640625 0.059375
2 0.51015625 0.5171875 0.0640625 0.059375
2 0.0203125 0.25859375 0.040625 0.0609375
0 0.24140625 0.38359375 0.0640625 0.0578125
2 0.07265625 0.42421875 0.0640625 0.0578125
2 0.10390625 0.2921875 0.0640625 0.059375
2 0.1359375 0.28203125 0.0625 0.0609375
2 0.13046875 0.2984375 0.0671875 0.059375
4 0.209375 0.2421875 0.0625 0.059375
4 0.07578125 0.48046875 0.0640625 0.0578125
2 0.24453125 0.04140625 0.0640625 0.0390625
2 0.0125 0.2921875 0.025 0.059375
2 0.12109375 0.03671875 0.0640625 0.0296875
4 0.69921875 0.8078125 0.0640625 0.059375
2 0.60234375 0.7765625 0.0640625 0.059375
2 0.67265625 0.7640625 0.0640625 0.059375
2 0.77578125 0.775 0.0640625 0.059375
2 0.58671875 0.76875 0.0640625 0.059375
2 0.59765625 0.7421875 0.0640625 0.059375
4 0.55390625 0.7671875 0.0640625 0.059375
2 0.58203125 0.6890625 0.0640625 0.059375
4 0.60078125 0.7078125 0.0640625 0.059375
2 0.63671875 0.6671875 0.0640625 0.059375
2 0.74765625 0.6796875 0.0640625 0.059375
2 0.68984375 0.771875 0.0640625 0.059375
2 0.67109375 0.79140625 0.0640625 0.0578125
2 0.28828125 0.515625 0.0640625 0.059375
2 0.70390625 0.75625 0.0640625 0.059375
2 0.43671875 0.8078125 0.0640625 0.059375
2 0.51171875 0.8109375 0.0640625 0.059375
2 0.50859375 0.7921875 0.0640625 0.059375
2 0.52890625 0.753125 0.0640625 0.059375
2 0.2078125 0.8640625 0.065625 0.059375
2 0.51796875 0.8625 0.0640625 0.059375
2 0.62890625 0.8484375 0.0640625 0.059375
4 0.61484375 0.83828125 0.0640625 0.0578125
2 0.55859375 0.8546875 0.0640625 0.059375
2 0.63515625 0.89375 0.0640625 0.059375
2 0.471875 0.8890625 0.0625 0.059375
0 0.45859375 0.8890625 0.0640625 0.059375
2 0.51484375 0.915625 0.0640625 0.059375
2 0.49453125 0.925 0.0640625 0.059375
2 0.46796875 0.9578125 0.0640625 0.059375
2 0.44453125 0.9328125 0.0640625 0.059375
0 0.40390625 0.9484375 0.0640625 0.059375
2 0.38671875 0.97109375 0.0640625 0.0578125
2 0.46796875 0.9890625 0.0640625 0.021875
2 0.64765625 0.9546875 0.0640625 0.059375
0 0.63046875 0.9296875 0.0609375 0.05625
4 0.67890625 0.9484375 0.0640625 0.059375
2 0.59921875 0.9390625 0.0640625 0.059375
2 0.58515625 0.98359375 0.0640625 0.0328125
2 0.33359375 0.99375 0.0640625 0.0125
4 0.34921875 0.9921875 0.0640625 0.015625
0 0.49765625 0.99140625 0.0640625 0.0171875
2 0.89609375 0.99140625 0.0640625 0.0171875
2 0.76484375 0.99453125 0.0640625 0.0109375
2 0.64296875 0.9875 0.0640625 0.025
2 0.66640625 0.9859375 0.0640625 0.028125
4 0.71015625 0.9765625 0.0640625 0.046875
2 0.69453125 0.959375 0.0640625 0.059375
4 0.72890625 0.8453125 0.0640625 0.059375
2 0.92578125 0.9640625 0.0640625 0.059375
2 0.85 0.9109375 0.0625 0.059375
2 0.68984375 0.90703125 0.0671875 0.0609375
2 0.70390625 0.96953125 0.0578125 0.0578125
4 0.72265625 0.94375 0.0640625 0.059375
2 0.66875 0.9625 0.059375 0.05625
2 0.64921875 0.8515625 0.0640625 0.059375
4 0.71171875 0.8859375 0.0640625 0.059375
4 0.64921875 0.91875 0.0640625 0.059375
4 0.78515625 0.853125 0.0640625 0.059375
4 0.73046875 0.8609375 0.0640625 0.059375
2 0.70703125 0.8375 0.0640625 0.059375
2 0.76484375 0.940625 0.0640625 0.059375
2 0.68203125 0.746875 0.0640625 0.059375
2 0.65859375 0.6875 0.0640625 0.059375
2 0.66328125 0.703125 0.0640625 0.059375
4 0.82265625 0.8828125 0.0640625 0.059375
4 0.79140625 0.6953125 0.0671875 0.0625
2 0.56015625 0.60625 0.0640625 0.059375
2 0.72421875 0.7421875 0.0640625 0.059375
4 0.7390625 0.76796875 0.065625 0.0609375
2 0.72109375 0.7796875 0.0640625 0.059375
4 0.84453125 0.6328125 0.0640625 0.059375
4 0.78515625 0.6390625 0.0640625 0.059375
4 0.78828125 0.6671875 0.0640625 0.05625
2 0.80546875 0.6390625 0.0640625 0.059375
2 0.775 0.603125 0.065625 0.059375
2 0.69609375 0.6265625 0.0640625 0.059375
2 0.87890625 0.4890625 0.0640625 0.059375
2 0.68046875 0.6265625 0.0640625 0.059375
2 0.73515625 0.4984375 0.0640625 0.059375
2 0.59296875 0.653125 0.0640625 0.059375
2 0.59140625 0.6234375 0.0640625 0.059375
2 0.59296875 0.6 0.0640625 0.059375
2 0.546875 0.6296875 0.065625 0.059375
2 0.65234375 0.6671875 0.0640625 0.059375
4 0.67109375 0.60625 0.0640625 0.059375
2 0.53125 0.53515625 0.0625 0.0578125
2 0.69921875 0.571875 0.0640625 0.059375
4 0.82734375 0.48671875 0.0640625 0.0578125
2 0.54140625 0.559375 0.0640625 0.059375
2 0.57578125 0.5796875 0.0640625 0.059375
2 0.75546875 0.5375 0.0640625 0.059375
2 0.665625 0.44765625 0.0625 0.0578125
2 0.7171875 0.53046875 0.065625 0.0578125
2 0.68984375 0.5390625 0.0640625 0.059375
2 0.73984375 0.54375 0.0640625 0.059375
2 0.77109375 0.578125 0.0640625 0.059375
2 0.78046875 0.48515625 0.0640625 0.0609375
2 0.68515625 0.45 0.0640625 0.059375
2 0.67109375 0.490625 0.0640625 0.059375
2 0.70390625 0.515625 0.0640625 0.059375
2 0.60859375 0.478125 0.0640625 0.059375
2 0.60546875 0.4515625 0.0640625 0.059375
4 0.56640625 0.4921875 0.0640625 0.059375
4 0.55390625 0.4546875 0.0640625 0.059375
2 0.64921875 0.4125 0.0640625 0.059375
2 0.62734375 0.40625 0.0640625 0.059375
2 0.48828125 0.4421875 0.0640625 0.059375
2 0.58828125 0.44453125 0.0640625 0.0609375
2 0.56953125 0.4359375 0.0671875 0.065625
2 0.54609375 0.4265625 0.0640625 0.059375
4 0.5375 0.4765625 0.06875 0.059375
2 0.39609375 0.221875 0.0640625 0.059375
2 0.31328125 0.25625 0.0546875 0.053125
4 0.34453125 0.25859375 0.0546875 0.0453125
4 0.33125 0.26875 0.05625 0.053125
2 0.37109375 0.2578125 0.0546875 0.0625
2 0.43203125 0.24609375 0.0640625 0.0578125
2 0.371875 0.25 0.05625 0.05
4 0.40859375 0.28125 0.0640625 0.059375
4 0.04765625 0.34375 0.0640625 0.059375
2 0.23984375 0.3625 0.0640625 0.059375
2 0.49453125 0.0515625 0.0640625 0.059375
2 0.40625 0.4375 0.0625 0.059375
4 0.39453125 0.4046875 0.0640625 0.059375
2 0.40390625 0.3921875 0.0640625 0.059375
2 0.44296875 0.4265625 0.0640625 0.059375
4 0.40703125 0.48125 0.0640625 0.059375
2 0.3296875 0.68125 0.065625 0.05625
4 0.47578125 0.49375 0.0640625 0.059375
2 0.50234375 0.4484375 0.0640625 0.059375
2 0.46796875 0.4296875 0.0640625 0.059375
2 0.44765625 0.4671875 0.0640625 0.059375
4 0.50078125 0.390625 0.0640625 0.059375
2 0.54375 0.446875 0.0625 0.059375
2 0.578125 0.41796875 0.065625 0.0609375
2 0.57890625 0.384375 0.0640625 0.059375
4 0.55546875 0.3640625 0.0640625 0.059375
4 0.52578125 0.3421875 0.0640625 0.059375
2 0.53203125 0.36875 0.0640625 0.059375
4 0.49921875 0.35703125 0.0640625 0.0546875
2 0.47109375 0.11796875 0.0640625 0.0578125
4 0.46796875 0.3203125 0.0640625 0.059375
4 0.47109375 0.3515625 0.0640625 0.059375
4 0.46171875 0.3015625 0.0640625 0.059375
4 0.5015625 0.30234375 0.0625 0.0609375
4 0.50078125 0.32109375 0.0640625 0.0609375
4 0.48125 0.2734375 0.0625 0.059375
2 0.50234375 0.22890625 0.0640625 0.0578125
4 0.44609375 0.234375 0.0640625 0.059375
4 0.4890625 0.253125 0.0625 0.0625
2 0.53515625 0.1953125 0.0640625 0.059375
4 0.4890625 0.215625 0.059375 0.059375
4 0.51015625 0.18125 0.0640625 0.059375
2 0.48828125 0.21640625 0.0640625 0.0609375
2 0.48203125 0.1984375 0.0640625 0.059375
2 0.42265625 0.22421875 0.0640625 0.0578125
2 0.36953125 0.2046875 0.0640625 0.059375
4 0.359375 0.2453125 0.065625 0.059375
2 0.2734375 0.22734375 0.0625 0.0578125
4 0.29453125 0.16875 0.0640625 0.059375
4 0.29296875 0.2125 0.0640625 0.059375
4 0.25703125 0.2484375 0.0640625 0.059375
4 0.23984375 0.209375 0.0640625 0.059375
2 0.2234375 0.22578125 0.065625 0.0609375
2 0.22578125 0.2671875 0.0640625 0.059375
2 0.27265625 0.309375 0.0640625 0.059375
2 0.18984375 0.28203125 0.0640625 0.0609375
2 0.165625 0.2484375 0.0625 0.059375
2 0.14453125 0.2609375 0.0640625 0.059375
4 0.18515625 0.296875 0.0640625 0.059375
2 0.22578125 0.2984375 0.0640625 0.059375
2 0.15625 0.29375 0.059375 0.059375
2 0.16015625 0.346875 0.0640625 0.059375
4 0.46171875 0.18046875 0.0609375 0.0609375
2 0.49453125 0.128125 0.0640625 0.059375
4 0.58046875 0.190625 0.0640625 0.059375
4 0.59765625 0.2171875 0.0640625 0.0625
2 0.62578125 0.2171875 0.0640625 0.059375
4 0.7625 0.3984375 0.0625 0.059375
4 0.52421875 0.2640625 0.0640625 0.059375
2 0.65234375 0.25 0.0640625 0.059375
2 0.56640625 0.228125 0.0640625 0.059375
2 0.6140625 0.23125 0.059375 0.059375
2 0.67265625 0.2703125 0.0640625 0.059375
2 0.66171875 0.2859375 0.0640625 0.059375
2 0.59921875 0.27890625 0.0640625 0.0609375
2 0.58203125 0.2890625 0.0640625 0.059375
2 0.6078125 0.2609375 0.065625 0.059375
2 0.39609375 0.1375 0.0640625 0.059375
4 0.54765625 0.3203125 0.0640625 0.059375
4 0.521875 0.15859375 0.0625 0.0609375
2 0.53359375 0.29375 0.0640625 0.059375
2 0.60546875 0.309375 0.0640625 0.059375
2 0.62265625 0.3078125 0.0640625 0.059375
2 0.65546875 0.2953125 0.0640625 0.059375
2 0.64140625 0.2890625 0.0640625 0.059375
2 0.67421875 0.3203125 0.0671875 0.0625
2 0.571875 0.34765625 0.0625 0.0609375
2 0.62578125 0.3453125 0.0640625 0.059375
2 0.60703125 0.3421875 0.0640625 0.059375
2 0.62890625 0.3640625 0.0640625 0.059375
2 0.58984375 0.38125 0.0640625 0.059375
4 0.709375 0.36328125 0.0625 0.0578125
2 0.67734375 0.34375 0.0640625 0.059375
2 0.69453125 0.3984375 0.0640625 0.059375
2 0.640625 0.3828125 0.0625 0.059375
4 0.69375 0.43203125 0.0625 0.0609375
2 0.71796875 0.5125 0.0640625 0.059375
2 0.72890625 0.5484375 0.0640625 0.059375
4 0.81171875 0.7109375 0.0640625 0.059375
2 0.83046875 0.79375 0.0640625 0.059375
2 0.76484375 0.8828125 0.0640625 0.059375
4 0.47265625 0.8234375 0.0640625 0.059375
2 0.29453125 0.8671875 0.0640625 0.059375
2 0.16015625 0.803125 0.0640625 0.059375
2 0.44765625 0.503125 0.0640625 0.059375
2 0.415625 0.6109375 0.0625 0.059375
4 0.44921875 0.63125 0.0640625 0.059375
2 0.95703125 0.6078125 0.0640625 0.059375
4 0.490625 0.62265625 0.065625 0.0578125
4 0.44140625 0.6453125 0.0640625 0.059375
2 0.36953125 0.70625 0.0640625 0.059375
4 0.33046875 0.4765625 0.0640625 0.059375
4 0.34453125 0.484375 0.0640625 0.059375
2 0.32578125 0.509375 0.0640625 0.059375
2 0.29921875 0.4875 0.0640625 0.059375
2 0.29921875 0.4984375 0.0640625 0.05625
4 0.24609375 0.5828125 0.0640625 0.059375
2 0.27421875 0.509375 0.0640625 0.059375
2 0.37421875 0.46875 0.0640625 0.059375
2 0.37265625 0.5078125 0.0640625 0.059375
2 0.36171875 0.478125 0.0640625 0.059375
2 0.30078125 0.4484375 0.0640625 0.059375
2 0.27109375 0.4609375 0.0640625 0.059375
2 0.26015625 0.465625 0.0640625 0.059375
2 0.20078125 0.3671875 0.0640625 0.059375
2 0.23515625 0.4 0.0640625 0.059375
2 0.23359375 0.4375 0.0671875 0.0625
4 0.13828125 0.446875 0.0640625 0.059375
2 0.10859375 0.4875 0.0640625 0.059375
2 0.13046875 0.5046875 0.0640625 0.059375
2 0.08828125 0.3890625 0.0640625 0.059375
4 0.10703125 0.5125 0.0609375 0.059375
4 0.1015625 0.53046875 0.059375 0.0546875
2 0.11015625 0.61875 0.0640625 0.059375
2 0.09921875 0.584375 0.0640625 0.059375
2 0.08203125 0.57421875 0.0640625 0.0578125
4 0.02578125 0.5 0.0515625 0.059375
2 0.175 0.33046875 0.065625 0.0578125
2 0.11953125 0.328125 0.0640625 0.059375
2 0.15 0.3203125 0.065625 0.05625
2 0.13125 0.3109375 0.0625 0.059375
2 0.07890625 0.325 0.0640625 0.059375
2 0.07890625 0.3046875 0.0640625 0.059375
2 0.08046875 0.35 0.0640625 0.059375
2 0.1109375 0.396875 0.0625 0.059375
2 0.03359375 0.3390625 0.0671875 0.0625
2 0.06328125 0.31875 0.0640625 0.059375
2 0.03203125 0.2921875 0.0640625 0.059375
4 0.02109375 0.328125 0.0421875 0.059375
2 0.0078125 0.3734375 0.015625 0.059375
2 0.11484375 0.378125 0.0640625 0.059375
2 0.10234375 0.2578125 0.0640625 0.059375
2 0.08203125 0.1921875 0.0640625 0.059375
2 0.00859375 0.2734375 0.0171875 0.059375
2 0.00625 0.22265625 0.0125 0.0546875
2 0.01171875 0.1859375 0.0234375 0.059375
2 0.08359375 0.04140625 0.0640625 0.0390625
2 0.11640625 0.0484375 0.0640625 0.053125
2 0.03359375 0.2359375 0.0640625 0.059375
2 0.04921875 0.21875 0.0640625 0.059375
2 0.0453125 0.3046875 0.065625 0.059375
2 0.02578125 0.21953125 0.0515625 0.0578125
2 0.06796875 0.240625 0.0609375 0.053125
2 0.06171875 0.26484375 0.0640625 0.0578125
2 0.03984375 0.19375 0.0640625 0.059375
2 0.09921875 0.221875 0.0640625 0.059375
2 0.121875 0.2453125 0.059375 0.05625
2 0.19921875 0.225 0.0640625 0.059375
2 0.0453125 0.18359375 0.065625 0.0609375
2 0.15 0.1890625 0.05625 0.053125
2 0.1859375 0.2359375 0.0625 0.059375
2 0.19609375 0.17734375 0.0640625 0.0609375
2 0.22109375 0.178125 0.0640625 0.059375
2 0.24609375 0.178125 0.0640625 0.059375
2 0.27734375 0.13515625 0.0640625 0.0578125
2 0.26328125 0.0640625 0.0640625 0.059375
2 0.20078125 0.17265625 0.0640625 0.0578125
2 0.18046875 0.1296875 0.0640625 0.059375
2 0.17265625 0.1375 0.0640625 0.059375
2 0.17578125 0.1703125 0.0640625 0.059375
2 0.14609375 0.15 0.0640625 0.059375
2 0.13515625 0.1328125 0.0640625 0.059375
2 0.13046875 0.1671875 0.0640625 0.059375
2 0.08515625 0.140625 0.0640625 0.059375
2 0.23984375 0.08125 0.0640625 0.059375
2 0.08828125 0.05625 0.0640625 0.059375
2 0.21796875 0.1109375 0.0640625 0.059375
2 0.0234375 0.42109375 0.046875 0.0578125
2 0.00703125 0.4640625 0.0140625 0.059375
0 0.29140625 0.7765625 0.0640625 0.059375
2 0.24609375 0.5296875 0.0640625 0.059375
2 0.24921875 0.5625 0.0640625 0.059375
2 0.225 0.5296875 0.065625 0.059375
2 0.22578125 0.6609375 0.0640625 0.059375
2 0.24609375 0.58359375 0.0640625 0.0515625
2 0.63828125 0.69921875 0.0640625 0.0578125
2 0.57734375 0.88828125 0.0640625 0.0609375
2 0.0140625 0.1484375 0.028125 0.059375
2 0.11328125 0.103125 0.0640625 0.059375
2 0.06484375 0.0546875 0.0640625 0.059375
2 0.05 0.1234375 0.0625 0.059375
2 0.08984375 0.0453125 0.0578125 0.046875
2 0.18984375 0.1515625 0.0640625 0.059375
2 0.88984375 0.97265625 0.0640625 0.0546875
2 0.20234375 0.096875 0.0640625 0.059375
2 0.18359375 0.0671875 0.0640625 0.059375
2 0.37578125 0.2234375 0.0640625 0.059375
2 0.31953125 0.2046875 0.0640625 0.059375
2 0.30703125 0.1703125 0.0640625 0.059375
2 0.4609375 0.2171875 0.0625 0.059375
2 0.49453125 0.15 0.0640625 0.059375
2 0.41796875 0.0421875 0.0640625 0.040625
2 0.36015625 0.034375 0.0640625 0.025
2 0.41484375 0.0703125 0.0640625 0.059375
2 0.6328125 0.2 0.0625 0.059375
2 0.69453125 0.325 0.0640625 0.059375
2 0.78828125 0.3265625 0.0640625 0.059375
2 0.72890625 0.3453125 0.0640625 0.059375
2 0.76640625 0.334375 0.0640625 0.059375
2 0.72421875 0.39609375 0.0640625 0.0609375
4 0.7390625 0.41328125 0.065625 0.0609375
2 0.70859375 0.46015625 0.0703125 0.0578125
4 0.74375 0.43671875 0.065625 0.0609375
4 0.77265625 0.45546875 0.0640625 0.0578125
2 0.80234375 0.4875 0.0640625 0.059375
4 0.88046875 0.5171875 0.0640625 0.059375
2 0.70234375 0.4765625 0.0640625 0.059375
2 0.84453125 0.51640625 0.0640625 0.0578125
2 0.88828125 0.5828125 0.0640625 0.059375
2 0.86484375 0.6453125 0.0640625 0.059375
2 0.86484375 0.67890625 0.0640625 0.0578125
2 0.85546875 0.6703125 0.0640625 0.059375
4 0.83359375 0.7125 0.0640625 0.059375
2 0.75703125 0.7171875 0.0640625 0.059375
2 0.87578125 0.75 0.0640625 0.059375
2 0.77578125 0.7375 0.0640625 0.059375
2 0.84453125 0.7359375 0.0640625 0.059375
2 0.8484375 0.7609375 0.0625 0.059375
2 0.74765625 0.74375 0.0640625 0.059375
2 0.7171875 0.65390625 0.0625 0.0578125
2 0.73671875 0.8203125 0.0640625 0.059375
4 0.79140625 0.8734375 0.0640625 0.059375
2 0.84296875 0.86875 0.0640625 0.059375
4 0.74921875 0.9625 0.0640625 0.059375
2 0.14921875 0.840625 0.0640625 0.059375
2 0.00703125 0.5046875 0.0140625 0.059375
2 0.00546875 0.528125 0.0109375 0.059375
2 0.04140625 0.38359375 0.0640625 0.0578125
2 0.10390625 0.3453125 0.0640625 0.059375
2 0.025 0.5296875 0.05 0.059375
2 0.06328125 0.5484375 0.0640625 0.059375
2 0.228125 0.56484375 0.065625 0.0609375
0 0.25859375 0.6328125 0.0640625 0.059375
2 0.05078125 0.0609375 0.0640625 0.059375
2 0.10859375 0.0625 0.0640625 0.059375
2 0.08125 0.08671875 0.0625 0.0578125
2 0.27890625 0.1046875 0.0640625 0.059375
2 0.31484375 0.0734375 0.0640625 0.059375
2 0.23359375 0.0703125 0.0640625 0.059375
4 0.44765625 0.4953125 0.0640625 0.059375
2 0.44296875 0.5921875 0.0640625 0.059375
4 0.46171875 0.6125 0.0640625 0.059375
2 0.23203125 0.4890625 0.0640625 0.059375
2 0.13984375 0.1078125 0.0640625 0.059375
4 0.13203125 0.04375 0.0640625 0.059375
2 0.35390625 0.1890625 0.0640625 0.059375
2 0.34609375 0.134375 0.0640625 0.059375
2 0.40546875 0.159375 0.0640625 0.059375
2 0.47109375 0.1390625 0.0640625 0.059375
2 0.9796875 0.634375 0.040625 0.059375
2 0.61796875 0.51328125 0.0609375 0.0578125
2 0.56171875 0.559375 0.0640625 0.059375
2 0.61953125 0.5609375 0.0640625 0.059375
2 0.58046875 0.81875 0.0640625 0.059375
2 0.87109375 0.9203125 0.0640625 0.059375
2 0.88359375 0.946875 0.0640625 0.059375
2 0.79921875 0.7953125 0.0640625 0.059375
2 0.08984375 0.17890625 0.0640625 0.0609375
2 0.16171875 0.4671875 0.0640625 0.059375
2 0.30234375 0.1296875 0.0640625 0.059375
2 0.12109375 0.2203125 0.0640625 0.059375
2 0.025 0.4078125 0.05 0.059375
2 0.20390625 0.4359375 0.0640625 0.059375
2 0.57734375 0.5359375 0.0640625 0.059375
4 0.43046875 0.8484375 0.0640625 0.059375
2 0.47421875 0.2765625 0.0640625 0.059375
2 0.46171875 0.0890625 0.0640625 0.059375
2 0.93046875 0.61875 0.0640625 0.059375
2 0.71484375 0.990625 0.0640625 0.01875
2 0.88359375 0.99375 0.0640625 0.0125
2 0.740625 0.45859375 0.0625 0.0609375
2 0.63828125 0.55234375 0.0609375 0.0578125
2 0.64453125 0.48984375 0.0609375 0.0578125
2 0.6265625 0.2515625 0.0625 0.059375
2 0.64453125 0.225 0.0640625 0.059375
4 0.57734375 0.16875 0.0640625 0.059375
2 0.61640625 0.1640625 0.0640625 0.059375
2 0.81328125 0.5 0.0640625 0.059375
2 0.79609375 0.5234375 0.0640625 0.059375
2 0.84609375 0.553125 0.0640625 0.059375
2 0.81015625 0.5703125 0.0640625 0.059375
2 0.88515625 0.8203125 0.0640625 0.059375
4 0.81796875 0.8078125 0.0640625 0.059375
2 0.81640625 0.946875 0.0640625 0.059375
2 0.92265625 0.8296875 0.0640625 0.059375
2 0.37734375 0.1953125 0.0640625 0.059375
2 0.45078125 0.196875 0.0640625 0.059375
2 0.41328125 0.1484375 0.0640625 0.059375
2 0.49609375 0.89375 0.0640625 0.059375
2 0.26328125 0.884375 0.0640625 0.059375
2 0.11015625 0.44375 0.0640625 0.059375
2 0.28125 0.0453125 0.0625 0.046875
2 0.38671875 0.0515625 0.0640625 0.059375
2 0.30546875 0.0515625 0.0640625 0.059375
4 0.19140625 0.4546875 0.0640625 0.059375
0 0.63203125 0.99453125 0.0640625 0.0109375
2 0.58515625 0.996875 0.0640625 0.00625
2 0.77734375 0.365625 0.0640625 0.059375
2 0.84609375 0.984375 0.0640625 0.03125
0 0.28203125 0.6515625 0.0609375 0.05625
2 0.54609375 0.98828125 0.0640625 0.0234375
2 0.02890625 0.171875 0.0578125 0.059375
2 0.02890625 0.9734375 0.0578125 0.053125
2 0.17109375 0.04453125 0.0640625 0.0453125
2 0.02421875 0.04609375 0.0484375 0.0484375
2 0.12578125 0.534375 0.0640625 0.059375
2 0.47421875 0.078125 0.0640625 0.059375
2 0.84453125 0.4640625 0.0640625 0.059375
2 0.81328125 0.4421875 0.0640625 0.059375
2 0.76171875 0.3828125 0.0640625 0.059375
2 0.39765625 0.0609375 0.0640625 0.059375
2 0.48515625 0.10234375 0.0640625 0.0609375
2 0.8390625 0.96875 0.0625 0.059375
0 0.79765625 0.91875 0.0640625 0.059375
4 0.80859375 0.9078125 0.0640625 0.059375
2 0.90078125 0.84375 0.0640625 0.059375
2 0.78984375 0.7796875 0.0640625 0.059375
4 0.91484375 0.7265625 0.0640625 0.059375
2 0.78984375 0.55625 0.0640625 0.059375
2 0.90390625 0.7421875 0.0640625 0.059375
2 0.85703125 0.7296875 0.0640625 0.059375
4 0.85234375 0.7125 0.0640625 0.059375
2 0.88515625 0.6984375 0.0640625 0.059375
2 0.9734375 0.7546875 0.053125 0.059375
2 0.82578125 0.6140625 0.0640625 0.059375
2 0.86015625 0.625 0.0640625 0.059375
2 0.80390625 0.3484375 0.0640625 0.059375
2 0.69140625 0.2875 0.0640625 0.059375
4 0.72734375 0.328125 0.0640625 0.059375
2 0.63515625 0.165625 0.0640625 0.059375
2 0.70703125 0.2609375 0.0640625 0.059375
2 0.74453125 0.296875 0.0640625 0.059375
2 0.62734375 0.259375 0.0640625 0.059375
2 0.66640625 0.21875 0.0640625 0.059375
2 0.53984375 0.225 0.0640625 0.059375
4 0.378125 0.0453125 0.053125 0.0625
2 0.81328125 0.5375 0.0640625 0.059375
2 0.4828125 0.05078125 0.053125 0.0484375
2 0.4171875 0.08515625 0.053125 0.0484375
2 0.14609375 0.42578125 0.0578125 0.0546875
2 0.6734375 0.2421875 0.0625 0.059375
2 0.87734375 0.6703125 0.0640625 0.059375
2 0.0578125 0.04375 0.05625 0.04375
2 0.22734375 0.97421875 0.0640625 0.0515625
2 0.66171875 0.153125 0.0640625 0.059375
2 0.60234375 0.0578125 0.0640625 0.059375
2 0.78671875 0.165625 0.0640625 0.059375
2 0.77890625 0.2609375 0.0640625 0.059375
2 0.53671875 0.1109375 0.0640625 0.059375
2 0.63046875 0.1421875 0.0640625 0.059375
2 0.53515625 0.0765625 0.0640625 0.059375
2 0.42734375 0.109375 0.0546875 0.053125
2 0.51484375 0.0953125 0.0546875 0.053125
2 0.609375 0.09296875 0.05625 0.0546875
2 0.02734375 0.071875 0.0546875 0.053125
2 0.39609375 0.125 0.0546875 0.053125
2 0.51328125 0.0796875 0.0546875 0.053125
2 0.81953125 0.3296875 0.0640625 0.059375
2 0.81015625 0.428125 0.0640625 0.059375
2 0.80546875 0.2734375 0.0640625 0.059375
2 0.87421875 0.6046875 0.0640625 0.059375
2 0.91015625 0.6703125 0.0640625 0.059375
2 0.90703125 0.7015625 0.0640625 0.059375
2 0.896875 0.6 0.05625 0.053125
2 0.57890625 0.1265625 0.0546875 0.053125
2 0.58671875 0.0921875 0.0546875 0.053125
2 0.89296875 0.64765625 0.0640625 0.0578125
2 0.88671875 0.5703125 0.0640625 0.059375
2 0.96328125 0.7 0.0640625 0.059375
2 0.93984375 0.6515625 0.0640625 0.059375
2 0.91171875 0.6265625 0.0640625 0.059375
2 0.72578125 0.15625 0.0640625 0.059375
2 0.86171875 0.3015625 0.0640625 0.059375
2 0.45390625 0.05 0.0546875 0.053125
0 0.02421875 0.56640625 0.0484375 0.0453125
2 0.5515625 0.05234375 0.0625 0.0578125
2 0.76953125 0.234375 0.0640625 0.059375
2 0.59765625 0.075 0.0640625 0.059375
2 0.67265625 0.11875 0.0640625 0.059375
2 0.62890625 0.1171875 0.0640625 0.059375
2 0.72265625 0.178125 0.0640625 0.059375
2 0.63828125 0.0953125 0.0640625 0.059375
2 0.5171875 0.05 0.059375 0.05625
2 0.5984375 0.040625 0.059375 0.0375
2 0.765625 0.2109375 0.059375 0.05625
2 0.7578125 0.175 0.059375 0.05625
2 0.846875 0.265625 0.059375 0.05625
4 0.9890625 0.746875 0.021875 0.059375
2 0.73984375 0.13125 0.0609375 0.05625
2 0.70625 0.1421875 0.059375 0.05625
2 0.6375 0.05234375 0.05625 0.0515625
0 0.9078125 0.875 0.059375 0.05625
0 0.9078125 0.54453125 0.059375 0.0546875
0 0.8625 0.78515625 0.059375 0.0546875
0 0.99453125 0.61015625 0.0109375 0.0546875
2 0.78671875 0.203125 0.0640625 0.059375
2 0.91171875 0.40859375 0.0546875 0.0515625
2 0.81640625 0.2140625 0.0640625 0.059375
0 0.97890625 0.9859375 0.0421875 0.028125