2 0.08359375 0.2734375 0.0640625 0.059375
2 0.34140625 0.090625 0.0640625 0.059375
2 0.21015625 0.3734375 0.0640625 0.059375
2 0.21171875 0.4109375 0.0640625 0.059375
4 0.2 0.4328125 0.0625 0.059375
2 0.58203125 0.378125 0.0640625 0.059375
2 0.05703125 0.2921875 0.0640625 0.059375
2 0.11953125 0.240625 0.0640625 0.059375
2 0.14609375 0.209375 0.0640625 0.059375
4 0.28203125 0.2859375 0.0640625 0.059375
2 0.47109375 0.365625 0.0640625 0.059375
2 0.53828125 0.3375 0.0640625 0.059375
4 0.54609375 0.175 0.0640625 0.059375
4 0.52890625 0.30234375 0.0578125 0.0546875
2 0.56328125 0.31875 0.0640625 0.059375
2 0.55859375 0.396875 0.0640625 0.059375
2 0.53203125 0.2734375 0.0640625 0.059375
4 0.80390625 0.1234375 0.0640625 0.059375
2 0.51015625 0.153125 0.0640625 0.059375
2 0.51015625 0.18125 0.0640625 0.059375
0 0.24140625 0.04765625 0.0640625 0.0578125
2 0.07265625 0.08828125 0.0640625 0.0578125
4 0.07578125 0.14453125 0.0640625 0.0578125
4 0.69921875 0.471875 0.0640625 0.059375
2 0.60234375 0.440625 0.0640625 0.059375
2 0.67265625 0.428125 0.0640625 0.059375
2 0.77578125 0.4390625 0.0640625 0.059375
2 0.58671875 0.4328125 0.0640625 0.059375
2 0.59765625 0.40625 0.0640625 0.059375
4 0.55390625 0.43125 0.0640625 0.059375
2 0.58203125 0.353125 0.0640625 0.059375
4 0.60078125 0.371875 0.0640625 0.059375
2 0.63671875 0.33125 0.0640625 0.059375
2 0.74765625 0.34375 0.0640625 0.059375
2 0.68984375 0.4359375 0.0640625 0.059375
2 0.67109375 0.45546875 0.0640625 0.0578125
2 0.28828125 0.1796875 0.0640625 0.059375
2 0.70390625 0.4203125 0.0640625 0.059375
2 0.43671875 0.471875 0.0640625 0.059375
2 0.51171875 0.475 0.0640625 0.059375
2 0.50859375 0.45625 0.0640625 0.059375
2 0.52890625 0.4171875 0.0640625 0.059375
2 0.2078125 0.528125 0.065625 0.059375
2 0.51796875 0.5265625 0.0640625 0.059375
2 0.62890625 0.5125 0.0640625 0.059375
4 0.61484375 0.50234375 0.0640625 0.0578125
2 0.55859375 0.51875 0.0640625 0.059375
2 0.63515625 0.5578125 0.0640625 0.059375
2 0.471875 0.553125 0.0625 0.059375
0 0.45859375 0.553125 0.0640625 0.059375
2 0.51484375 0.5796875 0.0640625 0.059375
2 0.49453125 0.5890625 0.0640625 0.059375
2 0.46796875 0.621875 0.0640625 0.059375
2 0.44453125 0.596875 0.0640625 0.059375
0 0.40390625 0.6125 0.0640625 0.059375
2 0.38671875 0.6359375 0.0640625 0.059375
2 0.46796875 0.671875 0.0640625 0.059375
2 0.18515625 0.715625 0.0640625 0.059375
2 0.64765625 0.61875 0.0640625 0.059375
0 0.63046875 0.59375 0.0609375 0.05625
4 0.67890625 0.6125 0.0640625 0.059375
2 0.59921875 0.603125 0.0640625 0.059375
2 0.58515625 0.6609375 0.0640625 0.059375
2 0.94140625 0.7890625 0.0640625 0.059375
2 0.61484375 0.7421875 0.0640625 0.059375
2 0.33359375 0.68125 0.0640625 0.059375
4 0.34921875 0.678125 0.0640625 0.059375
0 0.49765625 0.6765625 0.0640625 0.059375
2 0.51015625 0.7421875 0.0640625 0.059375
0 0.04765625 0.7484375 0.0640625 0.059375
2 0.54140625 0.6890625 0.0640625 0.059375
2 0.56484375 0.71796875 0.0640625 0.0578125
2 0.56640625 0.76875 0.0640625 0.059375
4 0.68359375 0.796875 0.0640625 0.059375
4 0.67421875 0.8125 0.0609375 0.059375
2 0.66640625 0.80625 0.0640625 0.059375
2 0.63046875 0.81171875 0.0671875 0.0578125
4 0.59765625 0.83125 0.0640625 0.059375
2 0.57109375 0.853125 0.0640625 0.059375
2 0.55234375 0.875 0.0640625 0.059375
2 0.53203125 0.8578125 0.0640625 0.059375
2 0.89609375 0.6765625 0.0640625 0.059375
2 0.45390625 0.915625 0.0640625 0.059375
2 0.51953125 0.9296875 0.0640625 0.05
2 0.81796875 0.7296875 0.0640625 0.059375
2 0.87734375 0.8078125 0.0640625 0.059375
4 0.71328125 0.7546875 0.0640625 0.059375
4 0.72109375 0.8046875 0.0640625 0.059375
2 0.75546875 0.784375 0.0640625 0.059375
2 0.8 0.7453125 0.0625 0.059375
2 0.84140625 0.7703125 0.0640625 0.059375
2 0.76484375 0.6828125 0.0640625 0.059375
2 0.65546875 0.7046875 0.0640625 0.059375
2 0.74765625 0.7359375 0.0640625 0.059375
2 0.69765625 0.6984375 0.0640625 0.059375
2 0.64296875 0.66875 0.0640625 0.059375
2 0.66640625 0.665625 0.0640625 0.059375
4 0.71015625 0.646875 0.0640625 0.059375
2 0.73359375 0.6984375 0.0640625 0.059375
2 0.69453125 0.6234375 0.0640625 0.059375
4 0.72890625 0.509375 0.0640625 0.059375
2 0.92578125 0.628125 0.0640625 0.059375
2 0.85 0.575 0.0625 0.059375
2 0.68984375 0.57109375 0.0671875 0.0609375
2 0.70390625 0.63359375 0.0578125 0.0578125
4 0.72265625 0.6078125 0.0640625 0.059375
2 0.66875 0.6265625 0.059375 0.05625
2 0.64921875 0.515625 0.0640625 0.059375
4 0.71171875 0.55 0.0640625 0.059375
4 0.64921875 0.5828125 0.0640625 0.059375
4 0.78515625 0.5171875 0.0640625 0.059375
4 0.73046875 0.525 0.0640625 0.059375
2 0.70703125 0.5015625 0.0640625 0.059375
2 0.76484375 0.6046875 0.0640625 0.059375
2 0.68203125 0.4109375 0.0640625 0.059375
2 0.65859375 0.3515625 0.0640625 0.059375
2 0.66328125 0.3671875 0.0640625 0.059375
4 0.82265625 0.546875 0.0640625 0.059375
4 0.79140625 0.359375 0.0671875 0.0625
2 0.56015625 0.2703125 0.0640625 0.059375
2 0.72421875 0.40625 0.0640625 0.059375
4 0.7390625 0.43203125 0.065625 0.0609375
2 0.72109375 0.44375 0.0640625 0.059375
4 0.84453125 0.296875 0.0640625 0.059375
4 0.78515625 0.303125 0.0640625 0.059375
4 0.78828125 0.33125 0.0640625 0.05625
2 0.80546875 0.303125 0.0640625 0.059375
2 0.775 0.2671875 0.065625 0.059375
2 0.69609375 0.290625 0.0640625 0.059375
2 0.87890625 0.153125 0.0640625 0.059375
2 0.68046875 0.290625 0.0640625 0.059375
2 0.73515625 0.1625 0.0640625 0.059375
2 0.59296875 0.3171875 0.0640625 0.059375
2 0.59140625 0.2875 0.0640625 0.059375
2 0.59296875 0.2640625 0.0640625 0.059375
2 0.546875 0.29375 0.065625 0.059375
2 0.65234375 0.33125 0.0640625 0.059375
4 0.67109375 0.2703125 0.0640625 0.059375
2 0.53125 0.19921875 0.0625 0.0578125
2 0.69921875 0.2359375 0.0640625 0.059375
4 0.82734375 0.15078125 0.0640625 0.0578125
2 0.54140625 0.2234375 0.0640625 0.059375
2 0.57578125 0.24375 0.0640625 0.059375
2 0.75546875 0.2015625 0.0640625 0.059375
2 0.665625 0.11171875 0.0625 0.0578125
2 0.7171875 0.19453125 0.065625 0.0578125
2 0.68984375 0.203125 0.0640625 0.059375
2 0.73984375 0.2078125 0.0640625 0.059375
2 0.77109375 0.2421875 0.0640625 0.059375
2 0.78046875 0.14921875 0.0640625 0.0609375
2 0.68515625 0.1140625 0.0640625 0.059375
2 0.67109375 0.1546875 0.0640625 0.059375
2 0.70390625 0.1796875 0.0640625 0.059375
2 0.60859375 0.1421875 0.0640625 0.059375
2 0.60546875 0.115625 0.0640625 0.059375
4 0.56640625 0.15625 0.0640625 0.059375
4 0.55390625 0.11875 0.0640625 0.059375
2 0.64921875 0.0765625 0.0640625 0.059375
2 0.62734375 0.0703125 0.0640625 0.059375
2 0.48828125 0.10625 0.0640625 0.059375
2 0.58828125 0.10859375 0.0640625 0.0609375
2 0.56953125 0.1 0.0671875 0.065625
2 0.54609375 0.090625 0.0640625 0.059375
4 0.5375 0.140625 0.06875 0.059375
4 0.04765625 0.01875 0.0640625 0.0375
2 0.23984375 0.028125 0.0640625 0.05625
2 0.40625 0.1015625 0.0625 0.059375
4 0.39453125 0.06875 0.0640625 0.059375
2 0.40390625 0.05625 0.0640625 0.059375
2 0.44296875 0.090625 0.0640625 0.059375
4 0.40703125 0.1453125 0.0640625 0.059375
2 0.3296875 0.3453125 0.065625 0.05625
4 0.47578125 0.1578125 0.0640625 0.059375
2 0.50234375 0.1125 0.0640625 0.059375
2 0.46796875 0.09375 0.0640625 0.059375
2 0.44765625 0.13125 0.0640625 0.059375
4 0.50078125 0.0546875 0.0640625 0.059375
2 0.54375 0.1109375 0.0625 0.059375
2 0.578125 0.08203125 0.065625 0.0609375
2 0.57890625 0.0484375 0.0640625 0.059375
4 0.55546875 0.02890625 0.0640625 0.0578125
4 0.52578125 0.01796875 0.0640625 0.0359375
2 0.53203125 0.0328125 0.0640625 0.059375
4 0.49921875 0.02421875 0.0640625 0.0484375
4 0.46796875 0.00703125 0.0640625 0.0140625
4 0.47109375 0.02265625 0.0640625 0.0453125
4 0.50078125 0.0078125 0.0640625 0.015625
2 0.16015625 0.0203125 0.0640625 0.040625
4 0.7625 0.0625 0.0625 0.059375
4 0.54765625 0.00703125 0.0640625 0.0140625
2 0.67421875 0.0078125 0.0671875 0.015625
2 0.571875 0.02109375 0.0625 0.0421875
2 0.62578125 0.01953125 0.0640625 0.0390625
2 0.60703125 0.01796875 0.0640625 0.0359375
2 0.62890625 0.02890625 0.0640625 0.0578125
2 0.58984375 0.0453125 0.0640625 0.059375
4 0.709375 0.028125 0.0625 0.05625
2 0.67734375 0.01875 0.0640625 0.0375
2 0.69453125 0.0625 0.0640625 0.059375
2 0.640625 0.046875 0.0625 0.059375
4 0.69375 0.09609375 0.0625 0.0609375
2 0.71796875 0.1765625 0.0640625 0.059375
2 0.72890625 0.2125 0.0640625 0.059375
4 0.81171875 0.375 0.0640625 0.059375
2 0.83046875 0.4578125 0.0640625 0.059375
2 0.76484375 0.546875 0.0640625 0.059375
2 0.69765625 0.875 0.0640625 0.059375
2 0.63671875 0.8875 0.0640625 0.059375
2 0.59453125 0.928125 0.0640625 0.059375
4 0.58203125 0.9703125 0.0640625 0.059375
2 0.54453125 0.9328125 0.0671875 0.046875
2 0.56484375 0.8140625 0.0640625 0.059375
2 0.471875 0.8875 0.0625 0.059375
2 0.4421875 0.86640625 0.065625 0.0546875
0 0.45390625 0.8703125 0.0640625 0.059375
2 0.46015625 0.8109375 0.0640625 0.059375
2 0.30234375 0.7109375 0.0640625 0.059375
2 0.27421875 0.734375 0.0640625 0.059375
4 0.47265625 0.4875 0.0640625 0.059375
2 0.29453125 0.53125 0.0640625 0.059375
2 0.16015625 0.4671875 0.0640625 0.059375
2 0.44765625 0.1671875 0.0640625 0.059375
2 0.415625 0.275 0.0625 0.059375
4 0.44921875 0.2953125 0.0640625 0.059375
2 0.95703125 0.271875 0.0640625 0.059375
4 0.490625 0.28671875 0.065625 0.0578125
4 0.44140625 0.309375 0.0640625 0.059375
2 0.36953125 0.3703125 0.0640625 0.059375
4 0.33046875 0.140625 0.0640625 0.059375
4 0.34453125 0.1484375 0.0640625 0.059375
2 0.32578125 0.1734375 0.0640625 0.059375
2 0.29921875 0.1515625 0.0640625 0.059375
2 0.29921875 0.1625 0.0640625 0.05625
4 0.24609375 0.246875 0.0640625 0.059375
2 0.27421875 0.1734375 0.0640625 0.059375
2 0.37421875 0.1328125 0.0640625 0.059375
2 0.37265625 0.171875 0.0640625 0.059375
2 0.36171875 0.1421875 0.0640625 0.059375
2 0.30078125 0.1125 0.0640625 0.059375
2 0.27109375 0.125 0.0640625 0.059375
2 0.26015625 0.1296875 0.0640625 0.059375
2 0.20078125 0.03125 0.0640625 0.059375
2 0.23515625 0.0640625 0.0640625 0.059375
2 0.23359375 0.1015625 0.0671875 0.0625
4 0.13828125 0.1109375 0.0640625 0.059375
2 0.10859375 0.1515625 0.0640625 0.059375
2 0.13046875 0.16875 0.0640625 0.059375
2 0.08828125 0.053125 0.0640625 0.059375
4 0.10703125 0.1765625 0.0609375 0.059375
4 0.1015625 0.19453125 0.059375 0.0546875
2 0.11015625 0.2828125 0.0640625 0.059375
2 0.09921875 0.2484375 0.0640625 0.059375
2 0.08203125 0.23828125 0.0640625 0.0578125
4 0.02578125 0.1640625 0.0515625 0.059375
2 0.175 0.01171875 0.065625 0.0234375
2 0.11953125 0.0109375 0.0640625 0.021875
2 0.15 0.00625 0.065625 0.0125
2 0.07890625 0.009375 0.0640625 0.01875
2 0.08046875 0.021875 0.0640625 0.04375
2 0.1109375 0.0609375 0.0625 0.059375
2 0.03359375 0.0171875 0.0671875 0.034375
2 0.06328125 0.00625 0.0640625 0.0125
4 0.02109375 0.0109375 0.0421875 0.021875
2 0.0078125 0.0375 0.015625 0.059375
2 0.11484375 0.0421875 0.0640625 0.059375
4 0.37734375 0.7484375 0.0640625 0.059375
2 0.07734375 0.903125 0.0640625 0.059375
4 0.13671875 0.8328125 0.0640625 0.059375
2 0.29609375 0.8359375 0.0640625 0.059375
2 0.03359375 0.8578125 0.0640625 0.059375
2 0.0234375 0.08515625 0.046875 0.0578125
2 0.00703125 0.128125 0.0140625 0.059375
0 0.29140625 0.440625 0.0640625 0.059375
2 0.13671875 0.7484375 0.0640625 0.059375
2 0.015625 0.921875 0.03125 0.059375
0 0.52890625 0.93125 0.0578125 0.046875
2 0.24609375 0.19375 0.0640625 0.059375
2 0.24921875 0.2265625 0.0640625 0.059375
2 0.225 0.19375 0.065625 0.059375
2 0.22578125 0.325 0.0640625 0.059375
2 0.24609375 0.24765625 0.0640625 0.0515625
2 0.63828125 0.36328125 0.0640625 0.0578125
2 0.57734375 0.55234375 0.0640625 0.0609375
2 0.88984375 0.6390625 0.0640625 0.059375
2 0.69453125 0.009375 0.0640625 0.01875
2 0.78828125 0.01015625 0.0640625 0.0203125
2 0.72890625 0.01953125 0.0640625 0.0390625
2 0.76640625 0.0140625 0.0640625 0.028125
2 0.72421875 0.06015625 0.0640625 0.0609375
4 0.7390625 0.07734375 0.065625 0.0609375
2 0.70859375 0.12421875 0.0703125 0.0578125
4 0.74375 0.10078125 0.065625 0.0609375
4 0.77265625 0.11953125 0.0640625 0.0578125
2 0.80234375 0.1515625 0.0640625 0.059375
4 0.88046875 0.18125 0.0640625 0.059375
2 0.70234375 0.140625 0.0640625 0.059375
2 0.84453125 0.18046875 0.0640625 0.0578125
2 0.88828125 0.246875 0.0640625 0.059375
2 0.86484375 0.309375 0.0640625 0.059375
2 0.86484375 0.34296875 0.0640625 0.0578125
2 0.85546875 0.334375 0.0640625 0.059375
4 0.83359375 0.3765625 0.0640625 0.059375
2 0.75703125 0.38125 0.0640625 0.059375
2 0.87578125 0.4140625 0.0640625 0.059375
2 0.77578125 0.4015625 0.0640625 0.059375
2 0.84453125 0.4 0.0640625 0.059375
2 0.8484375 0.425 0.0625 0.059375
2 0.74765625 0.4078125 0.0640625 0.059375
2 0.7171875 0.31796875 0.0625 0.0578125
2 0.73671875 0.484375 0.0640625 0.059375
4 0.79140625 0.5375 0.0640625 0.059375
2 0.84296875 0.5328125 0.0640625 0.059375
4 0.74921875 0.6265625 0.0640625 0.059375
2 0.14921875 0.5046875 0.0640625 0.059375
2 0.00703125 0.16875 0.0140625 0.059375
2 0.00546875 0.1921875 0.0109375 0.059375
2 0.04140625 0.04765625 0.0640625 0.0578125
2 0.10390625 0.01953125 0.0640625 0.0390625
2 0.025 0.19375 0.05 0.059375
2 0.06328125 0.2125 0.0640625 0.059375
2 0.228125 0.22890625 0.065625 0.0609375
0 0.25859375 0.296875 0.0640625 0.059375
4 0.44765625 0.159375 0.0640625 0.059375
2 0.08359375 0.784375 0.0640625 0.059375
0 0.45546875 0.925 0.0640625 0.059375
2 0.15546875 0.8109375 0.0640625 0.059375
2 0.36796875 0.8578125 0.0640625 0.059375
2 0.45859375 0.9265625 0.0640625 0.059375
2 0.44296875 0.25625 0.0640625 0.059375
4 0.46171875 0.2765625 0.0640625 0.059375
2 0.23203125 0.153125 0.0640625 0.059375
2 0.9796875 0.2984375 0.040625 0.059375
2 0.61796875 0.17734375 0.0609375 0.0578125
2 0.56171875 0.2234375 0.0640625 0.059375
2 0.61953125 0.225 0.0640625 0.059375
4 0.59140625 0.7484375 0.0640625 0.059375
2 0.58046875 0.4828125 0.0640625 0.059375
2 0.87109375 0.584375 0.0640625 0.059375
2 0.56640625 0.940625 0.0609375 0.03125
0 0.44921875 0.925 0.0640625 0.059375
2 0.62734375 0.934375 0.0640625 0.0375
2 0.81328125 0.8734375 0.0640625 0.059375
2 0.64765625 0.9078125 0.0640625 0.059375
2 0.65625 0.92890625 0.0625 0.0515625
2 0.82265625 0.9265625 0.0640625 0.059375
2 0.78046875 0.7984375 0.0640625 0.059375
2 0.88359375 0.6109375 0.0640625 0.059375
2 0.79921875 0.459375 0.0640625 0.059375
2 0.01953125 0.9265625 0.0390625 0.059375
2 0.23671875 0.740625 0.0640625 0.059375
2 0.16171875 0.13125 0.0640625 0.059375
2 0.025 0.071875 0.05 0.059375
2 0.20390625 0.1 0.0640625 0.059375
2 0.57734375 0.2 0.0640625 0.059375
4 0.43046875 0.5125 0.0640625 0.059375
2 0.93046875 0.2828125 0.0640625 0.059375
2 0.71484375 0.675 0.0640625 0.059375
2 0.88359375 0.68125 0.0640625 0.059375
2 0.740625 0.12265625 0.0625 0.0609375
2 0.63828125 0.21640625 0.0609375 0.0578125
2 0.64453125 0.15390625 0.0609375 0.0578125
2 0.81328125 0.1640625 0.0640625 0.059375
2 0.79609375 0.1875 0.0640625 0.059375
2 0.84609375 0.2171875 0.0640625 0.059375
2 0.81015625 0.234375 0.0640625 0.059375
2 0.88515625 0.484375 0.0640625 0.059375
4 0.81796875 0.471875 0.0640625 0.059375
2 0.81640625 0.6109375 0.0640625 0.059375
2 0.92265625 0.49375 0.0640625 0.059375
2 0.49609375 0.5578125 0.0640625 0.059375
2 0.26328125 0.5484375 0.0640625 0.059375
2 0.11015625 0.1078125 0.0640625 0.059375
4 0.19140625 0.11875 0.0640625 0.059375
0 0.48203125 0.8 0.0640625 0.059375
2 0.48046875 0.8375 0.0640625 0.059375
2 0.6703125 0.840625 0.065625 0.0625
2 0.64921875 0.85 0.0640625 0.059375
0 0.63203125 0.6828125 0.0640625 0.059375
2 0.58515625 0.6875 0.0640625 0.059375
2 0.77734375 0.0296875 0.0640625 0.059375
2 0.84609375 0.6625 0.0640625 0.059375
4 0.73984375 0.7625 0.0640625 0.059375
2 0.91484375 0.85 0.0640625 0.059375
0 0.28203125 0.315625 0.0609375 0.05625
2 0.54609375 0.6703125 0.0640625 0.059375
2 0.02890625 0.640625 0.0578125 0.059375
2 0.12578125 0.1984375 0.0640625 0.059375
0 0.49453125 0.6921875 0.0578125 0.053125
2 0.84453125 0.128125 0.0640625 0.059375
2 0.81328125 0.10625 0.0640625 0.059375
2 0.76171875 0.046875 0.0640625 0.059375
2 0.73515625 0.92578125 0.0640625 0.0578125
2 0.79296875 0.89375 0.0640625 0.059375
4 0.72890625 0.85 0.0640625 0.059375
2 0.8390625 0.6328125 0.0625 0.059375
0 0.79765625 0.5828125 0.0640625 0.059375
4 0.80859375 0.571875 0.0640625 0.059375
2 0.90078125 0.5078125 0.0640625 0.059375
2 0.78984375 0.44375 0.0640625 0.059375
4 0.91484375 0.390625 0.0640625 0.059375
2 0.78984375 0.2203125 0.0640625 0.059375
2 0.90390625 0.40625 0.0640625 0.059375
2 0.85703125 0.39375 0.0640625 0.059375
4 0.85234375 0.3765625 0.0640625 0.059375
2 0.88515625 0.3625 0.0640625 0.059375
2 0.9734375 0.41875 0.053125 0.059375
2 0.82578125 0.278125 0.0640625 0.059375
2 0.86015625 0.2890625 0.0640625 0.059375
2 0.80390625 0.02109375 0.0640625 0.0421875
4 0.72734375 0.0109375 0.0640625 0.021875
2 0.81328125 0.2015625 0.0640625 0.059375
2 0.79921875 0.85625 0.0640625 0.059375
2 0.14609375 0.08984375 0.0578125 0.0546875
2 0.87734375 0.334375 0.0640625 0.059375
2 0.22734375 0.6421875 0.0640625 0.059375
0 0.19140625 0.8609375 0.0640625 0.059375
2 0.19765625 0.878125 0.0640625 0.059375
2 0.81953125 0.01171875 0.0640625 0.0234375
2 0.81015625 0.0921875 0.0640625 0.059375
2 0.87421875 0.26875 0.0640625 0.059375
2 0.91015625 0.334375 0.0640625 0.059375
2 0.90703125 0.365625 0.0640625 0.059375
2 0.93828125 0.728125 0.0640625 0.059375
2 0.95078125 0.81875 0.0640625 0.059375
2 0.896875 0.2640625 0.05625 0.053125
2 0.25859375 0.94765625 0.0578125 0.0546875
2 0.66796875 0.9453125 0.0609375 0.021875
2 0.89296875 0.31171875 0.0640625 0.0578125
2 0.88671875 0.234375 0.0640625 0.059375
2 0.96328125 0.3640625 0.0640625 0.059375
2 0.93984375 0.315625 0.0640625 0.059375
2 0.91171875 0.290625 0.0640625 0.059375
0 0.52265625 0.92421875 0.0640625 0.0609375
0 0.02421875 0.23046875 0.0484375 0.0453125
0 0.32734375 0.9265625 0.0640625 0.059375
4 0.9890625 0.4109375 0.021875 0.059375
0 0.9078125 0.5390625 0.059375 0.05625
0 0.9078125 0.20859375 0.059375 0.0546875
0 0.8625 0.44921875 0.059375 0.0546875
0 0.99453125 0.27421875 0.0109375 0.0546875
2 0.91171875 0.07265625 0.0546875 0.0515625
0 0.97890625 0.6609375 0.0421875 0.05